650 975
209 390
209 10
209 436
390 529
390 328
179 627
179 24
179 583
627 526
627 119
160 348
160 604
160 472
348 181
348 525
15 30
15 177
15 37
30 166
30 326
80 248
80 58
80 93
248 195
248 475
338 382
338 399
338 284
382 111
382 113
318 324
318 528
318 564
324 357
324 387
188 196
188 127
188 439
196 194
196 492
211 588
211 157
211 406
588 21
588 6
403 511
403 43
403 119
511 153
511 591
159 398
159 541
159 470
398 449
398 217
604 450
604 613
215 549
215 258
215 388
549 328
549 649
323 411
323 174
323 147
411 249
411 433
12 397
12 7
12 194
397 190
397 136
47 327
47 515
47 417
327 407
327 19
325 439
325 633
325 493
439 368
85 201
85 501
85 14
201 623
201 267
134 341
134 17
134 300
341 205
341 11
42 505
42 644
42 453
505 24
505 203
227 541
227 247
227 306
541 527
302 455
302 533
302 241
455 278
455 563
127 463
127 364
463 357
463 137
22 181
22 474
22 577
181 259
83 286
83 74
83 581
286 162
286 423
208 546
208 386
208 605
546 567
546 371
465 589
465 369
465 58
589 564
589 473
118 643
118 432
118 492
643 311
643 339
214 351
214 364
214 479
351 95
351 409
88 639
88 503
88 92
639 346
639 480
174 544
174 427
544 369
544 421
197 289
197 362
197 385
289 445
289 5
355 583
355 562
355 527
583 18
198 352
198 291
198 56
352 65
352 219
238 336
238 518
238 572
336 31
336 246
431 474
431 49
431 457
474 94
126 494
126 461
126 462
494 529
494 554
357 320
3 33
3 257
3 217
33 249
33 374
55 461
55 493
55 69
461 239
342 640
342 228
342 260
640 493
640 99
597 610
597 103
597 557
610 522
610 330
7 449
7 622
74 340
74 482
340 393
340 186
383 510
383 337
383 291
510 259
510 303
427 297
427 276
207 613
207 568
207 82
613 229
11 400
11 235
400 410
400 152
451 574
451 376
451 334
574 130
574 513
20 378
20 169
20 175
378 330
378 270
28 53
28 178
28 37
53 45
53 61
319 525
319 313
319 66
525 56
486 504
486 591
486 117
504 534
504 163
122 636
122 113
122 585
636 444
636 128
644 239
644 317
2 171
2 472
2 328
171 615
171 292
287 560
287 637
287 156
560 435
560 532
98 306
98 139
98 298
306 139
392 524
392 82
392 343
524 466
524 385
387 647
387 649
647 358
647 501
106 646
106 305
106 452
646 379
646 345
308 363
308 164
308 273
363 394
363 580
101 540
101 152
101 503
540 158
540 420
527 607
96 620
96 569
96 258
620 414
620 630
131 312
131 603
131 87
312 213
312 492
221 642
221 157
221 210
642 56
642 147
274 468
274 485
274 13
468 169
468 229
157 180
13 195
13 52
195 64
356 430
356 448
356 102
430 43
430 606
220 506
220 50
220 266
506 276
506 558
291 557
557 360
52 284
52 596
284 422
138 235
138 91
138 61
235 317
428 553
428 14
428 393
553 502
553 448
14 175
158 26
158 406
364 305
40 575
40 237
40 115
575 283
575 354
132 649
132 513
132 313
509 645
509 26
509 223
645 365
645 167
257 73
257 34
70 445
70 438
70 608
445 501
29 166
29 443
29 371
166 361
242 310
242 638
242 329
310 631
310 151
139 194
75 389
75 254
75 237
389 594
389 592
103 609
103 496
609 472
609 334
145 624
145 167
145 536
624 110
624 212
623 146
623 177
594 538
594 600
415 457
415 470
415 561
457 301
4 365
4 311
4 250
365 86
162 272
162 424
275 590
275 189
275 95
590 426
590 271
396 471
396 344
396 562
471 64
471 456
54 213
54 16
54 62
213 146
189 419
189 487
419 244
419 475
60 256
60 629
60 206
256 153
256 337
435 641
435 282
93 442
93 361
442 418
442 569
254 161
254 150
268 303
268 333
268 514
303 271
100 347
100 484
100 121
347 44
347 230
48 547
48 246
48 59
547 367
547 490
142 173
142 264
142 362
173 94
173 605
401 433
401 161
401 183
433 519
512 520
512 579
512 34
520 593
520 309
81 86
81 90
81 76
86 360
426 615
426 269
615 602
186 526
186 225
526 616
178 130
178 71
245 423
245 199
245 626
423 446
367 77
367 578
124 551
124 95
124 231
551 576
551 8
534 64
534 236
36 447
36 73
36 373
447 516
447 113
27 618
27 532
27 191
618 17
618 304
91 630
91 333
630 156
420 565
420 82
573 633
573 361
573 109
633 169
543 629
543 49
543 317
629 375
249 413
354 375
354 151
375 57
204 278
204 244
204 601
278 44
152 240
240 320
240 576
155 413
155 125
155 225
413 522
272 16
272 444
438 454
438 559
454 170
454 585
234 566
234 476
234 570
566 436
566 148
205 137
205 335
239 5
495 570
495 190
495 469
570 314
50 326
50 521
26 24
470 607
72 625
72 316
72 120
625 65
625 502
108 417
108 531
108 297
417 614
58 18
464 628
464 614
464 567
628 533
628 184
99 606
99 533
606 184
598 600
598 362
598 191
600 236
185 529
185 172
185 586
270 335
270 499
335 648
496 475
496 429
404 424
404 285
404 288
424 202
485 140
485 316
418 517
418 530
517 497
517 301
446 314
446 104
39 84
39 299
39 488
84 231
84 273
381 440
381 219
381 531
440 210
440 175
523 542
523 77
523 282
542 117
542 369
444 339
0 358
0 51
0 626
358 230
31 410
31 69
545 548
545 67
545 35
548 537
548 395
41 130
41 641
41 459
23 332
23 279
23 432
332 255
332 555
45 518
45 478
518 283
21 399
21 554
399 105
497 380
497 277
395 460
395 260
460 571
460 146
491 595
491 425
491 107
595 521
595 107
243 582
243 434
243 281
582 489
582 612
344 299
344 218
516 577
516 107
283 252
247 500
247 114
513 584
500 450
500 229
294 584
294 394
294 232
584 269
614 622
65 329
393 572
572 550
219 648
648 422
406 199
379 38
379 634
422 626
231 233
172 617
172 281
299 223
469 539
469 409
539 297
539 25
293 304
293 271
293 176
304 599
313 224
521 567
187 579
187 241
187 622
579 246
9 402
9 115
9 68
402 329
402 408
228 34
228 580
193 384
193 359
193 167
384 164
384 350
631 262
631 116
190 305
250 635
250 1
635 62
635 79
110 559
110 515
140 309
140 412
255 269
255 35
537 63
537 331
376 487
376 576
528 46
528 366
301 1
232 586
232 104
586 233
466 261
466 63
453 112
453 63
487 556
556 92
556 377
137 558
165 285
165 498
165 571
285 522
230 253
253 97
253 565
290 456
290 368
290 59
456 176
578 603
578 416
603 117
409 502
32 273
32 141
32 115
163 226
163 508
226 120
226 199
97 481
97 581
345 602
345 133
602 66
320 87
150 265
150 43
265 599
265 168
266 458
266 641
458 346
458 637
386 260
386 585
68 473
68 136
473 200
349 483
349 258
349 429
483 241
483 135
16 182
295 372
295 385
295 412
372 180
372 51
182 315
182 116
315 25
315 488
151 498
498 78
37 587
18 481
481 480
394 263
353 480
353 596
353 223
77 307
307 149
307 212
263 434
263 177
434 111
337 559
51 462
128 57
128 69
591 322
593 114
593 125
61 555
555 425
326 322
10 262
10 252
262 550
373 561
373 563
561 421
17 405
405 489
405 441
202 450
202 448
153 129
87 601
449 530
62 156
109 515
109 596
244 532
114 154
116 621
621 592
621 298
184 536
536 577
251 437
251 371
251 111
437 581
437 149
360 44
425 331
343 538
343 311
538 421
6 507
6 467
507 359
507 210
143 503
143 149
143 476
92 144
322 407
279 391
279 46
391 121
391 259
499 632
499 414
632 66
632 5
129 443
129 412
443 330
605 436
216 218
216 300
216 192
218 370
180 599
410 296
148 339
148 121
261 634
261 252
634 531
296 601
296 580
370 388
370 200
388 267
432 292
637 267
79 608
79 133
608 120
562 135
125 141
558 25
416 467
416 374
467 564
264 611
264 535
314 616
141 225
89 346
89 280
89 459
607 619
619 408
619 236
309 535
535 277
67 611
67 478
611 519
217 102
49 587
368 76
161 280
316 612
94 35
276 477
489 334
292 429
104 105
587 71
459 617
350 638
350 237
638 112
407 519
479 550
479 452
168 508
168 59
508 8
321 616
321 76
321 90
147 568
282 377
377 552
123 222
123 490
123 1
222 552
222 612
78 592
78 135
19 277
19 8
73 206
617 563
90 281
476 176
136 300
565 298
154 452
154 477
46 514
57 331
488 280
462 144
482 183
482 203
530 206
170 288
170 571
288 192
164 112
374 441
441 380
514 38
408 233
191 477
333 203
38 554
133 568
183 569
484 144
484 359
192 552
414 490
380 200
102 366
366 119
212 224
224 71
105 478
