776 1164
213 769
213 345
213 21
769 349
769 267
168 352
168 648
168 133
352 507
352 115
43 101
43 295
43 201
101 572
101 626
234 572
234 275
234 6
572 364
433 543
433 494
433 595
543 542
543 307
590 737
590 701
590 323
737 772
737 567
668 675
668 211
668 331
675 375
675 521
245 483
245 14
245 195
483 196
483 544
191 372
191 287
191 328
372 190
372 138
29 459
29 382
29 228
459 577
459 181
198 240
198 721
198 423
240 163
240 409
739 744
739 690
739 770
744 260
744 645
446 729
446 38
446 11
729 602
729 773
33 420
33 662
33 249
420 392
420 283
149 613
149 474
149 51
613 144
613 355
74 610
74 598
74 547
610 162
610 184
179 474
179 417
179 638
474 422
35 600
35 222
35 710
600 577
600 117
16 367
16 325
16 755
367 510
367 48
148 388
148 512
148 443
388 109
388 408
461 470
461 341
461 90
470 702
470 350
429 676
429 496
429 199
676 460
676 493
184 607
184 438
607 518
607 706
375 714
375 490
714 771
714 290
310 557
310 643
310 401
557 58
557 635
91 528
91 671
91 292
528 509
528 504
355 745
355 482
745 565
745 591
332 752
332 580
332 63
752 691
752 642
237 353
237 536
237 238
353 626
353 262
200 453
200 401
200 650
453 571
453 639
534 707
534 546
534 48
707 499
707 59
8 530
8 370
8 491
530 759
530 241
87 674
87 755
87 64
674 679
674 397
536 649
536 208
649 419
649 115
180 722
180 41
180 291
722 503
722 354
252 463
252 569
252 182
463 738
463 581
222 462
222 519
462 84
462 19
221 494
221 326
221 471
494 212
634 663
634 465
634 743
663 65
663 42
296 506
296 442
296 302
506 312
506 266
172 223
172 552
172 464
223 422
223 203
364 384
364 561
384 280
384 620
514 765
514 192
514 244
765 438
765 716
307 524
307 687
524 132
524 593
157 329
157 22
157 404
329 99
329 498
227 653
227 123
227 127
653 212
653 423
32 743
32 95
32 47
743 338
321 617
321 186
321 110
617 616
617 763
125 642
125 498
125 176
642 425
25 564
25 167
25 292
564 556
564 450
532 651
532 151
532 287
651 724
651 395
17 700
17 13
17 54
700 405
700 274
100 478
100 440
100 174
478 71
478 34
264 720
264 738
264 538
720 114
720 481
132 281
132 173
281 673
281 500
263 612
263 164
263 109
612 727
612 2
206 230
206 718
206 327
230 471
230 412
151 540
151 423
306 555
306 44
306 18
555 484
555 529
738 558
445 750
445 758
445 304
750 529
750 115
412 573
412 4
573 581
573 266
167 397
167 97
397 83
47 740
47 112
740 12
740 65
169 348
169 1
169 46
348 671
348 622
498 205
662 294
662 664
395 520
395 389
520 522
520 260
643 771
643 654
771 641
84 655
84 88
655 387
655 40
2 427
2 5
427 166
427 596
195 324
195 312
324 370
324 23
216 545
216 265
216 120
545 88
545 30
73 487
73 224
73 9
487 704
487 161
248 339
248 761
248 194
339 363
339 334
482 664
482 368
664 456
616 753
616 380
753 389
753 759
422 121
80 373
80 414
80 667
373 402
373 625
363 591
363 193
591 127
333 410
333 403
333 569
410 396
410 46
67 449
67 658
67 103
449 158
449 235
627 628
627 706
627 500
628 197
628 763
567 726
567 659
726 70
726 177
626 359
11 368
11 189
368 81
113 672
113 103
113 585
672 75
672 71
144 650
144 82
650 347
499 110
499 432
356 560
356 416
356 562
560 690
560 632
614 694
614 57
614 312
694 170
694 452
405 382
405 337
602 81
602 548
166 758
166 249
104 214
104 708
104 369
214 320
214 10
69 485
69 142
69 137
485 208
485 689
354 636
354 440
636 283
636 338
671 97
454 583
454 269
454 407
583 272
583 409
509 424
509 360
450 451
450 597
451 577
451 311
117 162
117 477
162 109
75 39
75 623
5 82
5 154
82 755
708 286
708 338
430 491
430 508
430 554
491 299
416 565
416 598
137 238
137 142
238 503
542 657
542 684
42 733
42 476
733 703
733 554
210 469
210 533
210 55
469 303
469 50
365 492
365 340
365 246
492 120
492 231
565 141
208 580
122 734
122 579
122 391
734 145
734 501
431 437
431 654
431 186
437 28
437 231
57 537
57 66
322 378
322 465
322 19
378 640
378 165
158 297
158 160
297 53
297 303
147 260
147 196
147 684
241 313
241 10
313 272
313 178
253 278
253 593
253 139
278 669
278 673
724 197
724 402
418 760
418 13
418 134
760 359
760 199
347 480
347 128
480 647
480 305
27 362
27 371
27 286
362 170
362 225
580 439
88 188
361 387
361 712
361 85
387 736
65 236
236 569
236 83
601 723
601 224
601 504
723 493
723 618
21 575
21 308
575 182
575 574
279 434
279 637
279 687
434 544
434 59
371 386
371 381
24 473
24 398
24 114
473 53
473 630
37 510
37 615
37 335
510 486
288 757
288 309
288 294
757 526
757 53
202 717
202 45
202 273
717 525
717 493
105 574
105 411
105 192
574 477
83 547
140 275
140 118
140 496
275 36
218 258
218 254
218 242
258 630
258 531
345 54
345 308
316 330
316 328
316 64
330 413
330 45
163 762
163 775
762 229
762 656
325 404
325 129
549 550
549 154
549 641
550 764
550 507
594 701
594 44
594 728
701 775
224 190
110 106
52 665
52 10
52 578
665 131
665 380
773 652
773 171
666 735
666 298
666 358
735 145
735 124
380 604
79 548
79 576
79 513
548 741
350 444
350 696
444 256
444 229
153 186
153 488
153 174
39 255
39 709
98 399
98 319
98 531
399 290
399 9
382 603
12 732
12 669
732 586
732 112
558 472
558 692
541 578
541 62
541 251
578 304
458 571
458 621
458 592
571 631
503 568
205 468
205 60
326 698
326 376
106 415
106 293
512 246
512 396
516 768
516 284
516 501
768 713
768 596
131 679
131 128
679 298
58 466
58 566
466 165
466 475
507 54
51 588
51 515
588 695
588 440
15 742
15 522
15 282
742 436
742 300
128 143
143 582
143 554
130 589
130 537
130 479
589 748
589 215
265 207
265 92
317 406
317 551
317 3
406 346
406 396
775 102
476 204
476 441
386 621
386 603
718 566
718 688
152 747
152 448
152 688
747 619
747 251
1 175
1 561
50 736
50 604
736 108
13 63
660 754
660 199
660 631
754 721
754 640
274 409
274 678
114 728
327 687
327 108
145 146
758 14
286 683
683 30
683 615
377 703
377 135
377 497
703 277
34 239
34 471
239 185
239 609
4 49
4 641
49 188
49 289
447 637
447 511
447 640
637 563
7 383
7 527
7 563
383 299
383 3
441 486
441 315
486 289
335 706
335 298
630 250
262 176
262 766
748 390
748 394
710 76
710 766
481 540
481 632
540 598
690 305
63 185
652 393
652 89
246 719
36 400
36 488
257 661
257 268
257 639
661 489
661 414
3 525
525 138
424 670
424 618
511 225
511 138
124 644
124 118
644 527
644 751
197 693
183 303
183 292
183 584
727 629
727 464
538 586
538 678
78 546
78 102
78 176
546 621
156 209
156 0
156 31
209 134
209 160
291 501
291 295
411 392
411 513
381 751
381 40
270 716
270 639
270 127
716 533
401 61
90 767
90 62
767 268
767 107
269 342
269 618
342 314
342 533
311 497
311 426
497 139
211 419
211 6
419 667
334 746
334 328
746 505
746 336
9 559
559 685
559 425
648 756
648 455
756 267
756 597
301 331
301 30
301 235
331 243
699 749
699 680
699 599
749 691
749 171
393 535
393 233
584 619
584 426
619 276
284 126
284 556
658 111
658 488
97 177
139 719
504 376
280 518
280 638
315 741
315 730
741 709
250 28
250 456
704 523
704 150
14 255
255 680
56 508
56 220
56 323
508 698
72 107
72 460
72 319
107 55
432 562
432 408
26 467
26 656
26 561
467 220
467 251
417 677
417 123
489 566
489 570
535 581
535 261
484 684
484 585
20 173
20 715
20 189
173 609
568 394
568 436
309 712
309 182
712 135
299 201
337 774
337 226
774 343
774 66
515 551
515 611
551 391
247 319
247 620
247 633
45 611
611 193
188 669
254 623
254 490
623 442
385 539
385 194
385 635
539 336
539 0
23 452
23 96
452 764
243 455
243 68
455 277
259 320
259 207
259 366
320 160
287 629
629 436
220 242
728 215
400 638
400 731
691 608
141 175
141 308
175 403
174 633
77 181
77 357
77 585
181 96
126 226
126 111
475 725
475 693
725 55
725 490
38 697
38 695
390 448
390 689
336 513
579 374
579 692
76 500
76 517
295 290
472 553
472 428
323 343
196 407
18 229
18 285
376 697
697 692
359 624
552 456
552 547
404 92
112 695
340 713
340 443
249 731
283 116
680 479
667 713
207 256
518 570
96 226
285 587
285 681
587 46
587 360
439 502
439 531
502 682
502 244
358 70
358 770
608 719
608 374
351 398
351 177
351 192
398 468
693 111
165 357
721 495
134 89
64 66
622 730
622 154
730 685
121 219
121 421
219 366
219 374
120 185
22 60
22 68
60 193
544 119
553 217
553 605
465 586
86 517
86 344
86 772
517 31
304 711
759 597
118 681
0 203
203 413
271 428
271 344
271 705
428 705
212 360
615 659
468 772
276 300
276 625
268 645
678 751
654 595
103 709
61 344
61 599
414 190
526 119
526 232
646 682
646 435
646 647
682 464
537 136
448 161
135 460
673 596
442 94
189 495
71 606
235 302
302 48
632 272
605 686
605 563
686 93
686 696
443 624
624 256
731 438
215 633
421 685
421 593
266 133
576 94
576 171
170 408
294 698
659 369
31 656
129 204
129 715
204 426
477 232
62 93
505 711
505 413
711 369
763 457
370 150
94 164
164 40
68 389
635 677
677 705
402 244
273 435
273 689
277 403
123 142
108 620
761 606
761 146
392 267
232 282
282 599
217 657
217 529
657 702
582 289
582 379
161 523
95 681
95 136
233 521
233 228
521 116
44 119
41 99
41 70
6 231
479 293
59 341
341 85
318 592
318 425
318 300
592 625
343 522
150 415
523 764
194 766
603 527
609 407
394 570
201 81
391 688
85 556
457 314
457 93
89 178
178 155
702 715
435 159
366 379
146 349
349 187
228 670
670 261
293 379
357 116
631 562
28 770
136 155
155 187
261 415
133 225
595 696
187 645
495 519
604 102
99 496
242 92
305 159
19 606
314 159
519 346
346 647
