376 564
155 181
155 240
155 272
181 48
181 193
29 203
29 88
29 106
203 267
203 22
160 375
160 312
160 66
375 372
375 295
3 159
3 145
3 95
159 201
159 161
98 149
98 271
98 346
149 142
149 253
27 107
27 208
27 119
107 33
107 310
243 247
243 117
243 267
247 261
247 70
166 311
166 308
166 74
311 150
311 223
179 339
179 12
179 250
339 62
339 19
35 227
35 58
35 72
227 197
227 127
21 329
21 2
21 271
329 20
329 12
62 34
62 257
251 364
251 63
251 77
364 296
364 177
115 354
115 219
115 140
354 256
354 237
222 300
222 335
222 143
300 361
300 275
132 263
132 209
132 298
263 176
263 335
212 292
212 217
212 279
292 112
292 219
141 259
141 189
141 205
259 326
259 50
235 275
235 171
235 185
275 85
219 237
118 126
118 83
118 371
126 260
126 347
256 316
256 93
316 94
316 258
28 80
28 303
28 7
80 373
80 210
116 202
116 365
116 72
202 346
202 313
5 78
5 194
5 374
78 246
78 357
145 97
145 171
120 163
120 170
120 249
163 338
163 252
372 194
372 269
57 134
57 122
57 178
134 55
134 218
92 101
92 180
92 281
101 342
101 350
138 226
138 41
138 192
226 264
226 333
272 315
272 230
315 374
315 349
373 167
373 178
10 58
10 215
10 349
58 24
59 198
59 362
59 65
198 333
198 216
45 281
45 81
45 82
281 147
124 147
124 280
124 53
147 341
68 246
68 152
68 200
246 298
231 282
231 0
231 39
282 371
282 324
9 206
9 125
9 369
206 26
206 192
204 265
204 299
204 229
265 305
265 54
151 271
151 136
151 260
173 295
173 40
173 139
295 172
244 346
244 228
244 56
114 218
114 199
114 76
218 94
109 158
109 60
109 238
158 328
158 291
123 294
123 370
123 39
294 103
294 213
121 370
121 1
121 188
370 85
60 274
60 100
274 175
274 86
194 326
112 330
112 337
330 135
330 318
333 368
154 165
154 111
154 130
165 350
165 353
84 106
84 100
84 95
106 338
183 237
183 16
183 30
130 320
130 268
320 210
320 128
221 340
221 47
221 184
340 334
340 239
164 205
164 170
164 19
205 363
8 214
8 133
8 135
214 336
214 17
216 177
216 283
374 153
102 248
102 327
102 36
248 143
248 100
228 297
228 139
129 131
129 328
129 286
131 357
131 359
239 253
239 191
253 156
229 307
229 305
307 113
307 187
75 249
75 76
75 359
249 324
230 335
230 342
326 119
336 302
336 177
99 215
99 25
99 6
215 255
56 111
56 79
83 69
83 157
66 285
66 365
285 200
285 245
23 76
23 53
23 38
210 162
200 91
146 174
146 304
146 142
174 201
174 61
139 287
287 42
287 187
127 133
127 111
133 306
61 197
61 195
197 186
255 143
255 268
168 332
168 232
168 190
332 321
332 353
49 241
49 324
49 289
241 52
241 6
167 341
167 64
193 236
193 303
236 276
236 301
178 110
187 211
211 367
211 32
108 156
108 286
108 117
156 291
150 15
150 242
12 196
199 250
199 357
86 137
86 24
137 79
137 338
303 317
0 232
0 352
232 348
46 110
46 348
46 293
110 196
363 71
363 88
348 350
266 360
266 299
266 73
360 54
360 104
304 225
304 367
169 180
169 26
169 104
180 125
368 88
368 144
26 369
369 43
2 52
2 87
53 334
85 220
19 176
11 97
11 254
11 328
97 96
286 81
171 196
267 55
341 217
208 30
208 312
162 262
162 94
262 233
262 323
13 319
13 309
13 42
319 14
319 351
224 344
224 63
224 302
344 22
344 44
225 309
225 14
309 288
91 238
91 72
238 261
142 270
269 351
269 264
351 16
93 356
93 70
82 125
82 290
280 7
280 161
71 37
71 25
73 296
73 95
296 362
191 297
191 51
297 277
32 273
32 43
273 343
273 34
189 38
189 39
140 270
140 175
33 74
33 322
81 30
270 69
233 290
233 352
290 277
63 157
22 313
217 318
318 323
261 152
52 182
50 317
50 306
317 207
327 119
327 188
128 245
128 258
245 279
176 1
365 188
264 345
185 220
185 18
240 16
240 153
201 182
55 122
148 182
148 172
148 77
38 301
186 321
186 43
321 44
268 254
34 209
207 371
207 337
302 331
44 90
359 299
276 153
276 77
37 323
37 343
343 135
89 122
89 355
89 322
105 234
105 293
105 20
234 310
234 47
250 31
144 314
144 284
314 20
314 322
74 67
334 14
252 288
252 24
288 254
277 36
69 190
301 306
6 113
36 195
355 362
355 65
289 291
289 220
152 157
172 366
312 64
192 347
260 325
209 278
87 305
87 298
64 4
117 136
175 47
1 31
367 40
366 213
366 51
342 313
15 347
15 184
17 353
17 278
310 257
170 325
325 345
257 96
48 331
48 242
331 361
195 90
356 279
356 31
96 358
358 40
358 136
7 213
283 67
283 18
113 242
90 161
337 79
54 103
104 190
223 308
223 103
308 41
345 349
41 258
361 284
352 293
65 4
51 284
4 42
278 184
67 25
18 70
