276 414
15 30
15 124
15 4
30 194
30 140
62 209
62 141
62 102
209 91
209 116
108 185
108 123
108 196
185 35
185 181
117 172
117 176
117 76
172 133
172 136
31 230
31 128
31 114
230 18
230 266
124 27
124 254
203 211
203 201
203 64
211 61
211 218
23 253
23 155
23 64
253 192
253 25
25 34
25 206
34 68
34 49
184 207
184 81
184 44
207 177
207 33
10 45
10 204
10 96
45 225
45 265
2 50
2 83
2 213
50 183
50 148
133 152
133 160
152 189
152 73
74 75
74 60
74 112
75 258
75 188
182 264
182 118
182 251
264 212
264 98
173 206
173 47
173 76
206 177
104 183
104 41
104 239
183 213
26 263
26 159
26 171
263 95
263 142
58 90
58 223
58 221
90 48
90 142
176 262
176 250
126 215
126 186
126 169
215 127
215 8
12 248
12 275
12 46
248 189
248 77
13 222
13 41
13 84
222 61
222 121
88 225
88 252
88 219
225 120
190 254
190 106
190 143
254 99
54 92
54 195
54 135
92 122
92 196
57 228
57 102
57 197
228 231
228 111
252 78
252 47
175 220
175 141
175 19
220 236
220 224
95 120
95 142
120 191
109 131
109 179
109 267
131 130
131 145
195 262
195 94
231 171
231 55
102 71
6 38
6 100
6 71
38 123
38 67
236 107
236 197
210 213
210 42
210 136
156 242
156 3
156 153
242 148
242 110
201 241
201 46
241 159
241 217
189 188
18 128
18 227
128 239
47 197
134 178
134 63
134 113
178 99
178 8
56 249
56 169
56 96
249 208
249 168
153 200
153 107
200 269
200 60
202 232
202 226
202 132
232 135
232 43
212 35
212 113
105 147
105 122
105 199
147 51
147 76
61 79
258 27
258 71
35 233
119 166
119 267
119 0
166 65
166 165
160 216
160 3
216 199
216 167
101 130
101 137
101 122
130 127
44 261
44 94
261 63
261 9
171 257
3 9
9 1
41 165
52 121
52 113
52 103
121 29
37 267
37 36
37 274
132 257
132 29
257 158
5 27
5 224
5 219
81 55
81 97
33 144
33 77
144 205
144 162
98 36
98 7
63 139
51 170
51 69
170 24
170 1
155 255
155 138
255 186
255 244
174 268
174 42
174 234
268 237
268 199
66 177
66 223
66 259
7 100
7 194
100 1
21 273
21 129
21 259
273 112
273 240
83 86
83 77
86 238
86 250
65 208
65 205
208 221
11 97
11 40
11 161
97 214
219 269
129 229
129 143
229 127
229 106
148 80
151 247
151 217
151 17
247 39
247 146
73 157
73 85
157 36
157 181
14 269
14 187
14 164
137 187
137 29
187 68
110 59
110 39
106 43
259 60
186 69
118 89
118 244
99 115
180 270
180 87
180 235
270 28
270 53
82 125
82 223
82 55
125 72
125 24
28 163
28 256
163 188
163 138
192 138
192 250
139 234
139 233
70 245
70 244
70 68
245 93
245 145
42 237
46 64
59 234
59 79
32 165
32 158
32 246
266 179
266 193
24 16
141 272
89 235
89 115
235 161
69 22
112 233
123 243
194 0
115 256
256 150
149 272
149 243
149 275
272 8
39 140
140 227
22 217
22 164
19 198
19 40
198 167
198 274
4 146
4 238
146 49
0 154
237 271
262 93
87 114
87 48
48 260
159 214
214 94
238 93
78 224
78 116
17 251
17 204
251 167
91 96
91 221
164 260
260 143
169 179
218 240
218 246
240 80
40 150
107 161
275 72
72 265
80 111
53 154
53 274
154 103
243 79
67 84
67 191
84 191
116 205
111 196
265 193
204 271
145 150
114 239
49 136
85 271
85 103
181 168
226 162
226 20
16 193
16 20
227 135
168 246
20 162
158 43
