150 225
70 110
70 130
70 8
110 90
110 129
40 139
40 43
40 140
139 85
139 103
7 17
7 96
7 88
17 53
17 8
78 132
78 111
78 113
132 0
132 80
25 96
25 82
25 71
96 41
55 75
55 81
55 137
75 62
75 23
41 86
41 37
86 148
86 123
59 137
59 51
59 147
137 101
45 83
45 89
45 21
83 98
83 36
79 115
79 1
79 12
115 30
115 60
92 143
92 82
92 27
143 141
143 9
2 66
2 54
2 1
66 32
66 65
11 133
11 36
11 54
133 5
133 106
94 149
94 34
94 61
149 69
149 135
9 26
9 89
26 128
26 58
114 136
114 142
114 71
136 121
136 52
13 81
13 8
13 15
81 57
38 80
38 116
38 127
80 72
1 69
112 148
112 64
112 51
148 54
35 145
35 23
35 4
145 3
145 57
18 138
18 48
18 104
138 71
138 64
42 50
42 88
42 119
50 62
50 3
130 34
130 127
141 147
141 4
147 121
0 117
0 121
117 28
117 144
34 64
65 127
65 93
12 91
12 63
91 109
91 58
48 56
48 89
56 24
56 14
43 98
43 107
85 73
85 87
29 52
29 122
29 131
52 77
31 49
31 74
31 39
49 33
49 99
3 88
14 24
14 73
24 134
15 16
15 100
16 21
16 118
6 77
6 120
6 19
77 87
82 126
53 90
53 67
73 84
28 144
28 39
33 108
33 105
119 146
119 108
146 99
146 46
22 140
22 135
22 106
140 125
90 105
74 123
74 107
123 144
47 84
47 111
47 32
84 95
5 68
5 109
37 101
37 23
101 20
98 60
128 120
128 93
111 122
36 105
10 95
10 97
10 135
95 142
107 100
30 116
30 118
116 104
125 134
125 126
134 124
51 129
87 68
103 124
103 126
124 63
4 100
60 131
113 19
113 39
97 67
97 27
129 44
118 20
46 102
46 72
102 106
102 62
108 61
69 76
76 20
76 67
32 72
21 44
104 68
120 109
44 131
27 57
61 58
63 122
93 99
19 142
