300 450
15 21
15 114
15 147
21 201
21 1
92 232
92 49
92 148
232 259
232 299
18 264
18 30
18 122
264 226
264 77
36 71
36 70
36 246
71 282
71 220
258 282
258 78
258 168
282 35
116 189
116 112
116 74
189 179
189 198
90 289
90 95
90 22
289 162
289 119
135 202
135 280
135 74
202 55
202 25
72 164
72 109
72 65
164 56
164 107
17 76
17 267
17 253
76 270
76 265
99 136
99 233
99 140
136 197
136 58
209 246
209 33
209 59
246 181
129 137
129 211
129 221
137 82
137 249
86 166
86 49
86 28
166 255
166 191
157 208
157 207
157 101
208 294
208 50
75 273
75 290
75 115
273 262
273 1
126 229
126 182
126 66
229 283
229 243
124 296
124 29
124 33
296 275
296 52
118 261
118 113
118 278
261 170
261 133
83 160
83 141
83 223
160 217
160 85
6 187
6 51
6 170
187 285
187 60
23 127
23 45
23 156
127 179
127 251
30 215
30 154
179 231
231 194
231 67
61 257
61 24
61 170
257 117
257 188
235 293
235 89
235 41
293 31
293 201
272 279
272 87
272 147
279 221
279 184
43 190
43 80
43 32
190 226
190 180
120 172
120 44
120 224
172 182
172 153
294 134
294 41
37 165
37 210
37 121
165 174
165 248
217 46
217 109
182 5
13 195
13 67
13 42
195 8
195 251
41 284
284 205
284 152
14 19
14 9
14 239
19 128
19 39
101 176
101 125
176 55
176 9
84 93
84 156
84 248
93 260
93 234
205 252
205 22
252 10
252 223
123 173
123 163
123 295
173 59
173 211
109 242
98 256
98 65
98 68
256 168
256 26
212 278
212 88
212 181
278 298
45 119
45 185
119 158
70 291
70 230
138 194
138 228
138 159
194 125
80 85
80 91
85 34
207 171
207 110
114 281
114 210
69 103
69 198
69 26
103 239
103 287
238 299
238 81
238 297
299 185
62 82
62 131
62 97
82 148
234 283
234 54
283 198
174 51
174 270
141 104
141 260
139 292
139 12
139 220
292 130
292 159
215 269
215 286
269 38
269 211
121 271
121 193
271 16
271 46
133 245
133 111
245 177
245 206
51 197
4 216
4 214
4 2
216 40
216 161
113 132
113 219
132 186
132 218
20 53
20 260
20 10
53 40
53 259
226 1
167 270
167 287
167 100
5 171
5 106
171 122
131 158
131 255
158 244
48 151
48 140
48 241
151 27
151 145
233 276
233 169
163 74
163 199
175 201
175 286
175 267
89 268
89 128
268 87
268 63
291 95
291 169
134 0
134 204
31 183
31 266
183 249
183 178
181 298
298 221
11 223
11 94
11 276
54 203
54 155
203 110
203 9
214 295
214 288
295 44
180 276
180 159
255 73
125 58
153 26
153 161
55 192
91 108
91 147
108 27
108 266
29 193
29 154
242 47
242 2
140 220
148 213
28 177
28 222
177 218
130 277
130 150
8 281
8 105
152 230
152 142
230 63
162 47
162 77
128 156
49 178
213 218
213 7
199 254
199 224
280 192
280 142
3 219
3 186
3 77
219 79
117 259
117 95
46 104
150 265
150 32
265 144
78 197
78 191
192 146
275 88
275 237
7 63
7 38
81 277
81 250
277 290
33 237
237 196
47 106
204 222
204 155
222 274
44 102
102 25
102 39
35 105
35 247
244 285
244 200
285 161
34 97
34 297
66 64
66 241
65 10
248 79
122 188
188 52
16 143
16 96
143 112
143 240
111 73
111 227
168 263
112 266
2 253
253 169
60 96
60 224
96 193
64 107
64 250
25 184
251 288
288 97
186 263
88 115
40 12
290 267
254 87
254 281
210 247
38 56
105 22
94 200
94 57
200 155
56 236
106 58
241 12
27 149
0 67
0 196
24 262
24 52
262 228
228 146
39 236
243 286
243 144
146 50
68 249
68 239
100 247
100 144
236 225
185 196
191 57
287 263
115 142
297 154
59 145
32 57
107 184
104 240
274 206
274 225
42 227
42 110
227 149
145 73
250 149
50 240
79 206
225 178
