500 750
194 252
194 443
194 135
252 250
252 234
60 172
60 428
60 478
172 200
172 446
436 441
436 145
436 453
441 359
441 140
55 75
55 377
55 203
75 394
75 430
332 460
332 345
332 76
460 450
460 269
428 267
428 431
230 458
230 273
230 9
458 157
458 21
36 327
36 410
36 390
327 390
327 261
407 481
407 141
407 415
481 161
481 112
220 246
220 242
220 348
246 387
246 14
65 134
65 221
65 302
134 71
134 395
178 429
178 394
178 208
429 411
429 281
17 323
17 120
17 223
323 478
323 19
280 297
280 187
280 357
297 224
297 379
359 68
359 21
390 142
91 299
91 388
91 250
299 13
299 118
80 122
80 318
80 167
122 214
122 148
58 369
58 446
58 53
369 465
369 372
206 356
206 380
206 393
356 125
356 389
269 403
269 251
403 495
403 442
25 290
25 143
25 495
290 420
290 375
207 330
207 153
207 44
330 398
330 204
82 168
82 419
82 336
168 286
168 298
13 474
13 367
474 158
474 63
160 496
160 382
160 236
496 226
496 448
401 470
401 478
401 384
470 30
470 24
38 409
38 103
38 89
409 79
409 353
235 419
235 451
235 3
419 148
169 483
169 5
169 270
483 259
483 221
179 366
179 430
179 404
366 377
366 88
222 318
222 247
222 14
318 125
303 392
303 421
303 176
392 454
392 175
28 462
28 270
28 264
462 319
462 336
2 324
2 137
2 294
324 256
324 371
394 245
32 96
32 309
32 275
96 219
96 281
87 130
87 312
87 159
130 22
130 292
260 439
260 488
260 335
439 57
439 52
233 333
233 78
233 339
333 234
333 159
241 435
241 114
241 265
435 466
435 473
430 379
48 49
48 109
48 467
49 112
49 273
198 244
198 117
198 52
244 52
244 254
4 388
4 454
4 84
388 258
103 339
103 295
139 167
139 376
139 205
167 229
112 50
293 463
293 138
293 147
463 420
463 175
415 498
415 488
498 165
498 210
114 124
114 362
83 272
83 240
83 57
272 97
272 426
41 266
41 151
41 224
266 365
266 492
151 159
151 464
14 410
410 62
141 362
141 73
362 445
187 329
187 185
329 133
329 86
143 304
143 189
304 337
304 247
200 295
200 128
142 196
142 211
196 346
196 476
19 116
19 217
116 335
116 102
145 341
145 85
341 231
341 262
190 263
190 368
190 81
263 418
263 412
295 375
23 95
23 321
23 156
95 417
95 433
163 493
163 77
163 183
493 156
493 261
63 177
63 192
177 449
177 484
124 0
124 105
113 254
113 182
113 189
254 486
355 434
355 221
355 491
434 237
434 319
275 325
275 240
325 153
325 107
94 402
94 12
94 232
402 47
402 396
302 342
302 149
342 133
342 16
50 225
50 282
225 351
225 406
29 440
29 253
29 484
440 54
440 398
242 395
242 307
395 257
89 37
89 46
240 171
1 350
1 487
1 258
350 42
350 313
109 158
109 475
158 465
22 391
22 453
391 7
391 444
351 70
351 466
450 150
450 102
305 469
305 291
305 11
469 3
469 340
46 367
46 217
367 389
291 191
291 334
18 119
18 234
18 243
119 396
119 292
45 411
45 164
45 301
411 218
212 399
212 426
212 326
399 219
399 317
135 286
135 92
286 433
31 485
31 136
31 111
485 285
485 314
27 344
27 454
27 11
344 30
344 427
164 331
164 104
331 424
331 228
59 184
59 267
59 349
184 43
184 376
301 364
301 405
364 67
364 492
426 487
253 278
253 461
278 464
278 16
152 384
152 363
152 12
384 123
79 393
79 5
34 267
34 489
34 181
339 491
104 129
104 328
294 306
294 445
306 405
306 84
166 386
166 199
166 442
386 20
386 195
285 477
285 217
477 310
477 243
123 186
123 276
186 144
186 322
248 455
248 228
248 358
455 317
455 416
374 442
374 432
374 473
315 383
315 155
315 316
383 26
383 66
30 211
76 348
76 421
348 300
277 347
277 21
277 251
347 249
347 192
256 387
256 100
387 182
126 205
126 42
126 108
205 420
365 288
365 85
156 70
445 106
157 61
157 149
219 20
69 354
69 265
69 101
354 449
354 467
26 182
26 459
258 125
446 309
81 337
81 314
337 385
171 494
171 287
250 393
209 352
209 424
209 287
352 216
352 110
183 452
183 108
452 214
452 311
97 121
97 255
9 425
9 283
425 320
425 16
12 56
282 345
282 289
345 180
389 283
84 357
357 204
213 340
213 279
213 300
340 358
85 238
57 150
153 427
259 438
259 42
400 431
400 372
400 321
431 471
229 422
229 257
43 67
43 312
405 361
70 499
322 368
322 162
368 74
314 99
93 279
93 408
93 110
279 107
71 377
71 413
296 486
296 495
296 115
486 456
320 372
320 174
292 181
432 451
432 268
214 47
24 319
24 479
464 416
101 264
101 238
264 210
376 192
288 88
288 208
427 273
300 100
271 461
271 120
271 77
461 35
437 484
437 118
437 397
239 490
239 378
239 423
490 7
490 413
64 211
64 453
64 274
133 268
106 226
106 40
226 175
281 334
334 381
465 353
316 459
316 129
459 467
92 413
92 66
231 482
231 468
482 311
482 74
90 223
90 3
90 475
223 497
98 245
98 216
98 210
245 117
309 54
447 497
447 468
447 472
497 176
243 471
137 195
137 120
105 397
105 33
397 371
7 61
100 404
489 499
489 138
499 492
54 62
204 289
180 265
180 408
0 78
0 86
78 312
216 358
161 422
161 132
422 274
77 487
307 476
307 382
476 406
117 494
468 147
424 10
313 385
313 471
385 8
257 404
310 466
310 162
107 10
270 202
35 129
35 360
195 170
283 448
408 86
449 44
47 121
121 308
37 193
37 155
193 150
193 381
53 457
53 418
457 232
457 227
118 249
289 56
247 406
56 255
136 15
136 165
451 197
181 480
480 5
480 433
185 203
185 228
203 370
11 176
199 412
199 227
99 298
99 276
298 262
412 328
197 128
197 360
311 268
147 346
154 373
154 237
154 68
373 475
373 174
72 74
72 418
72 88
224 10
170 335
170 423
363 479
363 149
479 20
308 73
308 423
326 448
326 378
417 66
417 173
227 375
67 215
148 379
155 174
421 382
132 438
132 284
438 443
110 328
73 191
346 33
51 131
51 201
51 218
131 343
131 349
165 488
61 416
162 138
251 140
398 189
173 349
173 317
343 6
343 444
396 232
215 494
215 188
361 353
361 127
261 201
8 378
8 336
472 62
472 380
188 208
188 39
15 338
15 44
6 128
6 249
140 237
284 146
284 111
473 39
108 115
360 191
111 255
287 338
338 40
201 274
127 456
127 371
456 321
202 370
202 102
370 238
218 444
443 414
491 262
39 276
381 40
33 380
146 115
146 236
68 144
236 414
414 144
