676 1014
357 377
357 374
357 239
377 476
377 121
497 537
497 215
497 117
537 674
537 291
274 608
274 628
274 102
608 589
608 282
64 560
64 53
64 56
560 593
560 486
544 630
544 223
544 47
630 499
630 631
338 382
338 534
338 584
382 378
382 522
455 540
455 244
455 577
540 371
540 152
223 674
223 476
320 495
320 381
320 153
495 638
495 401
247 511
247 467
247 267
511 538
511 473
315 389
315 54
315 257
389 375
389 278
328 508
328 323
328 649
508 28
508 71
239 659
239 589
659 71
659 541
184 342
184 272
184 622
342 92
342 25
150 340
150 458
150 494
340 513
340 316
438 487
438 477
438 170
487 647
487 331
415 485
415 28
415 589
485 293
485 419
187 249
187 449
187 268
249 488
249 352
51 617
51 369
51 661
617 140
617 78
60 446
60 305
60 480
446 593
446 299
258 291
258 275
258 427
291 530
424 561
424 159
424 103
561 87
561 563
226 326
226 95
226 29
326 276
326 568
349 567
349 164
349 639
567 392
567 425
139 181
139 25
139 465
181 96
181 367
244 383
244 394
383 241
383 192
366 467
366 7
366 504
467 585
96 216
96 422
216 435
216 443
482 669
482 205
482 295
669 611
669 325
476 494
324 330
324 319
324 57
330 533
330 510
158 545
158 515
158 398
545 470
545 657
76 655
76 494
76 126
655 9
655 296
182 246
182 565
182 248
246 257
246 668
674 439
635 637
635 67
635 549
637 227
637 359
89 463
89 502
89 385
463 281
463 502
114 120
114 162
114 125
120 651
120 201
123 614
123 436
123 402
614 665
614 462
364 420
364 149
364 599
420 613
420 57
8 642
8 538
8 491
642 555
642 564
203 323
203 597
203 188
323 538
93 591
93 367
93 161
591 407
591 671
127 166
127 170
127 156
166 283
166 254
626 664
626 19
626 650
664 496
664 552
130 595
130 335
130 670
595 633
595 582
408 621
408 459
408 498
621 280
621 240
586 618
586 481
586 264
618 327
618 11
134 327
134 459
134 189
327 405
439 456
439 493
456 401
456 566
447 558
447 477
447 179
558 592
558 302
597 43
597 556
459 125
66 201
66 125
66 253
201 212
417 526
417 406
417 118
526 362
526 163
436 539
436 358
539 402
539 48
210 474
210 663
210 261
474 569
474 149
593 161
145 503
145 587
145 372
503 3
503 622
46 619
46 16
46 266
619 30
619 390
102 532
102 219
532 387
532 570
83 290
83 564
83 77
290 82
290 654
198 329
198 426
198 243
329 397
329 423
5 590
5 361
5 633
590 262
590 490
1 211
1 353
1 176
211 230
211 575
168 486
168 453
168 133
486 17
15 393
15 308
15 419
393 100
393 106
10 49
10 332
10 604
49 263
49 23
86 673
86 294
86 101
673 492
673 634
40 566
40 252
40 641
566 238
401 151
99 234
99 373
99 292
234 524
234 157
440 536
440 260
440 579
536 530
536 348
20 90
20 197
20 190
90 460
90 195
344 559
344 507
344 176
559 39
559 409
65 479
65 368
65 18
479 325
479 658
30 183
30 671
371 645
371 294
36 43
36 47
36 577
43 601
478 675
478 376
478 557
675 63
675 174
300 498
300 562
300 331
498 416
179 199
179 55
199 308
199 531
230 421
230 183
421 423
421 277
97 547
97 276
97 167
547 240
547 372
170 412
271 620
271 305
271 172
620 103
620 384
565 661
565 653
661 289
136 157
136 208
136 175
157 546
429 648
429 174
429 38
648 236
648 118
477 173
509 528
509 18
509 122
528 41
528 347
253 413
253 272
413 221
413 350
141 510
141 350
141 606
510 143
406 171
406 600
276 235
23 207
23 292
207 283
207 245
47 564
570 605
570 194
605 444
605 360
88 602
88 297
88 282
602 666
602 52
373 154
373 74
197 252
197 79
252 100
283 410
148 625
148 204
148 556
625 138
625 27
293 217
293 496
79 135
79 196
135 652
135 343
7 653
7 85
464 471
464 69
464 285
471 129
471 124
151 624
151 660
381 445
381 21
445 87
445 643
164 501
164 188
611 607
611 24
395 627
395 112
395 500
627 644
627 299
257 352
94 379
94 644
94 215
379 6
379 434
82 652
82 404
652 361
375 38
375 140
527 666
527 264
527 155
666 153
77 228
77 288
228 481
228 299
361 191
3 288
3 227
288 70
156 665
156 411
432 523
432 656
432 251
523 95
523 610
57 506
506 632
506 70
644 354
63 484
63 604
33 387
33 232
33 72
387 84
167 396
167 499
396 112
396 154
34 370
34 177
34 554
370 107
370 186
284 414
284 596
284 525
414 640
414 237
316 604
316 507
147 646
147 607
147 391
646 121
646 599
61 85
61 322
61 520
85 310
0 493
0 200
0 222
493 475
577 101
428 525
428 574
428 250
525 287
229 325
229 667
229 74
499 109
475 422
475 384
287 433
287 297
433 519
433 398
512 542
512 28
512 522
542 419
542 599
307 500
307 231
307 225
500 426
103 105
105 67
105 378
587 347
587 399
78 259
78 100
259 128
259 425
470 634
470 152
16 585
16 42
296 518
296 346
518 217
518 583
653 115
314 386
314 363
314 663
386 200
386 122
251 623
251 4
623 277
623 430
385 437
385 235
437 466
437 576
73 180
73 448
73 232
180 524
180 450
48 672
48 14
672 624
672 242
75 397
75 409
75 363
397 35
457 462
457 334
457 592
462 657
266 504
266 606
504 108
449 489
449 356
243 600
243 225
600 264
347 281
18 572
585 484
248 553
248 453
553 649
553 143
460 491
460 651
491 572
50 318
50 339
50 213
318 425
318 465
177 282
177 68
441 450
441 365
441 214
450 118
453 42
651 317
70 650
650 612
108 286
108 209
286 236
286 19
54 533
54 472
112 557
132 225
132 220
132 670
407 169
407 416
404 188
404 580
272 430
363 612
572 465
175 452
175 169
452 195
452 81
220 365
220 400
365 194
58 443
58 390
58 193
443 69
69 546
215 332
155 632
155 469
632 571
426 631
11 53
11 331
126 568
126 418
568 563
200 160
306 535
306 658
306 176
535 9
535 294
45 351
45 219
45 483
351 610
351 507
42 37
530 367
634 492
376 191
376 573
466 24
466 489
146 519
146 411
146 636
519 169
481 403
343 557
343 208
657 206
95 405
322 262
322 461
624 261
269 369
269 173
269 292
369 29
218 534
218 22
218 240
534 551
128 588
128 313
117 609
117 131
39 245
39 663
496 546
129 641
129 231
524 412
374 647
374 204
647 656
241 186
241 59
411 2
227 578
665 576
236 667
346 81
346 418
633 405
360 501
360 513
501 588
67 185
576 638
638 640
208 242
242 12
399 319
399 254
609 336
609 137
13 143
13 80
13 279
222 178
222 388
212 490
212 339
192 302
192 131
254 645
312 317
312 520
312 658
317 98
121 359
359 9
206 308
206 279
606 549
515 275
515 19
22 171
22 52
142 656
142 213
142 221
522 550
550 610
550 341
109 488
109 353
488 165
451 517
451 380
451 21
517 372
517 280
262 153
110 196
110 301
110 356
196 263
596 548
596 237
492 104
29 362
53 583
583 362
219 245
185 235
185 639
607 55
319 355
484 615
469 388
469 154
353 563
649 55
119 555
119 204
119 279
555 629
111 551
111 368
111 178
551 398
232 217
195 303
303 581
303 62
101 348
348 615
341 613
341 529
613 442
202 427
202 412
202 622
427 490
310 378
310 115
667 289
280 554
12 541
12 273
541 131
275 149
268 628
268 233
628 400
513 668
298 516
298 285
298 435
516 124
516 165
592 231
334 670
334 521
562 368
562 636
418 277
2 221
2 598
270 301
270 91
270 24
301 31
87 402
335 668
335 502
144 332
144 31
144 392
339 391
391 579
44 483
44 430
44 601
483 162
400 514
514 434
514 205
533 137
309 643
309 520
309 26
643 263
238 601
238 116
581 25
581 416
31 549
190 304
190 260
304 273
304 575
191 394
193 458
193 214
458 442
598 612
598 505
305 645
394 355
174 472
472 14
72 186
72 409
124 468
615 35
116 521
116 32
62 267
62 256
267 333
205 423
17 390
17 26
380 529
380 543
68 444
68 26
444 91
588 660
297 654
281 435
285 543
336 603
336 384
107 548
107 431
548 582
159 189
159 98
171 160
6 74
6 41
35 531
224 422
224 431
224 584
431 580
165 354
354 578
337 448
337 27
337 213
448 454
106 295
106 311
295 616
278 313
278 255
311 584
311 505
133 654
133 662
115 209
209 552
442 152
80 260
80 640
434 529
172 352
172 37
138 38
138 489
113 321
113 163
113 161
321 355
321 671
578 631
104 52
104 122
569 573
569 571
573 32
14 189
81 410
345 410
345 531
345 636
302 350
289 313
554 162
580 662
454 582
454 505
265 575
265 178
265 256
91 183
92 173
92 255
137 255
468 629
468 358
629 237
163 160
574 594
574 603
571 603
37 594
662 261
333 639
333 461
41 56
4 214
4 21
660 59
543 556
392 27
403 480
403 358
256 480
521 250
461 579
71 388
32 84
84 59
194 56
641 594
140 250
273 356
98 616
616 473
473 233
552 233
