876 1314
81 631
81 532
81 1
631 644
631 816
54 614
54 177
54 549
614 728
614 173
374 704
374 372
374 659
704 502
704 350
132 569
132 16
132 479
569 539
569 849
348 422
348 755
348 766
422 61
422 350
96 652
96 507
96 732
652 124
652 874
49 391
49 167
49 258
391 315
391 607
382 829
382 681
382 663
829 172
829 354
708 850
708 580
708 146
850 262
850 705
12 509
12 191
12 371
509 399
509 606
272 814
272 405
272 507
814 419
814 434
227 397
227 448
227 848
397 538
397 198
518 726
518 633
518 745
726 233
726 737
611 688
611 837
611 36
688 243
688 828
399 858
399 316
258 506
258 387
506 426
506 465
645 686
645 597
645 470
686 601
686 22
88 360
88 270
88 126
360 576
360 717
57 781
57 306
57 377
781 787
781 659
97 817
97 671
97 107
817 70
817 277
174 283
174 792
174 175
283 336
283 783
443 673
443 207
443 257
673 871
673 178
644 438
644 684
255 473
255 690
255 94
473 434
473 246
125 772
125 852
125 116
772 296
772 713
92 595
92 463
92 165
595 697
595 711
573 782
573 427
573 791
782 167
782 20
133 367
133 864
133 171
367 769
367 9
366 489
366 331
366 585
489 313
489 687
537 716
537 236
537 534
716 757
716 228
543 796
543 555
543 827
796 866
796 815
604 626
604 494
604 279
626 282
626 362
756 760
756 465
756 355
760 8
760 685
130 743
130 136
130 345
743 193
743 33
266 487
266 343
266 663
487 104
487 478
490 640
490 102
490 74
640 811
640 33
135 183
135 606
135 522
183 526
183 20
147 157
147 654
147 580
157 312
157 324
203 583
203 166
203 723
583 792
583 45
494 731
494 762
731 109
731 788
1 718
1 845
718 763
718 316
461 590
461 281
461 681
590 761
590 58
194 475
194 601
194 483
475 701
475 717
263 840
263 670
263 197
840 662
840 478
0 875
0 74
0 121
875 601
875 516
408 849
408 753
408 460
849 553
240 856
240 231
240 524
856 334
856 32
181 541
181 364
181 398
541 383
541 712
211 420
211 714
211 297
420 257
420 536
372 429
372 234
357 474
357 787
357 792
474 215
474 495
277 365
277 341
365 32
365 492
261 771
261 433
261 46
771 751
771 742
19 600
19 548
19 291
600 162
600 605
11 596
11 328
11 593
596 153
596 140
378 798
378 245
378 598
798 706
798 134
38 470
38 482
38 435
470 727
124 164
124 624
164 577
164 804
394 662
394 432
394 123
662 763
646 734
646 628
646 322
734 324
734 142
249 689
249 145
249 237
689 342
689 60
102 833
102 819
73 692
73 29
73 93
692 218
692 765
48 290
48 544
48 845
290 386
290 763
150 158
150 170
150 871
158 320
158 637
270 748
270 31
748 201
748 745
337 658
337 813
337 510
658 67
658 727
160 467
160 390
160 538
467 696
467 579
276 419
276 325
276 248
419 330
192 685
192 667
192 123
685 307
613 678
613 3
613 498
678 812
678 79
137 340
137 674
137 568
340 143
340 458
864 481
864 588
356 527
356 683
356 535
527 446
527 528
271 834
271 826
271 195
834 861
834 735
700 867
700 341
700 288
867 418
867 778
278 729
278 655
278 563
729 634
729 671
186 466
186 711
186 185
466 144
466 594
236 812
236 134
812 442
410 619
410 479
410 813
619 305
619 172
654 287
654 138
151 624
151 42
151 112
624 657
791 841
791 344
841 591
841 83
359 775
359 106
359 90
775 773
775 551
327 562
327 247
327 777
562 531
562 100
252 797
252 737
252 819
797 620
797 223
243 828
243 565
828 238
222 805
222 795
222 865
805 50
805 512
364 454
364 794
163 612
163 58
163 535
612 361
612 59
618 747
618 354
618 296
747 441
747 568
437 735
437 196
437 707
735 386
148 452
148 746
148 119
452 547
452 231
204 649
204 24
204 501
649 774
649 831
235 865
235 388
235 477
865 622
306 352
306 219
191 89
191 338
156 693
156 676
156 532
693 7
693 406
492 764
492 110
764 77
764 825
2 491
2 641
2 610
491 545
491 375
58 347
769 31
769 839
847 848
847 784
847 742
848 857
534 46
534 770
547 293
547 503
122 821
122 21
122 488
821 709
821 225
755 846
755 221
41 195
41 586
41 180
195 317
74 143
143 190
44 200
44 744
44 105
200 91
200 672
377 409
377 56
409 407
409 71
3 430
3 202
532 262
33 721
721 315
721 371
300 427
300 385
300 118
427 344
196 635
196 696
635 101
635 482
9 400
9 616
400 423
400 556
202 269
202 228
269 615
269 114
407 690
407 13
166 584
166 741
14 334
14 522
14 295
334 684
245 761
245 567
761 369
326 457
326 45
326 503
457 752
457 292
189 860
189 698
189 403
860 456
860 199
5 779
5 115
5 129
779 119
779 533
380 842
380 516
380 565
842 15
842 558
711 870
320 751
320 69
429 220
429 296
179 379
179 349
179 810
379 866
379 459
833 313
833 825
59 499
59 698
499 651
499 6
170 824
170 121
824 672
824 634
7 43
7 64
43 168
43 414
32 317
136 831
136 184
831 703
254 823
254 586
254 557
823 264
823 23
445 799
445 162
445 68
799 268
799 749
304 680
304 528
304 675
680 376
680 117
307 358
307 870
15 500
15 672
218 347
218 351
347 63
507 439
563 647
563 331
647 868
647 436
114 820
114 94
820 607
820 550
597 154
597 17
220 311
220 214
144 699
144 637
699 311
699 623
352 101
352 592
120 836
120 634
120 832
836 55
836 421
736 839
736 677
736 852
839 694
315 666
666 713
666 363
444 551
444 256
444 199
551 117
273 705
273 411
273 832
705 344
42 629
42 301
629 727
629 854
609 776
609 342
609 577
776 468
776 302
206 651
206 221
206 830
651 260
64 567
64 34
567 305
697 139
697 298
464 659
464 617
464 765
318 425
318 715
318 39
425 633
425 336
752 802
752 421
802 100
802 552
55 459
55 305
459 733
323 804
323 29
323 198
804 171
257 450
450 519
450 639
284 669
284 434
284 448
669 531
669 104
275 620
275 873
275 99
620 149
95 244
95 368
95 30
244 656
244 302
486 803
486 173
486 552
803 664
803 31
387 187
387 299
279 446
279 630
446 411
784 578
784 846
336 515
432 868
432 319
723 873
723 66
873 513
29 47
47 428
47 553
433 193
433 302
146 303
146 312
303 720
303 159
493 676
493 515
493 10
676 176
17 832
17 85
660 789
660 650
660 100
789 866
789 188
871 36
482 862
713 800
800 668
800 406
369 167
369 550
301 712
301 496
712 498
67 401
67 627
401 481
401 627
472 715
472 384
472 216
715 216
8 638
8 683
615 627
615 818
683 661
268 530
268 773
331 855
855 530
855 184
23 739
23 826
739 478
739 677
349 424
349 628
330 667
330 388
667 677
698 843
868 703
298 570
298 329
570 621
570 857
544 351
544 483
333 793
333 403
333 213
793 664
793 308
101 517
165 656
165 463
656 484
105 153
105 60
153 112
368 540
368 578
376 853
376 568
853 754
853 155
498 70
313 375
56 762
56 250
762 668
51 423
51 415
51 510
423 679
751 695
172 846
502 523
502 456
584 630
584 265
630 641
421 251
810 239
810 10
565 52
77 453
77 228
453 27
453 117
177 476
177 53
558 412
558 246
171 582
582 517
582 224
169 801
169 428
169 225
801 625
801 456
476 18
476 229
517 863
63 253
63 560
61 539
61 861
852 522
52 373
52 566
373 530
373 455
826 827
281 636
281 540
481 209
733 78
733 695
238 361
238 730
361 294
131 234
131 415
131 28
234 291
625 778
625 524
778 574
69 560
69 428
560 830
99 668
99 362
622 830
622 780
757 381
757 838
390 730
390 250
455 838
455 212
838 339
76 661
76 744
76 549
661 822
773 724
109 392
109 86
128 335
128 670
128 274
335 129
335 68
173 403
749 767
749 694
767 107
767 321
406 561
555 90
555 514
424 488
424 126
113 413
113 184
113 141
413 737
413 463
185 581
185 599
581 345
581 123
212 653
212 260
535 221
381 859
381 728
465 504
343 358
343 521
358 695
439 740
439 242
740 665
740 788
110 564
110 84
564 650
564 617
84 512
84 417
512 655
66 441
66 500
471 808
471 690
471 440
808 501
808 314
417 837
417 362
837 75
355 862
355 115
862 154
638 28
638 458
274 608
274 79
608 370
608 511
78 280
78 217
451 835
451 511
451 264
835 393
835 219
813 758
526 332
526 75
85 550
85 454
89 598
89 178
598 253
529 610
529 87
529 297
610 602
292 554
292 591
554 230
554 682
91 384
91 223
384 226
528 182
141 241
141 497
241 314
241 80
655 259
571 728
571 118
571 515
46 53
187 738
187 786
738 639
738 108
98 809
98 546
98 16
809 13
809 750
139 65
139 438
267 703
267 519
267 140
531 480
24 572
24 516
572 843
572 34
198 230
230 621
383 116
383 458
525 710
525 16
525 178
710 449
710 766
210 469
210 468
210 201
469 485
469 392
94 134
21 575
21 25
575 82
575 426
127 556
127 480
127 190
556 513
285 504
285 616
285 83
504 495
665 725
665 353
725 722
725 783
500 742
538 180
70 71
201 663
71 312
62 589
62 674
62 785
589 37
589 648
363 339
363 643
20 246
412 251
412 606
418 859
418 707
37 617
37 402
339 28
577 351
350 720
80 205
80 35
205 496
205 35
103 603
103 87
103 462
603 232
603 389
392 454
642 745
642 533
642 501
226 687
226 26
687 353
40 496
40 587
40 536
293 447
293 650
447 664
447 430
208 345
208 237
208 385
385 795
795 108
730 106
479 182
116 448
316 328
328 13
237 26
140 289
744 449
405 872
405 759
872 714
872 819
108 765
209 588
209 224
588 533
176 754
176 706
149 393
149 389
393 827
129 766
248 286
248 539
286 39
286 670
119 232
576 790
576 542
594 514
594 168
247 559
247 542
415 231
548 585
548 807
566 717
566 818
288 709
288 780
709 477
180 483
770 395
770 587
825 111
719 787
719 844
719 332
519 484
175 521
175 607
561 152
561 858
386 65
45 25
521 138
628 815
674 282
480 863
264 863
671 314
87 605
505 553
505 746
505 758
216 398
559 280
559 322
404 851
404 325
404 93
851 623
851 442
162 295
239 783
239 691
111 225
111 308
636 806
636 632
684 542
520 545
520 370
520 780
545 199
104 310
552 299
468 768
587 155
82 440
82 287
440 346
341 416
190 811
706 18
329 294
329 807
477 854
524 641
256 332
256 602
754 869
197 511
197 724
219 214
193 321
546 746
546 436
145 722
145 460
621 753
462 679
462 259
679 623
280 653
653 449
152 229
152 774
229 289
295 605
371 759
232 431
25 426
411 870
503 30
90 346
215 815
215 441
310 138
310 497
30 398
161 291
161 616
161 750
224 682
207 354
207 579
342 818
442 311
681 682
27 159
27 416
118 786
168 861
845 287
701 508
701 484
639 822
822 10
633 696
488 188
317 807
859 579
253 233
338 578
338 242
858 106
39 72
414 694
414 643
34 6
72 319
72 213
319 86
785 786
785 289
806 844
806 396
485 395
485 322
321 86
370 324
18 299
375 714
126 675
4 26
4 325
4 142
753 777
36 508
508 691
436 707
592 811
592 657
540 242
217 65
217 874
282 523
777 637
816 309
816 388
430 497
460 790
790 599
233 750
188 657
591 142
514 259
121 741
732 648
732 262
50 593
50 523
593 346
574 431
574 213
722 585
402 599
402 768
844 557
353 643
758 869
6 396
396 83
648 774
251 586
741 265
675 435
60 768
214 513
495 857
93 115
438 159
580 389
431 22
720 724
874 794
154 435
53 112
854 632
182 265
22 35
75 294
79 155
260 869
395 309
223 68
416 702
843 549
536 632
691 602
250 788
107 702
309 557
759 297
794 510
308 702
