176 264
52 159
52 64
52 157
159 65
159 123
27 105
27 106
27 76
105 71
105 48
66 103
66 85
66 87
103 127
103 128
106 148
106 133
148 6
148 162
4 137
4 45
4 147
137 13
137 118
110 139
110 96
110 114
139 54
139 12
79 170
79 29
79 46
170 63
170 129
82 102
82 92
82 165
102 12
102 119
5 10
5 57
5 143
10 145
10 112
33 127
33 154
33 98
127 53
3 141
3 161
3 149
141 167
141 152
37 143
37 24
37 160
143 55
131 134
131 20
131 11
134 160
134 41
17 94
17 31
17 35
94 151
94 51
9 145
9 50
9 15
145 1
23 107
23 95
23 135
107 172
107 136
85 16
85 51
87 171
87 31
22 53
22 132
22 47
53 98
59 167
59 28
59 144
167 0
97 129
97 46
97 70
129 132
18 19
18 57
18 41
19 109
19 67
6 157
6 7
11 108
11 150
108 92
108 70
117 147
117 31
117 44
147 95
83 124
83 20
83 50
124 122
124 45
55 150
55 140
150 104
98 136
71 113
71 62
113 43
113 62
32 60
32 93
32 56
60 16
60 122
30 75
30 14
30 142
75 165
75 144
122 136
160 54
26 62
26 1
26 15
151 93
151 51
161 20
161 72
92 65
7 67
7 86
67 1
49 146
49 157
49 34
146 138
146 16
8 96
8 81
8 133
96 120
165 12
119 128
119 152
128 86
61 175
61 88
61 68
175 163
175 156
45 28
56 69
56 153
69 99
69 2
115 155
115 63
115 174
155 42
155 43
24 130
24 38
172 40
172 164
48 95
48 74
91 130
91 80
91 58
130 144
25 173
25 118
25 84
173 123
173 13
118 112
132 114
99 174
99 68
58 163
58 35
163 36
44 88
44 135
88 63
101 140
101 40
101 2
140 133
42 54
42 73
84 168
84 154
116 168
116 0
116 156
168 21
43 162
162 126
65 89
2 36
36 39
0 90
39 158
39 77
158 50
158 78
74 125
74 72
125 21
125 111
34 153
34 81
153 112
123 166
138 169
138 126
171 77
171 80
126 154
21 164
109 169
109 121
166 81
166 90
57 120
120 169
14 73
14 93
152 156
164 104
149 114
149 89
77 35
72 64
46 86
100 121
100 28
100 41
121 90
29 142
29 89
174 78
104 73
13 40
64 76
47 111
47 76
111 80
70 142
78 38
68 135
15 38
