700 1050
596 659
596 180
596 66
659 387
659 640
376 665
376 215
376 615
665 622
665 643
354 628
354 252
354 378
628 55
628 656
250 260
250 38
250 132
260 545
260 643
198 649
198 63
198 48
649 211
649 206
329 562
329 276
329 675
562 415
562 200
19 238
19 191
19 694
238 54
238 579
357 404
357 139
357 192
404 95
404 330
104 462
104 550
104 46
462 152
462 580
258 520
258 59
258 186
520 249
520 48
326 664
326 27
326 253
664 388
664 514
95 59
95 417
12 397
12 411
12 20
397 685
397 205
155 455
155 332
155 123
455 408
455 632
287 336
287 558
287 513
336 29
336 172
348 593
348 592
348 401
593 282
593 598
210 452
210 236
210 24
452 578
452 656
219 430
219 494
219 120
430 542
430 316
408 682
408 532
45 403
45 323
45 429
403 538
403 566
538 431
538 508
424 570
424 382
424 174
570 613
570 670
638 679
638 60
638 180
679 111
679 689
4 222
4 76
4 171
222 327
222 78
162 579
162 344
162 510
579 374
81 87
81 517
81 88
87 304
87 51
409 545
409 581
409 392
545 190
419 500
419 393
419 356
500 313
500 322
394 565
394 461
394 293
565 339
565 309
489 583
489 194
489 268
583 56
583 576
420 474
420 94
420 237
474 395
474 590
275 492
275 41
275 212
492 639
492 431
223 692
223 509
223 89
692 687
692 43
181 448
181 412
181 636
448 175
448 170
221 521
221 83
221 272
521 690
521 631
14 271
14 255
14 451
271 597
271 141
176 617
176 472
176 239
617 41
617 529
93 335
93 501
93 561
335 498
335 637
496 698
496 277
496 327
698 44
698 269
259 633
259 594
259 254
633 338
633 184
309 463
309 384
463 277
463 595
224 526
224 359
224 363
526 673
526 1
199 591
199 235
199 85
591 543
591 319
143 191
143 183
143 680
191 315
283 334
283 343
283 65
334 573
334 246
285 505
285 423
285 166
505 471
505 584
57 269
57 300
57 279
269 347
120 307
120 592
307 28
307 377
163 516
163 483
163 304
516 98
516 568
183 602
183 156
180 303
327 604
343 559
343 540
687 654
687 609
15 281
15 375
15 201
281 396
281 405
37 129
37 546
37 276
129 497
129 226
274 630
274 360
274 121
630 64
630 124
34 380
34 248
34 647
380 164
380 386
338 484
338 586
567 605
567 586
567 52
605 437
605 27
196 311
196 612
196 328
311 38
311 373
25 182
25 662
25 588
182 494
182 427
39 229
39 92
39 613
229 323
229 289
441 636
441 510
441 523
636 610
156 485
156 379
485 233
485 142
547 654
547 443
547 600
654 433
18 115
18 91
18 88
115 177
115 69
85 443
85 261
443 440
333 554
333 47
333 77
554 306
554 578
363 555
363 207
555 582
555 136
79 558
79 263
79 321
558 572
370 603
370 668
370 647
603 622
603 350
145 503
145 663
145 49
503 72
503 101
387 683
387 119
683 205
683 179
232 233
232 294
232 149
233 133
41 655
417 544
417 305
544 291
544 476
212 413
212 686
413 668
413 473
66 457
66 671
457 575
457 152
44 9
44 231
375 425
375 566
178 509
178 62
178 608
509 697
400 482
400 165
400 138
482 494
482 113
128 688
128 390
128 282
688 464
688 508
298 434
298 33
298 337
434 337
434 504
33 266
33 286
97 691
97 322
97 80
691 118
691 669
53 276
53 218
53 188
668 392
382 50
382 217
510 241
13 60
13 302
13 553
60 634
7 416
7 90
7 92
416 405
416 384
94 146
94 626
146 296
146 627
433 506
433 362
506 278
506 530
473 551
473 84
551 16
551 42
282 71
56 528
56 244
528 147
528 445
368 553
368 349
368 447
553 587
277 577
119 486
119 314
486 49
486 262
194 46
194 80
360 64
360 450
140 518
140 185
140 11
518 699
518 107
201 623
201 54
623 645
623 35
449 459
449 125
449 2
459 522
459 265
131 460
131 616
131 527
460 270
460 341
9 427
9 440
359 353
359 113
572 697
572 453
697 290
268 456
268 497
456 102
456 90
262 651
262 590
651 36
651 564
160 365
160 135
160 423
365 58
365 525
595 671
595 639
671 203
70 319
70 240
70 396
319 251
47 317
47 279
317 461
317 388
295 657
295 98
295 561
657 214
657 407
557 577
557 189
557 451
577 512
278 475
278 517
31 220
31 588
31 610
220 208
220 225
296 71
296 288
267 604
267 100
267 197
604 483
662 386
662 620
396 498
498 102
63 536
63 82
536 507
536 5
35 190
35 256
190 601
49 134
134 571
134 677
266 200
266 673
575 0
575 410
484 391
484 666
92 590
372 635
372 576
372 245
635 677
635 407
461 114
454 686
454 587
454 170
686 301
138 468
138 374
468 464
468 246
105 291
105 639
105 377
291 560
150 204
150 511
150 123
204 118
204 96
652 689
652 615
652 504
689 632
22 674
22 644
22 117
674 618
674 228
86 677
86 286
86 342
465 606
465 560
465 345
606 244
606 669
303 252
303 426
264 436
264 514
264 61
436 284
436 401
179 356
179 80
356 471
313 585
313 364
585 158
585 377
644 666
644 68
666 444
302 499
302 32
286 625
588 61
597 389
597 508
135 685
135 432
543 629
543 99
629 345
629 490
82 670
82 609
670 534
626 75
626 609
395 341
395 548
98 442
425 203
425 273
586 435
306 126
306 10
255 607
255 381
607 445
607 72
226 293
226 5
293 522
139 148
139 682
148 315
148 589
297 344
297 159
297 535
344 214
1 345
1 152
472 411
472 227
432 550
432 184
550 107
64 569
522 680
117 642
117 495
642 435
642 534
157 211
157 390
157 533
211 530
453 600
453 602
600 247
153 159
153 320
153 89
159 369
244 32
114 469
114 318
469 339
469 480
390 660
660 502
660 429
391 625
391 316
625 466
203 310
622 587
197 265
197 442
265 315
471 257
11 84
11 218
84 230
598 540
598 284
341 51
61 352
43 399
43 102
330 470
330 215
8 353
8 383
8 75
353 427
193 389
193 42
193 325
389 324
405 55
435 667
667 301
667 552
483 249
118 493
493 111
493 576
67 695
67 541
67 280
695 209
695 125
42 620
620 272
177 481
177 438
40 412
40 384
40 479
412 399
127 151
127 490
127 237
151 414
151 109
75 173
369 582
369 256
144 231
144 69
144 50
231 584
77 479
77 552
479 29
610 495
83 169
83 32
314 170
314 304
680 299
91 108
91 694
444 519
444 100
519 458
519 631
136 641
136 186
641 480
641 324
116 672
116 340
116 414
672 690
672 429
685 618
442 684
684 347
684 507
682 381
347 541
215 458
560 261
613 658
632 36
55 524
393 73
393 350
108 669
108 367
195 574
195 243
195 252
574 675
574 581
36 410
410 106
340 663
340 132
663 300
132 634
634 699
447 646
447 511
646 158
646 248
248 234
72 112
392 621
621 546
621 614
173 406
173 189
406 165
406 112
381 421
122 342
122 188
122 383
342 477
470 531
470 367
531 373
531 103
76 62
76 559
411 254
112 678
172 288
172 113
288 130
239 616
239 364
616 273
208 414
208 366
301 537
184 537
537 103
130 328
130 650
328 580
216 242
216 696
216 556
242 167
242 16
511 154
158 694
270 464
270 62
582 185
217 305
217 428
305 504
218 398
386 310
655 647
655 640
28 257
28 225
142 149
142 378
149 446
428 515
428 478
515 251
515 320
246 624
624 539
624 2
167 568
167 141
261 280
421 502
421 497
164 563
164 675
563 407
563 206
361 601
361 549
361 320
601 308
200 103
559 693
693 438
693 512
165 450
100 661
292 367
292 542
292 676
234 533
234 696
533 676
437 228
437 676
643 488
257 168
124 51
124 450
279 378
541 236
6 256
6 78
6 402
171 589
171 52
589 20
225 535
272 501
501 331
90 379
566 439
110 322
110 627
110 681
398 478
398 599
478 611
673 290
46 631
594 546
594 614
240 658
240 564
325 539
325 213
539 540
59 96
612 690
612 174
323 608
213 524
213 561
431 316
599 189
599 188
351 524
351 30
351 661
678 418
678 383
96 147
38 324
440 185
308 571
308 467
571 214
235 321
235 21
321 166
568 656
20 358
230 517
230 534
513 549
513 346
549 318
542 166
310 186
415 206
415 488
78 648
648 168
648 106
532 16
532 578
26 439
26 466
26 529
439 202
385 399
385 161
385 523
174 109
123 637
637 137
126 481
126 5
99 289
99 68
289 121
466 245
569 619
569 618
236 294
294 438
514 362
352 487
352 109
487 614
487 467
21 653
21 490
653 125
653 331
481 619
619 552
584 371
502 640
111 299
299 251
27 58
58 29
65 161
65 446
161 175
73 263
73 243
263 168
458 52
451 241
658 371
581 355
318 54
699 48
480 556
169 379
169 74
362 332
192 350
192 488
0 445
0 422
580 611
611 476
209 88
209 418
10 467
10 107
69 2
573 187
573 133
243 366
422 401
422 312
374 592
300 523
499 556
499 371
205 207
50 681
121 548
491 627
491 339
491 355
249 101
476 24
337 3
154 349
154 207
349 187
696 228
137 525
137 175
525 332
418 535
423 477
23 530
23 227
23 74
615 74
17 227
17 273
17 202
141 312
89 331
426 529
426 608
284 187
495 366
475 650
475 527
650 290
245 602
373 548
355 346
477 402
364 3
358 446
358 645
133 253
253 681
241 24
71 202
68 280
147 564
247 661
247 507
106 512
346 101
254 388
3 30
30 312
645 527
237 402
