750 1125
262 634
262 456
262 36
634 11
634 564
425 432
425 582
425 80
432 393
432 491
370 496
370 472
370 606
496 409
496 582
334 650
334 247
334 585
650 299
650 732
331 477
331 299
331 399
477 366
477 375
87 126
87 144
87 475
126 468
126 21
78 733
78 588
78 222
733 419
733 252
28 58
28 404
28 268
58 106
58 523
144 359
144 168
73 209
73 501
73 117
209 675
209 368
152 502
152 189
152 218
502 712
502 608
554 671
554 614
554 536
671 367
671 736
177 446
177 506
177 333
446 226
446 676
24 353
24 3
24 264
353 401
353 20
472 629
472 259
629 100
629 469
394 691
394 709
394 478
691 92
691 155
510 741
510 179
510 559
741 137
741 32
395 525
395 601
395 428
525 227
525 515
114 664
114 538
114 40
664 534
664 230
709 603
709 660
265 397
265 180
265 170
397 43
397 725
235 545
235 123
235 244
545 737
545 420
115 727
115 160
115 253
727 206
727 528
359 688
359 354
688 55
688 46
188 708
188 163
188 131
708 512
708 638
447 581
447 533
447 639
581 295
581 173
64 663
64 667
64 108
663 83
663 181
435 579
435 319
435 183
579 627
579 489
179 313
179 344
501 223
501 79
343 371
343 5
343 108
371 387
371 747
3 424
3 241
424 509
424 151
348 678
348 527
348 71
678 575
678 543
111 613
111 132
111 392
613 608
613 662
237 600
237 93
237 236
600 734
600 485
191 484
191 591
191 551
484 72
484 238
127 728
127 541
127 423
728 95
728 356
238 336
238 217
336 690
336 618
254 680
254 326
254 434
680 507
680 8
133 143
133 276
133 233
143 542
143 491
297 660
297 22
297 682
660 549
571 625
571 70
571 164
625 509
625 180
185 580
185 653
185 124
580 207
580 285
511 592
511 41
511 50
592 159
592 100
349 670
349 295
349 495
670 433
670 346
546 699
546 646
546 455
699 309
699 642
251 373
251 456
251 33
373 593
373 103
34 268
34 521
34 36
268 60
246 694
246 721
246 337
694 347
694 23
14 698
14 404
14 285
698 576
698 300
538 61
538 476
4 523
4 368
4 26
523 59
449 626
449 528
449 462
626 624
626 407
157 338
157 135
157 154
338 207
338 526
88 504
88 489
88 503
504 225
504 700
487 738
487 65
487 725
738 339
738 350
305 609
305 367
305 420
609 384
609 666
116 584
116 611
116 539
584 282
584 82
287 722
287 223
287 637
722 378
722 632
328 494
328 7
328 13
494 674
494 314
414 534
414 23
414 277
534 544
668 679
668 166
668 74
679 320
679 583
83 278
83 427
15 519
15 234
15 366
519 480
519 621
72 406
72 429
406 214
406 62
56 389
56 396
56 462
389 339
389 521
387 418
387 539
418 379
418 51
290 467
290 241
290 390
467 81
467 461
70 257
70 294
182 385
182 149
182 228
385 645
385 173
194 350
194 520
194 463
350 707
493 674
493 490
493 269
674 413
91 514
91 497
91 63
514 250
514 221
174 292
174 175
174 386
292 597
292 700
690 702
690 619
296 654
296 171
296 400
654 356
654 317
5 206
5 269
158 711
158 411
158 340
711 84
711 549
667 439
667 464
210 721
210 503
210 615
721 640
294 464
294 29
464 516
702 468
702 719
542 257
542 693
167 518
167 437
167 35
518 503
518 195
419 439
419 495
703 739
703 61
703 2
739 131
739 302
105 314
105 377
105 529
314 151
433 497
433 386
497 208
342 388
342 469
342 561
388 636
388 317
71 410
71 641
410 576
410 288
289 623
289 547
289 345
623 9
623 642
539 98
530 686
530 466
530 431
686 226
686 112
282 273
282 344
271 346
271 298
271 155
346 662
293 364
293 475
293 68
364 108
364 176
12 113
12 498
12 720
113 569
113 715
22 263
22 220
223 374
591 202
591 319
466 13
466 128
563 719
563 230
563 231
719 621
109 140
109 333
109 601
140 380
140 160
307 384
307 309
307 693
384 573
448 661
448 402
448 669
661 96
661 31
557 577
557 43
557 647
577 1
577 2
98 39
98 381
208 280
208 197
280 222
280 452
429 666
429 40
666 744
379 154
379 120
356 228
96 215
96 196
215 473
215 642
553 710
553 582
553 482
710 106
710 163
137 43
137 444
361 369
361 241
361 677
369 641
369 169
67 426
67 537
67 586
426 683
426 243
266 635
266 263
266 65
635 627
635 320
465 606
465 38
465 118
606 616
438 589
438 676
438 558
589 513
589 713
234 701
234 198
701 365
701 345
347 718
347 599
718 176
718 229
39 283
39 416
352 656
352 171
352 743
656 90
656 354
259 376
259 224
376 253
376 729
544 120
544 325
299 335
90 344
90 620
26 653
26 570
653 117
621 60
226 624
624 274
339 475
598 726
598 665
598 720
726 434
726 471
643 716
643 231
643 382
716 165
716 588
219 568
219 20
219 125
568 178
568 278
460 631
460 270
460 676
631 85
631 543
391 522
391 175
391 531
522 672
522 677
120 337
315 374
315 481
315 458
374 250
302 593
302 412
593 62
50 476
50 367
476 54
136 399
136 7
136 512
399 79
478 517
478 169
517 228
517 628
638 655
638 48
655 229
655 119
214 309
214 657
239 482
239 193
239 49
482 53
146 291
146 57
146 261
291 524
291 44
202 520
202 569
712 551
712 505
576 594
213 457
213 455
213 197
457 324
457 483
381 696
381 303
6 316
6 436
6 583
316 695
316 526
171 222
732 135
732 430
245 436
245 612
245 428
436 286
696 312
696 645
159 531
159 255
531 730
207 362
489 533
65 48
178 355
178 220
355 149
355 380
474 506
474 66
474 279
506 555
357 595
357 585
357 723
595 486
595 52
434 304
608 165
253 377
363 684
363 284
363 507
684 508
684 403
176 211
211 614
211 62
77 479
77 303
77 37
479 548
479 651
30 218
30 212
30 284
218 94
508 682
508 306
165 272
272 583
272 535
220 564
250 107
206 201
69 84
69 279
69 450
84 99
139 637
139 468
139 471
637 32
524 332
524 682
196 532
196 527
616 729
616 415
729 480
286 33
286 161
404 148
197 736
736 458
481 76
481 257
75 747
75 612
75 261
747 461
204 403
204 101
204 383
403 221
362 422
362 94
422 95
422 162
396 647
396 310
79 267
44 103
44 513
103 200
161 697
161 547
697 529
697 452
8 604
8 281
604 610
604 277
25 535
25 55
25 453
535 594
551 42
55 135
431 151
431 488
38 673
38 430
565 619
565 360
565 578
619 640
612 276
303 94
351 714
351 150
351 735
714 411
714 11
509 230
537 658
537 540
575 566
575 646
270 437
270 659
456 102
672 66
672 440
150 562
150 112
562 735
562 298
119 318
119 483
318 383
318 121
412 463
412 183
193 267
193 459
267 92
142 558
142 570
142 444
558 358
329 375
329 573
329 675
375 92
536 588
536 574
183 330
330 18
330 10
122 225
122 532
122 130
225 492
51 421
51 622
421 411
421 153
735 590
0 483
0 59
0 622
439 662
458 52
33 561
647 358
528 611
611 515
41 281
41 685
154 264
390 488
390 35
488 512
393 54
393 527
118 459
118 398
20 308
308 473
308 665
189 549
189 454
17 648
17 633
17 132
648 35
648 620
541 590
541 256
325 66
325 23
473 326
480 665
284 187
614 186
37 731
37 452
585 224
437 492
186 402
186 550
529 104
47 279
47 110
47 594
278 459
555 60
555 366
162 275
162 441
275 574
275 513
236 322
236 734
322 450
322 617
574 740
1 18
1 180
175 312
312 9
190 602
190 415
190 273
602 19
602 145
556 687
556 622
556 742
687 415
687 333
123 283
123 313
283 490
173 540
540 285
7 683
365 605
365 153
274 681
274 156
681 335
681 21
332 57
332 520
110 749
110 486
749 724
749 134
40 311
240 715
240 301
240 102
715 232
402 444
264 392
610 269
610 423
345 597
597 378
199 552
199 443
199 132
552 450
552 107
304 745
304 470
745 560
745 644
295 31
717 725
717 500
717 413
416 657
416 323
657 147
641 227
117 748
748 636
748 618
124 360
124 205
360 675
734 337
377 567
567 205
567 68
326 203
212 298
212 596
59 205
134 526
134 129
138 160
138 550
138 201
61 232
440 443
440 743
443 507
93 102
93 561
2 644
644 442
401 628
401 57
628 131
181 368
181 107
383 145
486 707
172 408
172 249
172 49
408 86
408 409
646 244
106 354
451 485
451 184
451 45
485 68
455 128
313 141
462 398
198 564
198 601
99 442
99 463
442 95
232 104
301 730
301 407
505 499
505 129
201 310
310 341
101 147
101 652
500 615
500 300
615 724
707 742
164 630
164 243
163 572
121 704
121 227
704 689
704 586
382 659
382 327
659 590
52 692
229 578
358 743
249 651
249 341
651 89
224 669
195 18
195 277
187 276
187 495
409 247
76 170
76 260
170 400
42 532
42 281
128 603
461 533
633 288
633 155
19 148
19 723
148 566
97 247
97 192
97 724
141 430
141 420
372 470
372 192
372 81
470 572
48 453
550 731
320 153
469 649
649 243
649 36
605 677
605 695
603 658
321 491
321 86
321 166
31 515
63 74
63 417
74 441
569 405
156 46
156 737
547 255
341 10
658 720
168 248
168 263
248 149
248 454
104 746
392 242
335 233
319 685
169 378
695 125
217 244
217 256
203 498
203 617
498 627
10 713
683 89
645 27
731 46
453 306
80 256
80 54
618 258
499 417
499 260
288 578
49 543
192 86
260 744
744 81
669 252
45 685
45 252
516 636
516 454
216 423
216 112
216 746
673 145
673 427
27 85
27 596
147 323
323 599
413 706
560 125
560 692
596 689
689 632
221 640
85 607
692 427
405 587
405 607
16 617
16 705
16 559
700 693
587 324
587 521
713 32
490 324
737 570
9 380
572 255
231 573
566 632
82 548
82 340
548 306
742 652
100 559
273 184
130 746
130 261
233 740
740 311
471 630
630 417
445 492
445 607
445 407
13 620
166 53
386 29
400 327
441 258
327 639
639 11
242 317
242 599
21 340
184 586
129 53
29 730
200 706
200 705
706 258
705 300
723 652
89 311
428 398
