576 864
402 519
402 351
402 486
519 436
519 115
463 535
463 536
463 134
535 96
535 75
155 190
155 73
155 479
190 120
190 483
157 361
157 192
157 420
361 532
361 26
266 277
266 286
266 389
277 518
277 369
140 528
140 510
140 65
528 251
528 142
391 537
391 193
391 234
537 504
537 28
143 197
143 32
143 323
197 522
197 555
286 546
286 42
188 205
188 437
188 211
205 502
205 280
258 291
258 384
258 545
291 93
291 455
91 263
91 480
91 289
263 83
263 575
20 221
20 108
20 275
221 374
221 170
372 560
372 183
372 200
560 570
560 12
298 574
298 381
298 130
574 113
574 485
125 274
125 356
125 459
274 465
274 431
313 474
313 366
313 164
474 14
474 104
532 342
532 487
44 447
44 148
44 100
447 458
447 376
102 290
102 427
102 412
290 101
290 440
238 309
238 317
238 411
309 127
309 74
96 216
96 415
216 152
216 355
389 27
389 347
150 196
150 553
150 328
196 431
196 209
94 533
94 252
94 466
533 387
533 63
112 331
112 33
112 128
331 439
331 469
184 445
184 531
184 187
445 318
445 243
75 538
75 572
538 414
538 379
358 481
358 568
358 395
481 499
481 547
31 86
31 71
31 526
86 267
86 109
318 412
318 231
223 436
223 305
223 564
436 327
19 130
19 183
19 457
130 267
230 570
230 554
230 179
570 300
1 243
1 299
1 3
243 427
416 431
416 498
416 16
161 479
161 81
161 55
479 53
32 78
32 521
78 160
78 200
45 524
45 250
45 566
524 448
524 51
434 476
434 350
434 428
476 534
476 382
56 542
56 484
56 97
542 256
542 208
66 336
66 201
66 545
336 39
336 172
60 405
60 57
60 232
405 337
405 454
212 301
212 41
212 444
301 169
301 304
87 377
87 215
87 453
377 147
377 531
82 429
82 280
82 62
429 55
429 491
280 525
46 116
46 229
46 302
116 163
116 199
353 505
353 456
353 329
505 363
505 69
215 562
215 54
562 433
562 501
83 541
83 204
133 520
133 117
133 162
520 409
520 93
122 483
122 518
122 400
483 244
180 452
180 134
180 364
452 181
452 168
34 407
34 288
34 3
407 523
407 550
201 349
201 139
342 347
342 547
333 563
333 165
333 573
563 25
563 281
167 262
167 558
167 68
262 260
262 163
226 348
226 553
226 491
348 306
348 536
53 240
53 338
240 8
240 104
522 575
522 571
55 315
227 383
227 123
227 149
383 448
383 449
261 296
261 195
261 123
296 181
296 473
441 501
441 468
441 320
501 464
299 408
299 191
408 472
408 35
101 176
101 303
176 307
176 380
575 487
37 268
37 63
37 395
268 354
268 255
108 281
108 244
10 552
10 332
10 192
552 253
552 365
254 513
254 182
254 462
513 64
513 454
181 311
337 529
337 253
529 417
529 344
136 548
136 373
136 437
548 264
548 107
328 471
328 132
471 492
471 14
47 470
47 74
47 147
470 319
470 485
76 88
76 494
76 103
88 512
88 496
36 52
36 59
36 28
52 22
52 564
117 135
117 259
135 204
135 113
305 21
305 9
287 308
287 329
287 397
308 271
308 350
113 510
510 121
109 558
109 385
558 486
169 334
169 371
334 568
334 539
115 461
115 473
461 397
461 5
210 451
210 393
210 340
451 118
451 543
525 273
525 534
145 242
145 178
145 164
242 482
242 233
492 485
492 489
22 400
22 257
400 550
26 168
26 163
472 516
472 219
13 437
13 326
13 70
183 177
317 432
317 98
384 322
384 312
62 24
62 131
72 495
72 30
72 319
495 413
495 306
541 214
541 7
127 48
127 126
241 569
241 406
241 352
569 487
569 35
39 438
39 396
182 430
182 154
319 120
137 341
137 228
137 272
341 38
341 177
253 453
124 151
124 521
124 468
151 390
151 469
411 252
411 255
79 247
79 106
79 12
247 458
247 99
365 375
365 557
375 316
375 404
80 224
80 111
80 370
224 571
224 399
51 566
51 119
566 307
118 327
118 550
327 219
5 41
5 349
41 546
509 514
509 345
509 343
514 160
514 206
518 7
264 555
264 339
382 549
382 499
549 397
549 362
16 172
16 68
172 168
345 360
345 272
40 300
40 114
40 81
300 446
412 50
84 245
84 59
84 154
245 310
245 381
21 357
21 442
67 421
67 29
67 385
421 195
421 511
189 508
189 214
189 295
508 556
508 128
71 179
71 443
207 553
207 259
207 368
92 194
92 351
92 442
194 465
194 379
64 6
64 246
439 49
439 462
273 330
273 192
294 557
294 156
294 186
557 175
73 171
73 354
171 312
171 423
89 295
89 523
89 208
295 77
235 489
235 329
235 440
489 422
144 469
144 392
144 438
260 236
260 360
310 234
310 338
7 312
228 364
228 98
199 450
199 387
450 289
450 330
160 371
369 396
369 388
417 303
417 271
468 191
153 428
153 119
153 401
428 466
360 279
43 49
43 466
43 278
49 388
132 225
132 209
225 559
225 409
267 410
148 251
148 465
251 236
81 191
314 363
314 427
314 265
363 516
99 484
99 370
484 35
33 488
33 175
195 446
497 512
497 475
497 482
512 173
545 282
158 390
158 233
158 443
390 561
57 324
57 527
149 332
149 488
332 423
406 293
406 376
68 185
134 289
438 419
232 173
232 351
236 565
565 220
565 540
467 507
467 239
467 139
507 211
507 523
304 322
304 272
6 270
6 141
270 401
270 27
252 373
426 573
426 325
426 500
573 540
58 326
58 302
58 193
326 106
203 415
203 173
203 105
415 432
316 432
316 50
409 187
350 206
499 98
17 392
17 521
17 129
392 65
271 9
281 559
259 178
554 418
554 146
306 503
503 4
503 18
12 257
152 229
152 442
4 556
4 187
556 256
413 423
413 138
249 414
249 366
249 23
414 555
568 410
9 500
324 435
324 159
435 457
435 460
0 222
0 18
0 24
222 386
222 398
480 256
480 288
239 105
239 25
385 543
214 455
106 422
123 292
292 352
292 15
70 146
70 229
146 284
11 69
11 18
11 220
69 213
185 303
185 162
114 276
114 38
48 387
48 460
175 177
367 527
367 42
367 162
527 430
356 297
356 357
446 311
454 325
284 349
284 362
63 493
458 403
403 237
403 107
330 103
293 395
293 209
126 567
126 343
567 165
567 231
425 464
425 362
425 218
464 444
3 335
335 359
335 179
459 234
459 511
424 517
424 138
424 103
517 343
517 376
107 572
572 399
493 526
493 105
131 282
131 244
282 475
516 29
420 359
420 357
543 269
61 321
61 544
61 59
321 534
321 511
482 478
488 374
354 111
104 121
121 246
443 490
490 419
490 311
93 276
448 90
237 74
237 502
14 394
344 129
344 276
322 119
142 269
142 213
269 530
396 506
166 208
166 477
166 202
531 100
410 198
211 368
368 90
422 178
255 325
386 478
386 54
129 320
559 378
371 473
302 110
340 378
340 401
378 339
381 159
275 231
275 202
366 278
2 504
2 475
2 97
504 85
220 551
352 564
213 571
456 491
456 373
374 156
399 506
200 440
477 323
477 498
486 478
8 278
8 547
120 320
257 297
430 186
29 346
346 419
346 418
138 500
551 95
551 204
526 250
418 250
85 515
85 30
515 380
515 233
457 24
198 315
198 283
339 498
95 156
95 90
393 379
393 347
248 496
248 355
248 147
496 338
110 111
110 50
544 323
544 285
444 404
27 494
25 202
453 38
206 279
139 42
141 159
141 30
170 540
170 404
265 283
265 539
283 217
561 246
561 279
15 28
15 460
539 536
285 502
285 398
506 530
154 315
394 455
394 370
297 546
217 359
217 433
65 186
355 380
364 193
288 100
388 219
307 494
23 97
23 128
54 174
530 462
165 218
174 77
174 218
164 449
449 77
433 398
