400 600
166 181
166 324
166 360
181 340
181 188
111 254
111 350
111 26
254 67
254 161
95 148
95 344
95 145
148 2
148 135
223 306
223 361
223 99
306 44
306 167
255 375
255 143
255 92
375 296
375 321
125 256
125 19
125 44
256 117
256 121
267 367
267 321
267 153
367 228
367 382
76 390
76 397
76 234
390 144
390 130
114 264
114 23
114 244
264 322
264 42
86 193
86 50
86 290
193 370
193 353
98 158
98 103
98 62
158 283
158 36
41 51
41 362
41 39
51 59
51 228
126 229
126 241
126 280
229 343
229 90
237 362
237 155
237 48
362 132
47 183
47 191
47 165
183 354
183 122
101 163
101 38
101 376
163 359
163 192
56 259
56 15
56 40
259 331
259 397
45 268
45 171
45 301
268 252
268 102
144 147
144 67
22 266
22 184
22 25
266 364
266 46
313 348
313 274
313 327
348 24
348 376
187 379
187 220
187 155
379 15
379 156
173 206
173 338
173 198
206 202
206 385
73 357
73 287
73 39
357 215
357 127
92 218
92 224
218 214
218 204
202 251
202 212
251 104
251 100
201 372
201 137
201 90
372 399
372 124
46 269
46 220
269 289
269 368
109 307
109 153
109 257
307 260
307 152
78 301
78 373
78 84
301 0
103 385
103 157
385 386
159 393
159 278
159 108
393 189
393 142
221 377
221 74
221 383
377 146
377 70
24 282
24 250
120 145
120 270
120 113
145 85
142 331
142 292
331 387
185 274
185 83
185 325
274 99
35 366
35 222
35 380
366 320
366 89
70 333
70 190
333 358
333 219
50 32
50 79
9 323
9 295
9 17
323 20
323 129
60 270
60 107
60 220
270 137
225 365
225 332
225 299
365 371
365 330
175 355
175 302
175 179
355 381
355 281
238 304
238 316
238 104
304 23
304 335
146 319
146 43
319 43
319 374
12 239
12 332
12 62
239 356
239 217
197 275
197 311
197 178
275 338
275 396
149 235
149 328
149 59
235 177
235 328
222 232
222 59
19 82
19 53
96 247
96 224
96 133
247 124
247 310
64 276
64 192
64 178
276 37
276 196
71 172
71 82
71 43
172 99
172 305
143 151
143 317
151 165
151 286
371 63
371 69
191 344
191 300
344 168
321 133
2 399
2 271
18 263
18 354
18 314
263 160
263 1
296 65
296 180
161 330
161 0
330 162
94 258
94 343
94 52
258 262
258 31
88 373
88 198
88 141
373 91
226 325
226 38
226 309
325 295
354 207
15 308
105 282
105 394
105 342
282 285
224 398
117 384
117 30
253 278
253 7
253 383
278 326
299 394
299 8
394 369
32 244
32 115
20 389
20 245
133 389
389 69
293 350
293 42
293 311
350 380
232 358
232 312
358 72
338 49
399 31
295 381
180 195
180 273
195 257
195 141
153 316
300 349
300 312
349 4
349 54
90 121
121 315
249 303
249 154
249 337
303 178
303 138
283 36
283 243
341 386
341 326
341 3
386 119
116 286
116 36
116 227
286 140
107 72
107 310
171 231
171 4
231 395
231 334
356 243
356 395
23 85
85 10
110 391
110 13
110 277
391 359
391 81
332 199
328 130
290 271
290 374
28 29
28 315
28 113
29 327
29 154
203 308
203 196
203 150
308 128
7 215
7 392
14 112
14 378
14 169
112 170
112 384
11 214
11 216
11 33
214 136
155 169
137 5
54 194
54 62
194 297
194 374
316 209
250 361
250 100
361 8
261 272
261 342
261 100
272 176
272 177
208 364
208 351
208 40
364 97
67 136
312 233
91 26
91 184
97 285
97 233
285 57
130 75
162 271
162 240
186 210
186 302
186 188
210 68
210 44
39 200
200 58
200 340
83 234
83 167
234 335
4 179
179 30
38 240
131 292
131 122
131 392
292 369
287 387
287 134
387 245
376 318
363 382
363 277
363 212
382 5
370 84
370 30
182 230
182 27
182 79
230 207
230 317
204 227
204 34
227 80
284 345
284 61
284 81
345 329
345 347
58 27
58 160
72 398
87 343
87 297
87 189
381 388
335 337
337 339
215 334
82 397
170 242
170 298
242 66
242 113
119 169
119 68
164 320
164 291
164 52
320 156
65 207
65 61
6 139
6 311
6 314
139 10
139 298
123 395
123 260
123 368
217 277
217 322
147 352
147 122
352 305
352 318
297 324
324 167
260 384
33 205
33 127
205 124
205 190
176 53
176 236
192 25
136 342
49 152
49 196
127 248
248 84
248 280
3 209
3 27
209 69
160 317
156 392
326 13
16 26
16 132
16 246
108 118
108 228
118 245
118 93
168 388
168 138
388 281
104 157
177 339
302 279
380 216
189 199
5 353
66 93
66 310
273 211
273 336
243 309
63 211
63 174
13 240
128 347
128 211
347 252
188 398
257 262
318 346
346 294
346 55
57 314
57 10
140 339
140 298
61 174
340 21
81 262
0 21
165 359
244 241
233 152
93 360
37 322
37 135
199 31
68 138
42 315
305 360
198 378
378 291
34 141
34 265
329 150
329 102
132 265
184 190
327 219
241 129
1 246
1 383
246 21
288 294
288 129
288 219
294 289
236 265
236 154
115 213
115 89
213 309
213 89
150 80
289 40
369 74
48 79
48 106
157 336
336 8
334 396
396 174
281 74
80 55
279 135
279 106
212 252
25 77
106 351
351 52
368 280
216 134
75 102
75 353
55 291
134 17
17 77
53 77
