200 300
6 18
6 32
6 160
18 145
18 175
10 34
10 147
10 8
34 107
34 163
83 133
83 190
83 81
133 90
133 199
44 164
44 142
44 96
164 151
164 148
145 134
145 177
110 130
110 136
110 117
130 43
130 78
104 160
104 33
104 74
160 2
7 154
7 48
7 61
154 186
154 141
16 47
16 65
16 132
47 82
47 8
19 183
19 139
19 156
183 194
183 171
127 143
127 173
127 182
143 149
143 75
170 178
170 105
170 195
178 9
178 37
22 108
22 101
22 169
108 129
108 181
0 142
0 89
0 61
142 42
12 107
12 115
12 80
107 135
4 158
4 173
4 198
158 131
158 91
57 139
57 56
57 88
139 97
20 120
20 39
20 198
120 48
120 1
84 123
84 147
84 126
123 196
123 43
59 103
59 169
59 69
103 38
103 52
151 15
151 116
144 180
144 27
144 192
180 32
180 13
95 141
95 152
95 17
141 42
15 189
15 115
173 28
24 99
24 65
24 49
99 69
99 125
67 198
67 100
67 1
2 81
2 197
182 76
182 58
125 185
125 165
185 106
185 71
36 192
36 98
36 161
192 3
82 85
82 153
66 117
66 51
66 98
117 197
46 114
46 171
46 79
114 149
114 132
159 171
159 153
159 113
76 155
76 26
11 30
11 73
11 94
30 50
30 52
54 106
54 21
54 28
106 72
48 174
75 193
75 196
193 140
193 77
32 188
188 135
188 168
41 136
41 135
41 176
136 181
56 167
56 162
167 71
167 85
40 61
40 78
40 119
100 45
100 96
49 128
49 93
128 115
128 118
101 68
101 166
196 69
31 58
31 195
31 119
58 88
65 53
78 118
118 39
169 14
3 179
3 27
179 87
179 138
62 195
62 14
62 116
79 92
79 102
92 153
92 23
33 161
33 5
50 21
50 81
5 60
5 194
60 13
60 86
90 165
90 175
165 70
9 113
9 176
113 150
137 161
137 86
137 191
190 122
190 163
38 111
38 138
51 29
51 163
186 72
186 166
149 131
73 112
73 152
122 93
122 64
87 105
87 150
105 199
21 177
27 157
157 68
157 155
14 172
172 124
172 55
53 121
53 116
121 129
121 124
52 156
156 132
43 98
124 187
25 29
25 63
25 39
29 97
55 191
55 96
191 109
197 129
13 68
94 146
94 74
146 45
146 42
1 80
85 184
184 91
184 37
17 176
17 138
93 64
45 37
72 166
86 119
102 109
102 126
109 187
89 80
89 126
8 168
134 187
134 181
152 26
111 148
111 77
148 35
71 112
194 63
174 131
174 23
140 23
140 70
155 77
112 91
63 199
189 162
189 88
147 175
74 168
150 35
64 97
177 26
162 35
28 70
