450 675
263 370
263 369
263 412
370 348
370 20
193 445
193 410
193 418
445 119
445 416
60 181
60 395
60 66
181 363
181 380
67 77
67 302
67 204
77 39
77 290
16 93
16 61
16 163
93 389
93 31
179 218
179 48
179 40
218 194
218 241
64 142
64 233
64 138
142 163
142 393
5 65
5 123
5 109
65 61
65 419
230 449
230 150
230 296
449 199
449 240
315 398
315 373
315 330
398 381
398 346
234 419
234 23
234 43
419 235
37 152
37 394
37 116
152 82
152 25
244 374
244 52
244 191
374 53
374 89
114 246
114 272
114 214
246 415
246 368
383 389
383 434
383 0
389 23
3 177
3 45
3 407
177 320
177 101
140 164
140 380
140 194
164 159
164 36
62 74
62 151
62 382
74 187
74 175
320 331
320 10
238 336
238 240
238 47
336 91
336 408
55 205
55 429
55 20
205 33
205 12
18 403
18 14
18 120
403 27
403 189
298 448
298 251
298 344
448 278
448 418
235 197
235 28
397 436
397 329
397 209
436 136
436 353
117 302
117 102
117 171
302 434
214 216
214 279
216 335
216 178
226 227
226 252
226 391
227 147
227 411
314 401
314 24
314 340
401 266
401 334
321 446
321 332
321 438
446 187
446 144
2 153
2 422
2 309
153 79
153 81
106 390
106 63
106 100
390 364
390 424
159 447
159 324
187 316
219 416
219 87
219 128
416 180
76 129
76 90
76 303
129 72
129 86
14 145
14 277
145 33
145 45
339 341
339 276
339 28
341 82
341 71
394 437
394 41
98 135
98 104
98 247
135 252
135 405
109 410
109 128
410 223
136 17
136 81
11 274
11 249
11 342
274 430
274 113
280 319
280 371
280 428
319 95
319 26
97 188
97 444
97 432
188 310
188 411
318 422
318 420
318 245
422 345
415 151
415 308
195 342
195 87
195 174
342 166
127 287
127 362
127 107
287 267
287 329
15 393
15 388
15 88
393 384
151 440
444 116
444 353
429 168
429 277
143 322
143 354
143 283
322 116
322 51
178 289
178 45
289 160
289 299
313 352
313 53
313 327
352 268
352 99
48 217
48 44
35 69
35 299
35 367
69 307
69 40
124 156
124 201
124 217
156 260
156 271
345 402
345 215
402 248
402 137
33 357
369 232
369 166
47 61
47 351
347 350
347 269
347 158
350 385
350 79
22 126
22 231
22 346
126 163
126 89
323 392
323 29
323 367
392 92
392 256
54 213
54 81
54 332
213 1
213 310
1 359
1 19
359 426
359 200
12 207
12 349
207 269
207 300
254 387
254 43
254 285
387 338
387 366
83 258
83 46
83 56
258 358
258 404
191 447
191 38
447 212
155 283
155 221
155 257
283 301
23 184
266 379
266 391
379 365
379 30
36 250
36 108
96 224
96 317
96 146
224 192
224 86
79 10
247 384
247 24
384 286
388 157
388 273
150 204
150 206
204 186
182 236
182 176
182 144
236 276
236 406
154 165
154 113
154 7
165 92
165 261
119 286
119 306
251 372
251 360
372 288
372 441
385 424
385 417
424 399
405 439
405 174
439 157
439 100
338 349
338 130
349 4
40 88
395 99
395 208
87 358
358 312
130 21
130 259
53 368
161 325
161 148
161 305
325 63
325 29
426 112
426 239
71 288
71 206
288 259
75 249
75 91
75 330
249 407
50 85
50 78
50 306
85 437
85 220
169 414
169 265
169 256
414 276
414 309
275 432
275 268
275 212
432 261
198 328
198 396
198 255
328 147
328 128
0 111
0 281
111 160
111 228
58 183
58 420
58 121
183 253
183 25
301 120
301 343
158 386
158 211
386 104
386 255
44 373
44 250
373 123
46 334
46 421
268 356
229 293
229 381
229 425
293 291
293 311
123 284
284 335
284 431
70 138
70 192
70 41
138 84
269 168
166 273
273 149
437 19
331 312
331 428
91 362
371 196
371 264
102 327
102 184
240 307
307 334
265 253
265 430
294 296
294 300
294 201
296 355
72 94
72 149
94 120
94 52
194 435
122 360
122 412
122 407
360 305
317 144
317 185
241 406
241 208
406 337
348 362
348 264
430 400
368 375
157 259
243 442
243 375
243 185
442 189
442 233
337 326
337 399
66 428
66 162
17 8
17 297
147 361
312 49
299 361
361 196
282 290
282 137
282 286
290 49
261 267
267 215
42 327
42 8
42 412
101 376
101 375
376 107
376 245
420 248
300 90
73 170
73 86
73 225
170 172
170 264
295 381
295 367
295 175
24 252
19 38
355 95
355 139
78 132
78 329
132 180
132 202
201 221
221 408
330 344
344 250
400 356
400 438
215 366
366 222
196 277
233 380
363 377
363 304
377 199
377 278
326 13
326 418
351 421
351 208
421 133
100 39
13 291
13 107
291 396
30 212
30 435
354 431
354 9
431 365
365 125
308 333
308 304
333 357
333 356
118 172
118 43
118 271
172 203
89 6
168 210
278 310
335 222
160 311
297 427
297 28
427 167
427 149
316 440
316 59
440 239
231 173
231 357
92 443
434 441
441 409
95 175
104 248
133 202
133 311
202 304
57 292
57 34
57 10
292 39
292 443
200 7
200 103
186 110
186 306
121 340
121 190
340 34
399 378
139 217
139 31
9 364
9 404
364 112
63 211
309 148
34 173
110 38
110 56
8 413
413 99
413 4
115 228
115 80
115 146
228 409
32 141
32 211
32 270
141 210
141 190
279 27
279 68
176 271
176 41
189 272
192 112
285 209
285 324
27 425
84 378
84 197
131 222
131 256
131 242
51 113
51 7
409 245
435 242
171 220
171 223
408 167
173 303
260 103
260 332
185 305
209 281
281 396
272 134
29 237
4 257
257 262
31 353
425 21
20 148
346 125
242 382
303 232
225 197
225 167
137 255
203 88
203 146
90 433
210 237
108 443
108 237
80 190
80 25
391 417
82 103
6 162
6 105
162 105
21 56
199 253
125 26
378 404
26 134
134 174
223 59
220 68
417 411
206 433
433 343
438 270
232 105
343 184
68 270
52 262
262 180
382 59
324 423
423 239
423 49
