250 375
16 84
16 218
16 202
84 235
84 202
37 134
37 10
37 218
134 82
134 1
191 201
191 112
191 158
201 145
201 110
128 172
128 22
128 131
172 101
172 86
62 236
62 53
62 100
236 73
236 139
56 165
56 45
56 87
165 52
165 203
73 123
73 103
106 242
106 8
106 9
242 213
242 94
23 235
23 77
23 163
235 21
87 247
87 28
247 227
247 83
15 151
15 14
15 182
151 149
151 221
133 143
133 131
133 209
143 152
143 124
101 74
101 146
14 142
14 211
46 233
46 245
46 177
233 11
233 158
12 91
12 135
12 231
91 149
91 120
174 180
174 74
174 186
180 81
180 44
141 232
141 35
141 157
232 63
232 81
55 61
55 108
55 228
61 188
61 41
29 198
29 184
29 18
198 187
198 197
57 98
57 234
57 76
98 19
98 237
6 34
6 107
6 175
34 95
34 164
100 105
100 200
105 78
105 19
97 188
97 79
97 162
188 221
19 182
218 240
77 237
77 31
26 240
26 72
26 138
240 113
112 156
112 244
58 220
58 192
58 120
220 94
220 44
184 68
184 121
36 43
36 13
36 181
43 147
43 0
4 109
4 111
4 153
109 190
109 192
33 154
33 199
33 185
154 63
154 114
108 157
108 60
157 178
139 144
139 99
144 140
144 176
11 217
11 66
197 243
197 7
243 35
243 2
51 207
51 150
51 228
207 103
207 70
130 208
130 169
130 183
208 92
208 85
96 206
96 227
96 203
206 78
206 120
161 195
161 181
161 176
195 179
195 83
213 214
213 140
54 78
54 35
54 121
63 125
47 200
47 226
47 147
200 124
52 126
52 24
126 204
126 27
92 18
92 116
113 49
113 214
18 231
231 25
81 0
187 125
187 148
158 162
162 145
145 189
147 152
152 39
65 110
65 230
65 50
110 28
0 228
27 74
27 244
31 224
31 25
224 135
224 82
39 48
39 177
48 93
48 102
170 239
170 90
170 64
239 2
239 175
181 136
8 118
8 1
212 241
212 226
212 123
241 25
241 127
192 79
124 137
137 219
137 80
237 20
115 168
115 156
115 225
168 204
168 22
42 193
42 210
42 66
193 171
193 210
93 149
93 86
227 5
20 183
20 118
183 40
219 159
219 155
24 171
24 160
171 216
107 196
107 59
196 246
196 71
176 119
214 163
117 246
117 102
117 199
246 50
102 17
13 173
13 111
75 127
75 190
75 71
127 49
69 205
69 83
69 249
205 160
205 249
95 30
95 229
72 80
72 60
204 210
82 116
116 17
9 159
9 203
159 125
163 226
80 153
59 245
59 79
245 49
53 85
53 89
85 64
64 121
38 222
38 68
38 104
222 238
222 7
177 45
94 44
178 160
178 3
103 209
66 76
216 67
216 217
40 132
40 221
132 122
132 118
175 186
186 111
89 104
89 99
5 21
5 215
21 146
135 234
234 185
167 223
167 50
167 67
223 99
223 238
238 169
215 217
215 30
7 41
67 248
248 32
248 194
173 229
173 136
229 119
68 230
150 138
150 123
104 142
169 140
199 122
10 225
10 41
225 179
2 76
131 90
1 32
32 182
164 166
164 71
166 194
166 129
194 60
138 209
190 179
17 114
70 45
70 155
153 88
119 122
88 148
88 244
22 189
189 28
136 211
211 90
86 185
148 155
30 114
230 3
202 3
146 142
249 129
156 129
