76 114
10 34
10 40
10 12
34 0
34 70
58 65
58 14
58 11
65 51
65 4
4 73
4 1
73 0
73 15
51 62
51 75
62 27
62 29
5 74
5 55
5 43
74 64
74 28
49 53
49 48
49 6
53 52
53 33
22 44
22 30
22 1
44 7
44 67
21 46
21 48
21 9
46 35
46 67
19 39
19 31
19 23
39 38
39 14
27 52
27 69
52 3
28 69
28 64
69 17
17 20
17 29
8 75
8 54
8 15
75 40
12 36
12 32
36 2
36 32
2 68
2 33
68 72
68 13
48 25
47 57
47 72
47 32
57 7
57 31
13 37
13 55
37 16
37 61
38 50
38 35
30 56
30 9
0 41
9 11
29 54
54 42
16 63
16 35
63 71
63 64
15 20
40 23
18 23
18 25
18 24
42 6
42 71
20 26
26 59
26 11
50 45
50 59
7 66
24 60
24 45
60 66
60 72
45 55
14 41
41 70
59 71
56 70
56 43
6 31
66 1
67 61
33 43
61 3
3 25
