350 525
141 246
141 161
141 234
246 230
246 35
163 292
163 15
163 86
292 54
292 58
3 312
3 275
3 91
312 285
312 133
115 224
115 152
115 62
224 62
224 220
2 167
2 49
2 289
167 250
167 295
53 160
53 233
53 287
160 67
160 63
101 298
101 74
101 219
298 194
298 114
227 294
227 204
227 134
294 211
294 117
343 344
343 166
343 59
344 104
344 335
145 261
145 231
145 263
261 74
261 274
0 270
0 254
0 193
270 268
270 5
138 222
138 210
138 340
222 177
222 132
201 269
201 236
201 1
269 215
269 153
72 258
72 7
72 25
258 18
258 40
272 320
272 315
272 75
320 234
320 248
97 202
97 126
97 306
202 43
202 199
8 121
8 262
8 89
121 172
121 342
55 205
55 256
55 105
205 6
205 243
20 113
20 182
20 23
113 262
113 192
45 295
45 341
45 321
295 140
234 40
9 220
9 244
9 203
220 318
6 273
6 44
52 172
52 322
52 317
172 328
18 259
18 29
259 174
259 79
27 237
27 223
27 162
237 69
237 265
139 149
139 183
139 108
149 14
149 293
287 331
287 342
331 263
331 38
111 325
111 347
111 333
325 236
325 136
226 321
226 286
226 48
321 161
229 326
229 31
229 90
326 165
326 171
165 332
165 176
332 1
332 255
315 148
315 96
16 200
16 50
16 322
200 307
200 221
243 176
243 303
39 94
39 36
39 131
94 42
94 57
29 166
29 150
166 345
217 235
217 322
217 118
235 288
235 267
275 28
275 279
155 171
155 17
155 142
171 317
105 152
105 62
152 238
175 238
175 274
175 34
238 311
223 19
223 134
216 257
216 242
216 230
257 181
257 250
161 95
68 93
68 334
68 305
93 73
93 98
1 208
14 54
14 132
31 264
31 311
137 247
137 303
137 310
247 88
247 276
347 103
347 95
75 174
75 102
116 291
116 277
116 241
291 41
291 28
49 129
49 147
168 310
168 252
168 180
310 283
54 334
334 104
143 164
143 109
143 82
164 335
164 65
215 300
215 57
47 285
47 120
47 69
285 107
184 318
184 276
184 185
318 24
225 319
225 210
225 90
319 339
319 30
19 240
19 150
279 299
279 48
299 10
299 289
63 266
63 240
266 92
266 87
183 340
183 193
340 44
236 127
248 64
248 211
333 278
333 99
87 214
87 300
214 102
214 13
83 271
83 284
83 282
271 181
271 146
123 316
123 38
123 112
316 284
316 307
17 89
17 99
207 297
207 337
207 154
297 146
297 4
88 206
88 303
206 309
206 283
277 198
277 50
64 117
64 10
65 213
65 323
213 338
213 151
335 178
122 338
122 233
122 85
338 188
211 131
283 107
44 126
126 78
104 177
177 210
181 48
286 324
286 304
324 91
324 192
262 22
146 268
268 4
26 86
26 58
26 179
86 5
339 284
339 59
174 7
15 95
15 186
61 71
61 191
61 249
71 21
71 41
309 92
309 314
67 254
67 274
81 296
81 336
81 280
296 24
296 244
42 130
42 199
85 293
85 179
293 159
254 290
103 197
103 187
50 264
157 327
157 304
157 239
327 204
327 46
255 77
255 187
117 348
242 140
242 170
25 144
25 158
144 89
144 84
35 328
35 197
328 232
82 260
82 170
260 203
260 245
109 253
109 118
230 253
253 153
96 173
96 119
173 180
173 194
289 329
329 346
329 66
74 125
10 276
204 212
80 182
80 37
80 209
182 304
59 245
245 98
140 330
256 108
256 265
125 190
125 267
190 218
190 40
196 241
196 32
196 46
241 132
24 349
98 179
133 221
133 341
221 84
107 330
330 70
28 100
194 66
79 208
79 76
91 233
7 33
198 11
198 288
70 128
70 78
128 131
128 66
73 273
73 308
273 336
278 288
278 56
170 136
11 78
11 37
239 323
239 60
323 60
5 156
156 232
156 112
106 306
106 282
106 280
306 348
30 176
30 301
191 129
191 187
118 307
32 124
32 302
124 22
124 251
348 51
56 341
56 22
195 267
195 84
195 193
37 43
92 33
41 110
110 135
110 130
178 209
178 346
153 263
159 349
159 57
349 313
102 99
114 188
114 300
188 120
197 77
209 69
148 186
148 158
186 119
301 189
301 282
129 51
249 345
249 154
345 130
192 38
212 169
212 162
33 336
208 36
23 154
23 12
305 290
305 4
346 189
218 231
218 142
231 12
120 34
135 219
135 189
219 13
158 314
46 147
147 302
12 112
252 21
252 142
134 240
43 337
302 337
77 281
136 151
169 108
169 21
60 281
203 317
232 290
185 313
185 228
313 308
264 127
314 58
36 162
76 280
76 265
151 90
311 100
51 228
228 100
250 251
119 308
199 127
281 342
150 13
34 251
180 244
