150 2260
0 1
0 2
0 4
0 6
0 10
0 14
0 16
0 18
0 22
0 23
0 25
0 48
0 50
0 54
0 57
0 61
0 62
0 64
0 76
0 80
0 81
0 82
0 88
0 89
0 91
0 93
0 95
0 112
0 114
0 117
0 122
0 128
0 129
0 138
0 142
1 6
1 7
1 8
1 11
1 13
1 31
1 38
1 39
1 49
1 51
1 55
1 59
1 64
1 66
1 80
1 81
1 85
1 87
1 102
1 104
1 109
1 110
1 119
1 123
1 125
1 129
1 135
1 138
1 140
1 142
1 145
2 4
2 5
2 9
2 11
2 20
2 21
2 24
2 28
2 33
2 38
2 41
2 42
2 45
2 47
2 48
2 49
2 53
2 54
2 56
2 65
2 66
2 71
2 72
2 75
2 92
2 96
2 100
2 103
2 105
2 112
2 113
2 120
2 125
2 126
2 128
2 133
2 143
2 144
2 145
3 7
3 8
3 12
3 14
3 16
3 19
3 20
3 26
3 31
3 32
3 40
3 44
3 46
3 54
3 55
3 58
3 60
3 62
3 69
3 73
3 74
3 75
3 77
3 84
3 92
3 111
3 117
3 118
3 120
3 145
3 147
3 149
4 7
4 11
4 14
4 15
4 29
4 30
4 42
4 43
4 51
4 55
4 57
4 60
4 64
4 65
4 73
4 77
4 85
4 86
4 93
4 95
4 98
4 102
4 115
4 123
4 126
4 133
4 140
4 145
4 147
5 6
5 7
5 9
5 13
5 19
5 24
5 25
5 28
5 29
5 32
5 35
5 37
5 41
5 43
5 53
5 61
5 65
5 67
5 68
5 78
5 85
5 87
5 90
5 97
5 112
5 113
5 118
5 119
5 123
5 136
5 141
6 7
6 8
6 9
6 14
6 16
6 25
6 30
6 37
6 41
6 48
6 49
6 50
6 52
6 61
6 64
6 73
6 74
6 78
6 80
6 90
6 91
6 107
6 109
6 110
6 121
6 123
6 128
7 11
7 17
7 18
7 20
7 21
7 23
7 25
7 27
7 29
7 30
7 33
7 34
7 46
7 50
7 52
7 56
7 64
7 65
7 78
7 80
7 81
7 87
7 92
7 100
7 110
7 112
7 125
7 129
7 143
7 145
7 147
8 13
8 24
8 34
8 39
8 40
8 41
8 47
8 49
8 52
8 56
8 64
8 70
8 72
8 74
8 75
8 81
8 82
8 89
8 92
8 102
8 107
8 113
8 114
8 139
8 146
9 10
9 11
9 15
9 33
9 35
9 37
9 44
9 51
9 52
9 53
9 58
9 64
9 75
9 78
9 81
9 91
9 94
9 124
9 125
9 127
9 130
9 140
9 145
9 147
10 13
10 18
10 19
10 25
10 28
10 30
10 31
10 36
10 39
10 42
10 45
10 47
10 52
10 66
10 72
10 74
10 87
10 90
10 99
10 101
10 105
10 106
10 110
10 113
10 122
10 124
10 129
10 130
10 133
10 135
10 138
10 142
10 144
11 15
11 17
11 20
11 22
11 23
11 41
11 43
11 45
11 46
11 49
11 53
11 56
11 74
11 75
11 81
11 91
11 93
11 94
11 96
11 101
11 119
11 122
11 134
11 144
11 146
11 147
12 13
12 16
12 17
12 20
12 22
12 23
12 26
12 31
12 38
12 45
12 48
12 49
12 56
12 57
12 60
12 86
12 88
12 89
12 94
12 96
12 106
12 107
12 109
12 111
12 112
12 114
12 118
12 125
12 126
12 127
12 130
12 132
12 142
13 18
13 19
13 21
13 23
13 37
13 41
13 48
13 53
13 56
13 67
13 69
13 81
13 89
13 92
13 101
13 109
13 112
13 113
13 114
13 115
13 128
13 134
13 146
14 19
14 27
14 35
14 37
14 41
14 46
14 47
14 48
14 51
14 54
14 63
14 72
14 77
14 81
14 88
14 93
14 99
14 101
14 105
14 113
14 119
14 123
14 127
14 129
14 142
14 143
14 145
14 146
15 18
15 22
15 23
15 27
15 30
15 31
15 34
15 41
15 48
15 51
15 58
15 59
15 63
15 66
15 69
15 71
15 80
15 81
15 82
15 84
15 87
15 92
15 96
15 100
15 111
15 112
15 115
15 126
15 130
15 135
15 148
16 19
16 21
16 22
16 23
16 27
16 35
16 36
16 41
16 44
16 48
16 51
16 55
16 58
16 63
16 66
16 67
16 77
16 84
16 87
16 94
16 97
16 98
16 100
16 101
16 102
16 103
16 104
16 107
16 112
16 114
16 115
16 126
16 127
16 130
16 134
16 136
16 137
16 140
16 141
16 142
17 26
17 35
17 36
17 42
17 45
17 54
17 58
17 63
17 74
17 75
17 84
17 87
17 104
17 107
17 111
17 113
17 115
17 121
17 122
17 131
17 137
17 147
18 21
18 29
18 32
18 33
18 41
18 43
18 45
18 50
18 51
18 52
18 58
18 60
18 73
18 87
18 93
18 94
18 97
18 98
18 100
18 113
18 117
18 122
18 132
18 136
18 143
18 144
19 32
19 33
19 35
19 42
19 43
19 50
19 58
19 59
19 63
19 74
19 76
19 78
19 81
19 85
19 89
19 94
19 97
19 99
19 103
19 111
19 112
19 118
19 122
19 123
19 133
19 135
19 138
19 142
19 144
19 148
20 21
20 23
20 25
20 26
20 34
20 41
20 47
20 62
20 80
20 82
20 87
20 90
20 100
20 115
20 119
20 122
20 134
20 135
20 137
20 138
20 139
20 143
20 148
21 24
21 25
21 30
21 44
21 45
21 46
21 47
21 51
21 52
21 55
21 57
21 60
21 61
21 73
21 77
21 90
21 92
21 94
21 95
21 105
21 108
21 113
21 114
21 116
21 118
21 132
21 138
21 139
21 148
22 40
22 49
22 68
22 70
22 72
22 75
22 78
22 80
22 82
22 84
22 89
22 94
22 110
22 115
22 120
22 125
22 129
22 132
22 144
22 149
23 31
23 37
23 47
23 51
23 57
23 71
23 72
23 73
23 80
23 86
23 92
23 95
23 106
23 113
23 124
23 125
23 131
23 132
23 136
24 25
24 28
24 29
24 34
24 39
24 42
24 44
24 45
24 53
24 54
24 61
24 66
24 67
24 71
24 74
24 77
24 78
24 84
24 85
24 90
24 97
24 105
24 108
24 114
24 115
24 117
24 119
24 121
24 124
24 129
24 135
24 136
24 142
24 145
25 31
25 37
25 39
25 40
25 46
25 49
25 61
25 64
25 65
25 77
25 80
25 95
25 96
25 115
25 116
25 125
25 127
25 132
25 137
25 144
26 43
26 46
26 48
26 52
26 58
26 62
26 74
26 81
26 82
26 83
26 86
26 93
26 94
26 98
26 102
26 107
26 108
26 112
26 123
26 134
26 138
26 146
26 147
27 28
27 31
27 59
27 68
27 71
27 84
27 96
27 103
27 109
27 114
27 121
27 123
27 124
27 125
27 132
27 134
27 139
27 143
27 149
28 29
28 39
28 46
28 48
28 56
28 58
28 61
28 62
28 70
28 71
28 79
28 96
28 99
28 105
28 107
28 112
28 113
28 118
28 132
28 136
28 138
28 141
28 147
29 30
29 32
29 34
29 35
29 40
29 46
29 61
29 71
29 74
29 78
29 83
29 85
29 87
29 90
29 104
29 105
29 112
29 114
29 124
29 127
29 130
29 146
29 148
30 34
30 51
30 53
30 60
30 65
30 69
30 77
30 78
30 81
30 92
30 94
30 102
30 105
30 106
30 112
30 115
30 116
30 119
30 122
30 126
30 132
30 136
30 147
31 35
31 44
31 58
31 70
31 72
31 73
31 77
31 83
31 90
31 91
31 100
31 105
31 106
31 108
31 117
31 122
31 126
31 128
31 130
31 133
31 141
31 144
31 146
31 147
32 33
32 38
32 39
32 51
32 52
32 54
32 62
32 63
32 65
32 73
32 78
32 91
32 96
32 97
32 100
32 103
32 109
32 115
32 116
32 117
32 125
32 126
32 131
33 34
33 35
33 40
33 41
33 42
33 47
33 52
33 58
33 69
33 71
33 75
33 93
33 95
33 101
33 113
33 120
33 123
33 137
33 138
34 42
34 51
34 57
34 62
34 68
34 69
34 74
34 81
34 83
34 92
34 93
34 94
34 101
34 102
34 104
34 105
34 110
34 122
34 123
34 127
34 135
34 144
34 147
35 38
35 48
35 54
35 57
35 59
35 61
35 68
35 69
35 73
35 87
35 92
35 105
35 107
35 112
35 119
35 124
35 128
35 130
35 136
35 138
35 144
35 146
36 47
36 62
36 63
36 64
36 65
36 79
36 81
36 88
36 94
36 101
36 102
36 111
36 115
36 121
36 127
36 131
36 133
36 141
36 142
37 41
37 42
37 46
37 48
37 60
37 67
37 83
37 94
37 98
37 99
37 102
37 107
37 115
37 121
37 129
37 141
37 149
38 42
38 46
38 51
38 56
38 58
38 64
38 67
38 74
38 75
38 85
38 87
38 88
38 100
38 104
38 105
38 113
38 116
38 123
38 129
38 132
38 135
38 139
38 141
38 145
39 42
39 43
39 45
39 46
39 47
39 54
39 55
39 59
39 69
39 74
39 75
39 79
39 91
39 94
39 99
39 102
39 109
39 114
39 115
39 124
39 130
39 147
39 149
40 48
40 58
40 59
40 62
40 64
40 77
40 78
40 79
40 82
40 87
40 90
40 97
40 103
40 111
40 117
40 120
40 125
40 133
40 134
40 139
40 148
41 57
41 59
41 69
41 79
41 80
41 81
41 82
41 87
41 90
41 91
41 102
41 105
41 108
41 109
41 111
41 114
41 126
41 130
41 131
41 135
41 141
41 143
41 147
42 45
42 49
42 57
42 58
42 67
42 80
42 82
42 85
42 88
42 89
42 90
42 95
42 101
42 108
42 109
42 121
42 129
42 131
42 134
42 138
42 144
43 47
43 51
43 53
43 59
43 62
43 66
43 67
43 69
43 72
43 73
43 77
43 78
43 80
43 93
43 103
43 109
43 112
43 117
43 133
43 134
43 138
44 48
44 65
44 72
44 75
44 76
44 82
44 87
44 88
44 91
44 97
44 98
44 105
44 111
44 116
44 135
44 144
44 146
45 60
45 67
45 68
45 70
45 78
45 81
45 83
45 85
45 86
45 89
45 97
45 111
45 115
45 117
45 120
45 123
45 125
45 134
45 146
46 48
46 51
46 60
46 62
46 67
46 69
46 84
46 112
46 123
46 125
46 133
46 144
47 49
47 57
47 63
47 66
47 67
47 73
47 76
47 84
47 85
47 104
47 105
47 112
47 127
47 133
47 135
47 136
47 140
48 58
48 60
48 67
48 70
48 77
48 80
48 85
48 95
48 98
48 99
48 101
48 105
48 116
48 117
48 119
48 121
48 124
48 135
48 137
48 146
48 147
49 57
49 61
49 65
49 67
49 71
49 72
49 76
49 77
49 78
49 83
49 86
49 90
49 105
49 108
49 110
49 113
49 115
49 116
49 123
49 129
49 133
49 139
49 145
49 149
50 52
50 53
50 60
50 62
50 63
50 66
50 77
50 80
50 89
50 90
50 95
50 99
50 103
50 105
50 116
50 128
50 145
51 53
51 54
51 56
51 60
51 61
51 66
51 69
51 87
51 93
51 96
51 99
51 108
51 109
51 112
51 123
51 124
51 135
51 138
51 141
51 144
51 147
51 149
52 59
52 60
52 63
52 66
52 69
52 83
52 91
52 97
52 114
52 130
52 132
52 141
52 147
53 63
53 74
53 81
53 88
53 91
53 92
53 93
53 100
53 106
53 110
53 111
53 112
53 114
53 115
53 117
53 122
53 142
53 144
53 145
54 60
54 64
54 66
54 77
54 88
54 90
54 91
54 98
54 99
54 111
54 116
54 118
54 132
54 135
54 139
54 146
55 59
55 65
55 67
55 77
55 84
55 87
55 99
55 102
55 111
55 112
55 122
55 125
55 128
55 133
55 139
55 140
55 142
56 59
56 63
56 70
56 72
56 76
56 79
56 82
56 92
56 97
56 100
56 103
56 105
56 106
56 116
56 121
56 123
56 127
56 131
56 133
56 134
56 139
56 143
56 148
56 149
57 61
57 73
57 76
57 77
57 78
57 84
57 85
57 86
57 87
57 92
57 93
57 94
57 95
57 99
57 115
57 122
57 124
57 128
57 131
57 132
57 139
57 148
58 59
58 64
58 68
58 81
58 90
58 93
58 94
58 96
58 106
58 119
58 120
58 122
58 123
58 135
58 136
59 63
59 68
59 81
59 82
59 94
59 106
59 110
59 115
59 123
59 128
59 130
59 131
59 139
59 141
59 146
60 81
60 84
60 85
60 89
60 90
60 92
60 93
60 96
60 100
60 101
60 103
60 104
60 106
60 107
60 108
60 115
60 120
60 125
60 129
60 137
60 139
60 142
61 64
61 68
61 76
61 77
61 82
61 83
61 84
61 89
61 91
61 104
61 113
61 119
61 120
61 123
61 124
61 136
61 137
61 143
62 68
62 74
62 76
62 78
62 80
62 84
62 88
62 90
62 95
62 107
62 112
62 114
62 115
62 129
62 131
62 133
62 144
62 148
63 66
63 69
63 70
63 73
63 83
63 88
63 98
63 102
63 104
63 109
63 115
63 121
63 124
63 128
63 132
63 139
63 146
63 149
64 65
64 70
64 73
64 77
64 82
64 89
64 91
64 98
64 100
64 116
64 118
64 121
64 131
64 135
64 137
64 138
64 139
64 140
64 142
64 146
65 68
65 73
65 80
65 81
65 84
65 89
65 91
65 92
65 98
65 103
65 106
65 112
65 119
65 124
65 126
65 128
65 129
65 131
65 135
65 139
65 145
65 149
66 68
66 75
66 80
66 81
66 92
66 117
66 122
66 142
66 143
66 144
67 68
67 69
67 82
67 91
67 103
67 107
67 122
67 129
67 131
67 138
67 142
67 143
68 72
68 75
68 77
68 78
68 81
68 82
68 87
68 97
68 104
68 105
68 106
68 108
68 116
68 127
68 129
68 145
68 146
68 147
68 149
69 74
69 82
69 86
69 89
69 105
69 111
69 116
69 122
69 134
69 136
69 142
69 144
69 147
70 79
70 82
70 90
70 92
70 94
70 99
70 100
70 109
70 112
70 114
70 119
70 120
70 128
70 132
70 135
70 140
70 143
70 144
71 73
71 76
71 86
71 94
71 96
71 100
71 107
71 110
71 127
71 135
71 136
71 137
71 138
71 144
72 73
72 77
72 78
72 81
72 85
72 92
72 95
72 100
72 102
72 112
72 113
72 115
72 132
72 138
72 142
72 143
72 146
73 82
73 83
73 84
73 85
73 86
73 88
73 89
73 94
73 99
73 101
73 103
73 107
73 109
73 110
73 115
73 119
73 133
73 137
73 139
73 146
74 75
74 76
74 79
74 81
74 85
74 86
74 89
74 92
74 94
74 96
74 99
74 104
74 114
74 124
74 125
74 132
74 139
74 143
75 86
75 87
75 88
75 96
75 102
75 109
75 115
75 117
75 121
75 125
75 126
75 127
75 128
75 132
75 142
75 144
75 145
76 77
76 87
76 88
76 89
76 97
76 101
76 103
76 104
76 119
76 121
76 128
76 132
76 134
77 83
77 84
77 85
77 87
77 88
77 92
77 94
77 99
77 101
77 108
77 112
77 113
77 119
77 122
77 127
77 128
77 129
77 135
77 137
77 141
77 143
78 79
78 81
78 89
78 92
78 98
78 99
78 102
78 105
78 107
78 109
78 111
78 116
78 129
78 132
78 135
78 138
78 140
78 141
78 144
79 82
79 86
79 91
79 98
79 103
79 117
79 127
79 136
79 148
80 86
80 89
80 97
80 102
80 103
80 104
80 105
80 109
80 111
80 114
80 122
80 126
80 128
80 136
80 139
81 83
81 88
81 90
81 91
81 96
81 106
81 116
81 131
81 135
81 138
81 145
81 146
82 84
82 86
82 89
82 93
82 101
82 104
82 105
82 109
82 114
82 120
82 129
82 130
82 132
82 143
82 145
83 92
83 95
83 96
83 97
83 101
83 103
83 107
83 117
83 119
83 137
83 142
83 143
83 144
84 88
84 91
84 93
84 95
84 104
84 106
84 108
84 113
84 118
84 119
84 123
84 126
84 132
84 135
84 141
84 143
84 146
85 86
85 87
85 98
85 100
85 105
85 115
85 128
85 131
85 132
85 138
85 140
85 146
86 91
86 93
86 100
86 107
86 111
86 113
86 120
86 122
86 134
86 142
86 143
87 99
87 107
87 110
87 120
87 129
87 135
87 137
87 142
87 143
88 94
88 100
88 101
88 109
88 120
88 133
88 140
88 143
89 93
89 100
89 103
89 105
89 107
89 111
89 112
89 113
89 122
89 127
89 133
89 140
89 145
89 147
90 92
90 93
90 94
90 99
90 102
90 104
90 107
90 120
90 121
90 123
90 124
90 128
90 131
90 132
90 135
90 136
91 92
91 94
91 96
91 102
91 103
91 104
91 106
91 110
91 111
91 112
91 115
91 127
91 133
91 134
91 136
91 137
91 142
91 149
92 105
92 114
92 116
92 118
92 125
92 129
92 130
92 132
92 136
92 140
92 144
93 115
93 121
93 122
93 123
93 126
93 131
93 132
93 138
93 139
94 103
94 104
94 125
94 128
94 134
95 97
95 100
95 101
95 104
95 107
95 109
95 111
95 118
95 126
95 127
95 128
95 133
95 134
95 135
95 137
95 145
96 112
96 118
96 120
96 130
96 140
96 141
96 147
97 117
97 119
97 121
97 126
97 134
97 138
97 143
97 149
98 99
98 101
98 105
98 107
98 111
98 121
98 128
98 137
99 115
99 124
99 131
99 141
99 142
99 144
99 148
100 105
100 106
100 113
100 116
100 125
100 128
100 129
100 137
100 143
100 144
100 149
101 110
101 117
101 123
101 128
101 134
101 137
101 147
102 103
102 106
102 110
102 111
102 122
102 126
102 129
102 130
102 135
102 136
102 139
102 141
102 144
102 148
103 108
103 119
103 121
103 123
103 127
103 129
103 130
103 133
103 136
103 138
103 140
103 145
104 109
104 117
104 118
104 120
104 131
104 132
104 147
104 148
104 149
105 114
105 121
105 122
105 132
105 133
105 142
105 145
105 146
106 111
106 112
106 113
106 116
106 117
106 120
106 125
106 130
106 133
106 139
106 145
106 146
107 111
107 113
107 117
107 128
107 131
107 132
107 137
107 145
107 146
108 109
108 112
108 113
108 117
108 118
108 126
108 128
108 130
108 133
108 144
108 149
109 130
109 145
109 147
109 148
110 114
110 117
110 131
110 133
110 134
110 141
111 113
111 115
111 116
111 118
111 120
111 122
111 127
111 134
111 149
112 114
112 124
112 126
112 135
112 137
112 140
112 147
113 119
113 120
113 123
113 124
113 128
113 132
113 134
113 138
113 141
113 143
113 148
114 115
114 122
114 125
114 131
114 139
114 140
114 146
115 123
115 124
115 127
115 135
115 136
115 137
115 145
116 117
116 128
116 130
116 145
116 147
116 148
116 149
117 123
117 130
117 132
117 134
117 135
117 141
117 143
118 128
118 129
118 132
118 135
118 139
118 145
118 149
119 120
119 121
119 124
119 125
119 134
119 135
119 138
119 139
119 141
119 142
119 145
120 125
120 126
120 128
120 130
120 140
120 142
120 145
120 147
120 148
121 125
121 136
121 140
121 142
121 144
121 149
122 123
122 128
122 129
122 131
122 135
122 137
122 138
122 145
123 124
123 125
123 129
123 132
124 128
124 130
124 131
124 133
124 139
124 143
124 149
125 128
125 129
125 133
125 135
125 142
126 130
126 132
126 135
126 136
126 146
127 130
127 134
127 136
127 139
127 143
128 131
128 132
128 135
128 136
128 144
128 148
129 131
130 134
130 135
130 136
130 137
130 145
130 146
130 148
130 149
131 137
132 134
132 135
132 139
132 144
132 146
133 135
133 138
133 139
134 136
134 140
134 142
134 145
135 140
135 143
135 145
136 141
137 146
137 147
138 147
139 142
139 149
140 149
141 145
141 148
143 145
145 148
146 147
148 149
