200 4021
0 1
0 2
0 4
0 6
0 10
0 14
0 16
0 18
0 22
0 23
0 25
0 48
0 50
0 54
0 57
0 61
0 62
0 64
0 76
0 80
0 81
0 82
0 88
0 89
0 91
0 93
0 95
0 112
0 114
0 117
0 122
0 128
0 129
0 138
0 142
0 154
0 155
0 156
0 159
0 161
0 179
0 186
0 187
0 197
0 199
1 5
1 9
1 14
1 16
1 30
1 31
1 35
1 37
1 52
1 54
1 59
1 60
1 69
1 73
1 75
1 79
1 85
1 88
1 90
1 92
1 95
1 101
1 102
1 106
1 108
1 117
1 118
1 121
1 125
1 130
1 135
1 138
1 139
1 142
1 144
1 145
1 146
1 150
1 151
1 153
1 162
1 163
1 168
1 169
1 172
1 189
1 193
1 197
2 3
2 5
2 12
2 13
2 20
2 25
2 26
2 28
2 33
2 43
2 44
2 45
2 53
2 54
2 58
2 60
2 62
2 65
2 66
2 72
2 77
2 78
2 86
2 90
2 92
2 100
2 101
2 104
2 106
2 108
2 115
2 119
2 120
2 121
2 123
2 130
2 138
2 157
2 163
2 164
2 166
2 191
2 193
2 195
2 198
3 6
3 9
3 10
3 24
3 25
3 37
3 38
3 46
3 50
3 52
3 55
3 59
3 60
3 68
3 72
3 80
3 81
3 88
3 90
3 93
3 97
3 110
3 118
3 121
3 128
3 135
3 140
3 142
3 145
3 146
3 148
3 152
3 158
3 163
3 164
3 167
3 168
3 171
3 174
3 176
3 180
3 182
3 192
4 5
4 9
4 11
4 12
4 22
4 29
4 31
4 34
4 41
4 56
4 57
4 62
4 63
4 67
4 80
4 85
4 94
4 95
4 96
4 101
4 103
4 112
4 117
4 124
4 128
4 135
4 136
4 137
4 139
4 148
4 151
4 160
4 161
4 165
4 167
4 177
4 178
4 194
4 196
4 197
5 14
5 16
5 21
5 46
5 52
5 53
5 55
5 56
5 58
5 60
5 62
5 64
5 65
5 68
5 69
5 81
5 85
5 87
5 91
5 99
5 100
5 113
5 115
5 116
5 122
5 127
5 135
5 145
5 147
5 160
5 164
5 178
5 180
5 182
5 189
6 7
6 17
6 22
6 23
6 24
6 30
6 32
6 35
6 39
6 47
6 53
6 55
6 57
6 58
6 64
6 65
6 72
6 75
6 85
6 90
6 96
6 97
6 122
6 129
6 133
6 134
6 138
6 156
6 158
6 160
6 167
6 174
6 175
6 176
6 181
6 187
6 198
7 9
7 12
7 22
7 25
7 55
7 56
7 58
7 61
7 71
7 76
7 78
7 83
7 88
7 89
7 95
7 98
7 100
7 101
7 106
7 109
7 112
7 115
7 117
7 122
7 136
7 142
7 144
7 157
7 160
7 169
7 171
7 175
7 176
7 180
7 183
7 192
7 194
7 199
8 9
8 12
8 14
8 17
8 21
8 23
8 32
8 34
8 37
8 39
8 40
8 58
8 60
8 62
8 63
8 66
8 70
8 73
8 91
8 92
8 98
8 108
8 110
8 111
8 113
8 118
8 136
8 139
8 151
8 161
8 163
8 164
8 167
8 170
8 171
8 174
8 176
8 177
8 180
8 185
8 192
8 199
9 12
9 13
9 20
9 21
9 24
9 50
9 52
9 53
9 58
9 60
9 70
9 71
9 73
9 75
9 76
9 78
9 82
9 89
9 90
9 91
9 94
9 96
9 106
9 118
9 119
9 121
9 123
9 137
9 141
9 148
9 153
9 156
9 167
9 169
9 181
9 189
9 192
10 12
10 20
10 23
10 24
10 25
10 26
10 39
10 45
10 57
10 65
10 73
10 81
10 83
10 87
10 92
10 93
10 94
10 97
10 100
10 109
10 118
10 123
10 127
10 134
10 139
10 145
10 147
10 151
10 159
10 165
10 169
10 173
10 175
10 188
10 189
10 191
10 192
10 198
11 14
11 15
11 19
11 22
11 23
11 26
11 33
11 40
11 43
11 50
11 51
11 55
11 58
11 61
11 63
11 72
11 73
11 74
11 76
11 79
11 84
11 88
11 92
11 103
11 104
11 107
11 118
11 122
11 127
11 140
11 144
11 146
11 147
11 148
11 152
11 160
11 161
11 166
11 169
11 173
11 176
11 180
11 183
11 188
11 191
11 192
12 15
12 22
12 25
12 32
12 35
12 36
12 38
12 39
12 40
12 41
12 42
12 45
12 50
12 52
12 53
12 64
12 65
12 68
12 72
12 74
12 75
12 78
12 79
12 80
12 96
12 105
12 106
12 112
12 115
12 124
12 128
12 133
12 144
12 145
12 154
12 157
12 174
12 177
12 181
12 183
12 185
12 191
12 192
13 15
13 21
13 31
13 36
13 44
13 47
13 48
13 56
13 58
13 60
13 65
13 66
13 67
13 73
13 75
13 88
13 102
13 108
13 109
13 112
13 113
13 115
13 128
13 132
13 137
13 147
13 151
13 158
13 159
13 177
13 178
13 180
13 187
13 188
13 195
14 18
14 19
14 23
14 34
14 36
14 38
14 41
14 45
14 49
14 54
14 57
14 59
14 63
14 71
14 72
14 78
14 82
14 83
14 93
14 95
14 98
14 102
14 104
14 108
14 110
14 112
14 114
14 115
14 123
14 130
14 136
14 151
14 169
14 171
14 176
14 179
14 189
15 20
15 24
15 27
15 39
15 40
15 42
15 43
15 44
15 48
15 53
15 57
15 58
15 63
15 77
15 78
15 79
15 80
15 84
15 85
15 88
15 90
15 93
15 94
15 106
15 110
15 123
15 125
15 127
15 128
15 138
15 141
15 146
15 147
15 149
15 151
15 165
15 171
15 172
15 181
16 17
16 26
16 45
16 47
16 49
16 52
16 55
16 57
16 59
16 61
16 66
16 71
16 87
16 92
16 97
16 102
16 106
16 109
16 121
16 126
16 134
16 140
16 150
16 154
16 160
16 174
16 175
16 176
16 183
16 189
16 195
16 198
17 27
17 34
17 45
17 46
17 52
17 53
17 57
17 71
17 74
17 75
17 80
17 85
17 88
17 90
17 91
17 99
17 100
17 107
17 112
17 113
17 117
17 120
17 123
17 124
17 130
17 131
17 136
17 143
17 151
17 154
17 160
17 161
17 163
17 165
17 167
17 170
17 175
17 181
17 182
17 188
17 191
18 20
18 26
18 28
18 29
18 35
18 38
18 50
18 53
18 54
18 66
18 69
18 84
18 85
18 104
18 105
18 114
18 116
18 121
18 126
18 133
18 155
18 158
18 160
18 164
18 170
18 174
18 186
18 193
18 194
18 195
18 198
19 25
19 26
19 30
19 34
19 39
19 40
19 44
19 55
19 66
19 70
19 78
19 79
19 82
19 85
19 113
19 122
19 125
19 138
19 150
19 157
19 163
19 168
19 175
19 177
19 178
19 179
19 186
19 188
19 193
19 197
20 24
20 25
20 35
20 42
20 44
20 52
20 54
20 57
20 58
20 66
20 67
20 75
20 92
20 95
20 101
20 103
20 108
20 109
20 114
20 128
20 132
20 134
20 137
20 143
20 146
20 148
20 150
20 151
20 156
20 162
20 177
20 187
20 190
20 194
20 199
21 23
21 25
21 28
21 42
21 43
21 50
21 52
21 62
21 65
21 68
21 84
21 86
21 91
21 108
21 110
21 117
21 122
21 126
21 134
21 135
21 138
21 149
21 151
21 159
21 162
21 163
21 169
21 172
21 173
21 176
21 179
21 183
21 189
21 193
22 27
22 33
22 42
22 56
22 68
22 70
22 71
22 75
22 81
22 88
22 89
22 98
22 103
22 104
22 106
22 115
22 120
22 124
22 126
22 128
22 131
22 139
22 142
22 144
22 145
22 148
22 153
22 154
22 166
22 167
22 169
22 177
22 178
22 180
22 188
22 193
23 30
23 35
23 36
23 39
23 42
23 48
23 54
23 55
23 56
23 64
23 65
23 70
23 89
23 90
23 95
23 96
23 97
23 102
23 107
23 113
23 124
23 126
23 130
23 148
23 150
23 156
23 168
23 175
23 178
23 192
23 193
24 37
24 46
24 52
24 57
24 63
24 64
24 69
24 76
24 78
24 87
24 88
24 89
24 96
24 97
24 99
24 100
24 105
24 117
24 118
24 122
24 130
24 139
24 142
24 147
24 157
24 163
24 166
24 168
24 170
24 177
24 178
24 182
24 196
25 27
25 40
25 42
25 47
25 54
25 59
25 63
25 65
25 71
25 73
25 79
25 81
25 95
25 110
25 111
25 112
25 113
25 127
25 129
25 136
25 142
25 149
25 150
25 159
25 163
25 169
25 175
25 179
25 181
25 189
25 190
26 28
26 29
26 33
26 35
26 47
26 54
26 70
26 81
26 85
26 86
26 89
26 94
26 102
26 108
26 116
26 128
26 136
26 140
26 144
26 149
26 154
26 156
26 162
26 165
26 172
26 173
26 183
26 185
26 186
26 198
27 30
27 31
27 39
27 42
27 49
27 55
27 58
27 61
27 65
27 67
27 71
27 78
27 79
27 81
27 82
27 83
27 90
27 91
27 95
27 105
27 110
27 111
27 115
27 127
27 130
27 135
27 138
27 145
27 150
27 151
27 160
27 166
27 183
27 185
27 193
28 32
28 33
28 36
28 38
28 51
28 52
28 53
28 56
28 61
28 64
28 71
28 77
28 85
28 91
28 94
28 99
28 107
28 108
28 113
28 122
28 139
28 141
28 151
28 161
28 162
28 163
28 164
28 169
28 172
28 173
28 184
28 187
28 190
28 191
28 193
28 196
29 38
29 42
29 43
29 47
29 53
29 55
29 59
29 64
29 68
29 76
29 77
29 86
29 99
29 101
29 104
29 107
29 108
29 109
29 114
29 120
29 127
29 128
29 140
29 148
29 150
29 153
29 157
29 163
29 172
29 176
29 178
29 184
29 187
29 191
29 192
29 194
29 197
29 198
30 33
30 34
30 36
30 49
30 59
30 65
30 68
30 73
30 89
30 90
30 94
30 109
30 126
30 133
30 136
30 137
30 143
30 148
30 149
30 152
30 158
30 159
30 166
30 172
30 177
30 196
31 37
31 39
31 57
31 64
31 65
31 67
31 75
31 78
31 80
31 82
31 83
31 86
31 94
31 108
31 112
31 114
31 117
31 120
31 122
31 131
31 143
31 148
31 151
31 160
31 162
31 167
31 169
31 184
32 45
32 56
32 58
32 66
32 77
32 84
32 92
32 98
32 101
32 102
32 108
32 111
32 119
32 120
32 139
32 140
32 147
32 162
32 168
32 170
32 171
32 175
32 194
32 196
33 37
33 40
33 47
33 50
33 55
33 65
33 68
33 69
33 71
33 75
33 86
33 87
33 89
33 91
33 94
33 105
33 107
33 116
33 117
33 127
33 131
33 135
33 137
33 141
33 142
33 146
33 147
33 148
33 153
33 156
33 160
33 175
33 178
33 180
33 183
33 185
33 186
33 193
33 199
34 38
34 44
34 50
34 54
34 56
34 57
34 64
34 66
34 67
34 70
34 81
34 84
34 93
34 94
34 99
34 103
34 107
34 109
34 120
34 132
34 149
34 155
34 156
34 158
34 162
34 163
34 168
34 171
34 189
34 195
34 198
35 37
35 46
35 47
35 50
35 61
35 62
35 73
35 76
35 79
35 82
35 85
35 87
35 94
35 95
35 98
35 101
35 104
35 118
35 126
35 132
35 149
35 165
35 167
35 176
35 182
35 194
36 42
36 49
36 56
36 59
36 60
36 61
36 68
36 74
36 78
36 79
36 80
36 82
36 83
36 85
36 90
36 110
36 112
36 113
36 123
36 127
36 129
36 140
36 151
36 153
36 154
36 161
36 162
36 174
36 179
36 181
36 195
36 198
37 40
37 47
37 54
37 60
37 62
37 72
37 79
37 82
37 94
37 97
37 106
37 107
37 117
37 120
37 123
37 128
37 134
37 135
37 137
37 147
37 151
37 158
37 160
37 164
37 167
37 170
37 180
37 185
37 188
37 191
37 193
37 194
38 43
38 48
38 50
38 54
38 58
38 60
38 61
38 66
38 70
38 75
38 76
38 80
38 92
38 95
38 96
38 97
38 103
38 104
38 105
38 106
38 111
38 112
38 113
38 114
38 118
38 134
38 141
38 143
38 147
38 150
38 151
38 158
38 167
38 169
38 174
38 178
38 191
39 40
39 43
39 44
39 46
39 56
39 69
39 70
39 72
39 73
39 85
39 86
39 103
39 108
39 121
39 122
39 134
39 146
39 150
39 155
39 163
39 168
39 170
39 171
39 179
39 181
39 186
40 51
40 54
40 55
40 59
40 60
40 62
40 63
40 66
40 70
40 71
40 73
40 74
40 76
40 77
40 78
40 85
40 90
40 95
40 99
40 107
40 109
40 112
40 122
40 126
40 134
40 135
40 140
40 141
40 142
40 147
40 149
40 162
40 171
40 177
40 178
40 181
40 182
40 194
40 195
41 43
41 55
41 61
41 63
41 65
41 67
41 71
41 75
41 77
41 82
41 94
41 99
41 101
41 102
41 116
41 118
41 120
41 131
41 135
41 139
41 142
41 143
41 146
41 156
41 161
41 171
41 175
41 177
41 182
41 188
41 194
41 197
42 44
42 48
42 55
42 62
42 65
42 66
42 71
42 74
42 78
42 83
42 90
42 92
42 99
42 101
42 117
42 119
42 122
42 132
42 136
42 138
42 139
42 140
42 141
42 143
42 147
42 153
42 158
42 165
42 166
42 169
42 174
42 176
42 177
42 183
42 188
42 191
42 197
43 48
43 53
43 55
43 57
43 58
43 60
43 64
43 68
43 74
43 78
43 80
43 87
43 92
43 93
43 104
43 129
43 134
43 154
43 155
43 156
43 162
43 163
43 176
43 185
43 197
44 46
44 61
44 68
44 70
44 77
44 81
44 82
44 92
44 95
44 97
44 98
44 101
44 102
44 107
44 117
44 124
44 125
44 126
44 128
44 136
44 147
44 149
44 165
44 166
44 167
44 169
44 174
44 182
44 186
44 189
45 51
45 57
45 62
45 68
45 80
45 82
45 88
45 90
45 93
45 104
45 107
45 115
45 117
45 119
45 124
45 125
45 134
45 137
45 139
45 144
45 145
45 153
45 157
45 160
45 165
45 168
45 169
45 176
45 179
45 189
45 197
45 199
46 50
46 57
46 60
46 77
46 85
46 86
46 87
46 88
46 94
46 100
46 104
46 105
46 108
46 112
46 119
46 122
46 127
46 129
46 139
46 140
46 142
46 159
46 165
46 169
46 170
46 173
46 185
46 186
46 187
46 188
46 189
46 191
46 192
46 197
47 50
47 52
47 54
47 58
47 60
47 61
47 66
47 70
47 84
47 88
47 90
47 97
47 101
47 102
47 105
47 107
47 111
47 112
47 115
47 118
47 120
47 122
47 125
47 130
47 140
47 150
47 151
47 158
47 165
47 169
47 186
47 187
47 188
47 196
48 51
48 58
48 64
48 66
48 70
48 74
48 75
48 76
48 77
48 81
48 91
48 93
48 94
48 99
48 109
48 110
48 111
48 119
48 123
48 125
48 126
48 141
48 143
48 150
48 154
48 156
48 177
48 178
48 179
48 181
48 182
48 186
48 188
48 193
48 195
49 52
49 56
49 57
49 63
49 66
49 71
49 72
49 73
49 79
49 81
49 85
49 87
49 94
49 96
49 104
49 107
49 113
49 114
49 117
49 120
49 122
49 124
49 126
49 131
49 144
49 147
49 150
49 153
49 155
49 156
49 159
49 167
49 171
49 176
49 183
49 188
50 53
50 63
50 72
50 84
50 91
50 94
50 102
50 107
50 108
50 109
50 110
50 114
50 116
50 119
50 127
50 131
50 133
50 141
50 144
50 156
50 161
50 163
50 164
50 169
50 179
50 189
51 56
51 60
51 63
51 70
51 71
51 76
51 78
51 81
51 85
51 93
51 96
51 97
51 101
51 106
51 112
51 121
51 122
51 124
51 135
51 137
51 150
51 153
51 154
51 155
51 159
51 161
51 165
51 175
51 177
51 195
52 53
52 54
52 55
52 64
52 67
52 69
52 71
52 80
52 82
52 84
52 89
52 94
52 95
52 99
52 102
52 108
52 111
52 117
52 119
52 122
52 126
52 127
52 138
52 140
52 145
52 155
52 168
52 171
52 172
52 178
52 180
52 186
52 194
52 196
53 57
53 64
53 68
53 70
53 77
53 79
53 91
53 99
53 100
53 118
53 126
53 129
53 139
53 148
53 154
53 156
53 161
53 162
53 174
53 180
53 181
53 189
54 55
54 68
54 75
54 78
54 88
54 95
54 98
54 100
54 102
54 106
54 107
54 108
54 117
54 122
54 128
54 135
54 140
54 142
54 146
54 147
54 148
54 153
54 156
54 158
54 161
54 174
54 175
54 177
54 178
54 182
54 185
54 186
54 189
54 190
55 60
55 62
55 64
55 70
55 71
55 72
55 74
55 78
55 79
55 80
55 83
55 95
55 101
55 102
55 104
55 105
55 110
55 117
55 130
55 139
55 141
55 143
55 150
55 154
55 155
55 157
55 161
55 165
55 169
55 196
56 59
56 60
56 61
56 64
56 69
56 70
56 76
56 77
56 96
56 97
56 118
56 121
56 127
56 144
56 147
56 148
56 151
56 154
56 156
56 158
56 165
56 173
56 174
56 175
56 180
56 181
56 182
56 184
56 192
57 70
57 76
57 78
57 88
57 98
57 99
57 105
57 127
57 129
57 131
57 136
57 144
57 148
57 153
57 159
57 160
57 162
57 166
57 168
57 172
57 182
57 189
57 198
58 85
58 94
58 101
58 111
58 112
58 114
58 118
58 124
58 125
58 132
58 135
58 144
58 147
58 148
58 156
58 162
58 163
58 168
58 177
58 184
58 190
58 195
59 61
59 64
59 74
59 77
59 80
59 84
59 85
59 96
59 100
59 103
59 104
59 109
59 110
59 113
59 115
59 118
59 122
59 128
59 139
59 141
59 143
59 147
59 149
59 150
59 153
59 156
59 158
59 160
59 165
59 174
59 182
59 183
59 185
59 196
59 197
60 73
60 74
60 75
60 84
60 91
60 92
60 102
60 103
60 112
60 115
60 116
60 124
60 125
60 126
60 129
60 130
60 133
60 138
60 143
60 146
60 152
60 158
60 159
60 166
60 168
60 172
60 183
60 186
60 187
60 192
61 62
61 63
61 67
61 70
61 71
61 75
61 76
61 84
61 86
61 88
61 91
61 102
61 107
61 128
61 143
61 145
61 146
61 151
61 154
61 168
61 170
61 171
61 178
61 188
61 190
61 191
61 193
61 195
61 197
62 65
62 72
62 87
62 89
62 99
62 101
62 110
62 112
62 115
62 122
62 130
62 131
62 134
62 135
62 139
62 143
62 145
62 149
62 152
62 154
62 159
62 161
62 168
62 171
62 177
62 185
62 186
62 192
63 67
63 68
63 71
63 79
63 80
63 81
63 89
63 94
63 105
63 107
63 122
63 124
63 125
63 126
63 132
63 139
63 141
63 143
63 144
63 150
63 152
63 168
63 169
63 172
63 175
63 179
63 185
63 189
63 190
63 191
63 194
63 195
64 69
64 70
64 73
64 74
64 76
64 77
64 80
64 89
64 90
64 92
64 94
64 104
64 106
64 109
64 111
64 112
64 117
64 128
64 132
64 134
64 136
64 141
64 142
64 147
64 148
64 150
64 154
64 156
64 157
64 164
64 169
64 170
64 174
64 177
64 198
65 66
65 67
65 69
65 75
65 79
65 85
65 88
65 89
65 93
65 95
65 102
65 113
65 115
65 118
65 119
65 129
65 135
65 139
65 141
65 144
65 148
65 157
65 158
65 161
65 162
65 170
65 174
65 177
65 199
66 67
66 68
66 69
66 77
66 78
66 80
66 81
66 87
66 101
66 102
66 106
66 111
66 113
66 118
66 121
66 122
66 134
66 138
66 140
66 143
66 152
66 155
66 157
66 166
66 183
66 184
66 195
67 68
67 75
67 84
67 88
67 91
67 101
67 113
67 115
67 120
67 122
67 125
67 127
67 129
67 135
67 139
67 141
67 144
67 146
67 153
67 164
67 166
67 170
67 174
67 176
67 179
67 192
68 75
68 77
68 79
68 84
68 92
68 97
68 104
68 105
68 112
68 115
68 126
68 128
68 138
68 141
68 145
68 150
68 151
68 152
68 156
68 160
68 161
68 164
68 171
68 182
68 184
68 186
68 187
68 189
68 196
68 199
69 71
69 79
69 84
69 89
69 110
69 112
69 114
69 116
69 119
69 120
69 129
69 134
69 137
69 142
69 144
69 146
69 148
69 150
69 151
69 159
69 160
69 162
69 164
69 169
69 177
69 178
69 197
70 73
70 74
70 76
70 86
70 90
70 93
70 98
70 107
70 112
70 113
70 119
70 122
70 124
70 147
70 153
70 155
70 159
70 167
70 168
70 177
70 178
70 179
70 182
70 183
70 185
70 188
70 189
70 191
70 194
71 73
71 79
71 80
71 81
71 82
71 87
71 90
71 93
71 99
71 103
71 106
71 108
71 115
71 123
71 124
71 125
71 131
71 135
71 137
71 138
71 141
71 144
71 146
71 147
71 149
71 150
71 154
71 170
71 177
71 179
71 188
71 190
71 194
72 81
72 94
72 98
72 103
72 108
72 111
72 112
72 124
72 133
72 147
72 164
72 184
72 189
73 74
73 80
73 91
73 93
73 97
73 98
73 101
73 103
73 114
73 115
73 131
73 139
73 142
73 147
73 148
73 150
73 152
73 153
73 160
73 161
73 162
73 166
73 167
73 168
73 190
74 77
74 78
74 79
74 90
74 91
74 98
74 100
74 102
74 109
74 110
74 111
74 114
74 117
74 118
74 123
74 125
74 127
74 129
74 134
74 136
74 138
74 146
74 148
74 152
74 163
74 175
74 179
74 184
74 192
74 195
74 197
75 78
75 82
75 84
75 85
75 88
75 94
75 101
75 105
75 106
75 112
75 115
75 117
75 119
75 121
75 123
75 124
75 125
75 132
75 138
75 143
75 144
75 153
75 154
75 163
75 165
75 166
75 170
75 173
75 176
75 183
75 184
75 185
76 79
76 80
76 88
76 100
76 110
76 113
76 122
76 125
76 133
76 138
76 147
76 151
76 163
76 179
76 180
76 181
76 184
76 187
76 189
76 193
76 194
76 196
76 198
77 78
77 79
77 80
77 83
77 86
77 95
77 97
77 111
77 115
77 121
77 135
77 145
77 148
77 153
77 159
77 160
77 161
77 164
77 166
77 173
77 176
77 182
77 183
77 184
77 185
77 190
77 193
77 194
78 85
78 87
78 93
78 103
78 107
78 109
78 116
78 119
78 124
78 126
78 128
78 131
78 138
78 140
78 142
78 143
78 146
78 150
78 155
78 164
78 165
78 166
78 171
78 173
78 179
78 180
78 187
78 189
78 193
78 198
79 83
79 87
79 100
79 108
79 109
79 111
79 120
79 121
79 166
79 169
79 175
79 199
80 82
80 89
80 90
80 102
80 108
80 109
80 117
80 119
80 124
80 147
80 150
80 151
80 153
80 159
80 160
80 164
80 166
80 168
80 171
80 172
80 174
80 177
80 188
81 82
81 83
81 90
81 91
81 98
81 108
81 111
81 113
81 130
81 138
81 141
81 152
81 164
81 165
81 179
81 183
81 185
81 186
81 196
82 84
82 88
82 97
82 104
82 118
82 121
82 138
82 139
82 143
82 150
82 164
82 166
82 179
83 87
83 89
83 98
83 99
83 106
83 116
83 125
83 126
83 132
83 142
83 143
83 144
83 146
83 149
83 150
83 152
83 155
83 160
83 165
83 168
83 171
83 175
83 176
83 187
83 188
83 193
83 199
84 89
84 104
84 111
84 115
84 118
84 119
84 127
84 129
84 135
84 143
84 146
84 150
84 152
84 159
84 169
84 170
84 176
84 177
84 181
84 183
84 195
85 88
85 91
85 102
85 103
85 105
85 108
85 110
85 114
85 129
85 142
85 146
85 151
85 152
85 159
85 163
85 164
85 166
85 167
85 178
85 180
85 182
85 184
85 189
85 192
86 89
86 93
86 95
86 106
86 118
86 129
86 135
86 141
86 142
86 154
86 160
86 162
86 164
86 175
86 182
87 91
87 102
87 109
87 120
87 123
87 124
87 127
87 132
87 135
87 136
87 137
87 139
87 142
87 143
87 148
87 150
87 152
87 153
87 157
87 164
87 175
87 177
87 199
88 113
88 116
88 120
88 121
88 123
88 124
88 130
88 134
88 143
88 150
88 156
88 157
88 168
88 170
88 177
88 181
88 189
88 190
89 97
89 109
89 110
89 115
89 118
89 128
89 137
89 138
89 148
89 149
89 151
89 154
89 159
89 162
89 163
89 164
89 165
89 167
89 169
89 170
89 172
89 175
89 176
89 184
89 192
90 103
90 104
90 105
90 110
90 117
90 119
90 124
90 127
90 128
90 129
90 135
90 141
90 144
90 155
90 157
90 161
90 165
90 172
90 181
90 184
90 188
90 195
90 197
90 198
91 96
91 99
91 101
91 108
91 109
91 111
91 114
91 116
91 117
91 119
91 120
91 126
91 127
91 128
91 131
91 133
91 143
91 165
91 173
91 176
91 186
92 101
92 103
92 106
92 107
92 111
92 113
92 119
92 120
92 127
92 136
92 149
92 150
92 160
92 169
92 173
92 175
92 178
92 185
92 187
92 191
92 199
93 95
93 114
93 119
93 122
93 124
93 133
93 139
93 141
93 143
93 145
93 146
93 147
93 162
93 163
93 165
93 172
93 192
93 193
94 95
94 105
94 106
94 107
94 109
94 112
94 119
94 125
94 133
94 150
94 164
94 169
94 172
94 173
94 181
94 186
94 194
94 195
94 199
95 97
95 103
95 107
95 110
95 119
95 120
95 126
95 131
95 135
95 136
95 137
95 139
95 145
95 157
95 158
95 161
95 170
95 175
95 180
95 184
95 187
95 189
95 190
95 193
95 194
95 195
96 99
96 107
96 108
96 109
96 112
96 114
96 116
96 119
96 124
96 125
96 129
96 139
96 141
96 145
96 156
96 160
96 162
96 165
96 168
96 178
96 179
96 188
96 189
97 105
97 109
97 112
97 131
97 134
97 135
97 139
97 143
97 145
97 154
97 155
97 157
97 159
97 163
97 165
97 166
97 170
97 173
97 178
97 181
97 183
97 190
97 191
98 116
98 121
98 124
98 132
98 140
98 141
98 143
98 148
98 152
98 153
98 170
98 175
98 184
98 185
98 193
98 197
98 198
99 107
99 112
99 118
99 119
99 122
99 127
99 129
99 135
99 137
99 141
99 145
99 156
99 158
99 159
99 163
99 164
99 170
99 178
99 184
99 193
99 197
99 198
100 105
100 110
100 114
100 123
100 128
100 138
100 141
100 145
100 150
100 155
100 158
100 160
100 165
100 166
100 168
100 178
100 189
100 194
100 196
100 197
100 199
101 105
101 106
101 113
101 115
101 116
101 117
101 123
101 124
101 125
101 127
101 131
101 143
101 144
101 145
101 153
101 157
101 168
101 173
101 192
101 199
102 115
102 126
102 127
102 130
102 135
102 137
102 139
102 141
102 155
102 156
102 157
102 162
102 165
102 171
102 172
102 175
102 184
102 186
102 187
102 189
102 195
102 199
103 105
103 113
103 114
103 121
103 124
103 125
103 129
103 135
103 143
103 145
103 148
103 149
103 151
103 159
103 160
103 164
103 169
103 170
103 180
103 182
103 193
103 198
104 108
104 109
104 125
104 127
104 130
104 135
104 157
104 158
104 162
104 165
104 167
104 171
104 173
104 175
104 178
104 179
104 199
105 110
105 111
105 113
105 132
105 144
105 150
105 151
105 152
105 157
105 161
105 165
105 169
105 171
105 173
105 174
105 179
105 183
105 184
105 189
105 197
106 107
106 108
106 109
106 110
106 118
106 119
106 121
106 126
106 127
106 129
106 130
106 146
106 148
106 152
106 153
106 157
106 158
106 167
106 170
106 171
106 176
106 177
106 182
106 183
107 115
107 118
107 128
107 129
107 137
107 139
107 140
107 148
107 152
107 154
107 156
107 158
107 166
107 173
107 176
107 194
107 198
107 199
108 110
108 112
108 115
108 122
108 131
108 134
108 147
108 151
108 154
108 158
108 163
108 170
108 173
108 175
108 180
108 186
108 195
108 199
109 111
109 122
109 126
109 135
109 140
109 142
109 148
109 163
109 172
109 173
109 174
109 179
109 190
110 112
110 113
110 114
110 117
110 118
110 122
110 123
110 128
110 133
110 134
110 137
110 141
110 142
110 150
110 156
110 157
110 165
110 167
110 174
110 178
110 179
110 182
110 184
110 196
110 197
111 113
111 115
111 117
111 118
111 121
111 126
111 127
111 135
111 141
111 157
111 168
111 172
111 173
111 179
111 180
111 182
111 186
111 191
112 114
112 127
112 128
112 130
112 133
112 135
112 142
112 149
112 154
112 165
112 169
112 170
112 171
112 174
112 175
112 177
112 178
112 186
112 192
112 198
113 116
113 117
113 120
113 121
113 123
113 131
113 132
113 133
113 136
113 137
113 143
113 144
113 148
113 150
113 154
113 160
113 161
113 166
113 175
113 179
113 186
113 195
113 197
113 199
114 129
114 132
114 140
114 142
114 144
114 146
114 149
114 150
114 155
114 157
114 162
114 168
114 169
114 173
114 177
114 178
114 181
114 184
114 194
115 117
115 124
115 126
115 127
115 142
115 145
115 146
115 152
115 169
115 177
115 178
115 179
115 182
115 185
115 188
116 123
116 125
116 139
116 140
116 142
116 143
116 151
116 172
116 181
116 194
116 197
117 120
117 121
117 124
117 126
117 127
117 139
117 140
117 145
117 149
117 159
117 163
117 165
117 174
117 175
117 187
117 191
117 197
118 122
118 126
118 130
118 135
118 139
118 140
118 142
118 149
118 154
118 166
118 167
118 168
118 176
118 179
118 181
118 182
118 187
118 194
118 199
119 123
119 131
119 139
119 146
119 151
119 161
119 167
119 168
119 180
119 181
119 182
119 192
120 141
120 150
120 151
120 153
120 164
120 168
120 172
120 175
120 189
121 133
121 137
121 140
121 143
121 154
121 156
121 161
121 165
121 173
121 176
121 187
121 189
122 146
122 149
122 152
122 155
122 156
122 157
122 165
122 167
122 168
122 176
122 178
122 180
122 182
122 188
123 128
123 129
123 145
123 155
123 160
123 162
123 163
123 173
123 178
123 186
123 189
123 192
123 193
123 194
123 197
123 198
124 127
124 140
124 143
124 144
124 145
124 150
124 156
124 161
124 164
124 169
124 175
124 183
124 188
124 190
124 192
125 128
125 129
125 131
125 136
125 143
125 147
125 148
125 149
125 155
125 158
125 164
125 173
125 176
125 181
125 190
125 192
125 193
126 128
126 141
126 151
126 154
126 162
126 165
126 179
126 181
126 184
126 186
126 188
126 191
127 132
127 139
127 144
127 147
127 165
127 166
127 169
127 184
127 186
127 190
127 192
127 199
128 134
128 142
128 148
128 156
128 162
128 164
128 172
128 178
128 182
128 185
128 186
128 187
128 188
128 190
128 194
128 197
129 132
129 137
129 141
129 146
129 148
129 153
129 162
129 172
129 174
129 192
129 196
129 198
129 199
130 161
130 162
130 163
130 164
130 167
130 170
130 174
130 175
130 176
130 177
130 181
130 183
130 185
130 188
130 192
130 199
131 137
131 138
131 140
131 147
131 149
131 151
131 157
131 161
131 175
131 176
131 180
132 135
132 144
132 147
132 152
132 153
132 162
132 164
132 167
132 171
132 175
132 176
132 177
132 179
132 182
132 186
132 187
132 189
132 195
132 198
133 134
133 136
133 149
133 155
133 160
133 163
133 165
133 168
133 171
133 179
133 183
133 184
133 191
133 193
133 194
133 198
134 135
134 140
134 145
134 147
134 149
134 153
134 155
134 162
134 171
134 176
134 191
134 194
135 136
135 144
135 146
135 152
135 159
135 162
135 165
135 170
135 171
135 174
135 178
135 180
135 187
135 189
135 190
135 197
136 138
136 141
136 144
136 149
136 156
136 162
136 168
136 170
136 175
136 177
136 180
136 189
136 191
136 193
137 151
137 153
137 154
137 169
137 170
137 184
137 186
137 187
137 196
138 141
138 147
138 149
138 151
138 160
138 171
138 177
138 183
138 186
138 196
138 197
139 144
139 145
139 150
139 153
139 160
139 167
139 179
139 183
139 186
139 187
139 190
139 199
140 145
140 149
140 155
140 157
140 161
140 171
140 173
140 193
141 147
141 158
141 159
141 160
141 163
141 166
141 167
141 173
141 174
141 175
141 177
141 178
141 180
141 183
141 185
141 190
141 191
141 194
141 197
142 149
142 156
142 157
142 166
142 169
142 170
142 179
142 184
142 194
142 196
143 148
143 149
143 153
143 154
143 155
143 161
143 164
143 168
143 173
143 186
143 191
143 194
143 195
144 149
144 165
144 171
144 174
144 190
144 196
144 199
145 151
145 157
145 177
145 178
145 179
145 181
145 183
145 188
145 189
145 193
145 194
146 161
146 164
146 165
146 167
146 174
146 176
146 181
146 182
147 163
147 164
147 169
147 176
147 185
147 195
148 149
148 157
148 160
148 161
148 162
148 164
148 168
148 170
148 171
148 172
148 174
148 186
148 195
148 196
148 197
149 150
149 152
149 160
149 161
149 165
149 167
149 174
149 179
149 182
149 184
149 188
149 199
150 151
150 155
150 159
150 164
150 168
150 169
150 170
150 174
150 175
150 190
150 191
150 197
151 153
151 164
151 165
151 174
151 187
151 189
151 190
151 193
152 153
152 156
152 157
152 159
152 175
152 176
152 182
152 189
152 193
152 196
152 197
153 156
153 166
153 168
153 170
153 180
153 181
153 184
153 186
154 166
154 167
154 172
154 184
154 185
154 188
154 193
154 198
154 199
155 159
155 162
155 163
155 168
155 173
155 175
155 181
155 186
156 161
156 162
156 166
156 190
157 161
157 170
157 171
157 179
157 186
157 188
157 192
157 194
157 199
158 160
158 161
158 171
158 186
158 189
158 192
158 193
158 194
158 197
159 160
159 165
159 168
159 171
159 181
159 187
159 189
159 190
159 193
159 194
159 199
160 166
160 177
160 192
160 196
160 197
161 162
161 174
161 178
161 183
161 184
161 186
161 189
161 191
162 167
162 168
162 171
162 172
162 180
162 184
162 185
163 164
163 168
163 169
163 172
163 178
163 187
163 188
163 190
163 191
163 192
163 195
163 199
164 169
164 178
164 184
164 193
164 197
164 198
165 169
165 172
165 173
165 174
165 178
165 188
165 189
165 194
165 198
165 199
166 167
166 168
166 171
166 172
166 173
166 176
166 180
166 184
166 185
167 180
167 182
167 183
167 189
167 190
168 173
168 184
168 189
168 193
168 195
168 199
169 170
169 177
169 181
169 188
169 192
169 196
170 174
170 175
170 176
170 182
170 193
171 175
171 177
171 179
171 194
172 174
172 183
172 187
172 195
172 198
172 199
173 178
173 180
173 183
173 190
173 195
174 180
174 182
174 199
175 181
175 182
175 187
175 197
176 178
176 180
176 187
176 188
176 194
177 185
178 185
178 186
178 199
179 182
179 184
179 188
179 190
179 193
180 184
180 188
180 191
180 192
180 194
180 198
181 183
181 187
181 195
181 196
182 185
182 196
182 197
183 187
183 189
183 191
183 193
183 194
183 195
184 189
184 190
184 193
184 195
184 198
184 199
185 190
185 191
185 199
186 190
186 191
186 192
186 197
187 192
187 196
188 190
188 191
188 194
188 197
189 197
190 191
190 192
190 194
190 199
191 192
192 195
192 198
193 194
193 197
194 197
