250 6284
0 1
0 2
0 4
0 6
0 10
0 14
0 16
0 18
0 22
0 23
0 25
0 48
0 50
0 54
0 57
0 61
0 62
0 64
0 76
0 80
0 81
0 82
0 88
0 89
0 91
0 93
0 95
0 112
0 114
0 117
0 122
0 128
0 129
0 138
0 142
0 154
0 155
0 156
0 159
0 161
0 179
0 186
0 187
0 197
0 199
0 203
0 207
0 212
0 214
0 228
0 229
0 233
0 235
1 2
1 4
1 9
1 10
1 19
1 23
1 25
1 29
1 35
1 38
1 40
1 42
1 45
1 51
1 52
1 56
1 58
1 67
1 68
1 71
1 75
1 80
1 85
1 88
1 89
1 92
1 94
1 95
1 96
1 100
1 101
1 103
1 112
1 113
1 118
1 119
1 122
1 139
1 143
1 147
1 150
1 152
1 159
1 160
1 167
1 172
1 173
1 175
1 180
1 190
1 191
1 192
1 200
1 201
1 205
1 207
1 209
1 212
1 213
1 219
1 224
1 225
1 233
1 237
1 239
1 247
1 248
2 4
2 6
2 8
2 15
2 19
2 20
2 21
2 23
2 30
2 38
2 57
2 63
2 64
2 66
2 91
2 93
2 95
2 98
2 102
2 105
2 106
2 120
2 121
2 133
2 134
2 142
2 146
2 148
2 151
2 155
2 156
2 164
2 168
2 176
2 177
2 184
2 186
2 189
2 193
2 206
2 214
2 217
2 224
2 231
2 236
2 238
2 241
2 242
2 244
2 248
3 8
3 13
3 14
3 17
3 18
3 21
3 24
3 26
3 30
3 32
3 42
3 50
3 54
3 56
3 57
3 67
3 74
3 76
3 79
3 86
3 101
3 102
3 107
3 108
3 112
3 125
3 130
3 139
3 140
3 141
3 146
3 148
3 157
3 162
3 169
3 173
3 180
3 181
3 182
3 184
3 193
3 196
3 205
3 206
3 210
3 212
3 222
3 223
3 239
3 241
3 242
4 8
4 10
4 15
4 40
4 46
4 47
4 49
4 50
4 52
4 54
4 56
4 58
4 59
4 62
4 63
4 75
4 79
4 81
4 85
4 93
4 94
4 107
4 109
4 110
4 116
4 121
4 129
4 139
4 141
4 154
4 158
4 172
4 174
4 176
4 183
4 194
4 204
4 209
4 210
4 211
4 217
4 219
4 222
4 226
4 234
4 240
4 242
4 244
4 245
5 7
5 8
5 15
5 18
5 28
5 33
5 39
5 40
5 65
5 72
5 76
5 77
5 81
5 99
5 101
5 103
5 110
5 117
5 118
5 119
5 124
5 130
5 141
5 144
5 147
5 157
5 160
5 190
5 191
5 193
5 196
5 206
5 211
5 213
5 218
5 223
5 224
5 230
5 233
5 235
5 236
5 241
5 244
5 247
6 7
6 9
6 14
6 28
6 34
6 36
6 49
6 52
6 61
6 63
6 67
6 68
6 72
6 75
6 84
6 86
6 91
6 92
6 95
6 97
6 100
6 104
6 106
6 115
6 117
6 120
6 122
6 123
6 141
6 143
6 145
6 146
6 149
6 153
6 156
6 174
6 175
6 181
6 191
6 193
6 194
6 196
6 201
6 219
6 222
6 234
6 244
6 246
6 247
7 8
7 11
7 12
7 15
7 17
7 18
7 21
7 26
7 33
7 40
7 43
7 44
7 51
7 52
7 55
7 81
7 83
7 84
7 89
7 91
7 101
7 102
7 104
7 106
7 107
7 109
7 113
7 120
7 121
7 122
7 125
7 127
7 137
7 149
7 150
7 152
7 154
7 168
7 172
7 179
7 184
7 187
7 198
7 200
7 212
7 220
7 223
7 232
7 240
7 243
7 244
7 245
7 246
8 18
8 24
8 36
8 44
8 52
8 60
8 62
8 66
8 71
8 72
8 73
8 76
8 79
8 88
8 97
8 102
8 106
8 113
8 118
8 124
8 126
8 130
8 138
8 144
8 148
8 152
8 154
8 167
8 168
8 170
8 171
8 177
8 181
8 182
8 186
8 189
8 190
8 193
8 200
8 207
8 210
8 217
8 218
8 222
8 225
8 228
8 230
8 239
8 240
8 241
8 243
8 246
9 11
9 15
9 19
9 30
9 31
9 34
9 45
9 49
9 54
9 67
9 71
9 73
9 74
9 75
9 79
9 87
9 88
9 93
9 96
9 100
9 103
9 107
9 110
9 115
9 118
9 119
9 129
9 136
9 139
9 146
9 149
9 150
9 152
9 153
9 154
9 155
9 156
9 159
9 164
9 166
9 167
9 178
9 179
9 182
9 186
9 188
9 189
9 192
9 193
9 194
9 210
9 219
9 220
9 226
9 229
9 238
9 242
9 247
10 19
10 20
10 29
10 32
10 49
10 52
10 56
10 58
10 60
10 66
10 67
10 76
10 82
10 92
10 97
10 105
10 108
10 109
10 117
10 119
10 121
10 126
10 127
10 128
10 134
10 136
10 149
10 163
10 169
10 170
10 173
10 174
10 176
10 189
10 193
10 198
10 208
10 212
10 219
10 220
10 238
10 239
10 241
10 248
10 249
11 18
11 26
11 27
11 31
11 42
11 44
11 46
11 49
11 53
11 57
11 62
11 65
11 67
11 71
11 79
11 80
11 86
11 90
11 91
11 101
11 103
11 106
11 110
11 112
11 116
11 118
11 120
11 122
11 123
11 131
11 138
11 144
11 159
11 177
11 179
11 184
11 187
11 197
11 212
11 216
11 219
11 231
11 232
11 234
11 235
11 236
11 240
11 245
11 249
12 13
12 18
12 32
12 33
12 34
12 35
12 39
12 40
12 43
12 45
12 48
12 49
12 61
12 65
12 78
12 80
12 82
12 83
12 93
12 96
12 101
12 102
12 104
12 106
12 120
12 126
12 127
12 136
12 155
12 164
12 183
12 185
12 187
12 190
12 193
12 195
12 197
12 199
12 204
12 209
12 225
12 230
12 235
12 240
12 244
12 247
13 23
13 28
13 36
13 42
13 52
13 56
13 62
13 76
13 77
13 78
13 85
13 91
13 97
13 100
13 111
13 118
13 129
13 130
13 136
13 137
13 141
13 155
13 158
13 159
13 164
13 169
13 172
13 174
13 175
13 183
13 184
13 191
13 196
13 197
13 201
13 204
13 207
13 208
13 214
13 215
13 220
13 227
13 235
13 238
13 244
13 245
13 247
13 249
14 16
14 19
14 24
14 30
14 31
14 37
14 40
14 50
14 56
14 58
14 59
14 65
14 68
14 80
14 83
14 84
14 96
14 99
14 114
14 115
14 134
14 135
14 144
14 146
14 151
14 156
14 163
14 185
14 188
14 190
14 194
14 200
14 204
14 216
14 223
14 224
14 225
14 228
14 235
14 236
14 240
14 244
14 249
15 16
15 20
15 31
15 42
15 46
15 54
15 55
15 58
15 61
15 89
15 98
15 101
15 114
15 126
15 133
15 139
15 144
15 151
15 153
15 154
15 155
15 162
15 164
15 169
15 173
15 179
15 180
15 190
15 197
15 199
15 207
15 209
15 212
15 213
15 221
15 222
15 230
15 247
16 17
16 23
16 25
16 30
16 31
16 36
16 50
16 54
16 56
16 59
16 65
16 68
16 70
16 72
16 73
16 78
16 84
16 99
16 109
16 112
16 116
16 121
16 123
16 125
16 128
16 142
16 143
16 150
16 152
16 162
16 165
16 168
16 184
16 186
16 191
16 208
16 210
16 217
16 222
16 226
16 234
16 235
16 238
16 249
17 19
17 27
17 30
17 31
17 37
17 40
17 41
17 44
17 47
17 51
17 57
17 61
17 72
17 78
17 87
17 101
17 113
17 115
17 116
17 120
17 126
17 133
17 134
17 143
17 148
17 149
17 151
17 160
17 165
17 169
17 171
17 173
17 176
17 184
17 187
17 189
17 190
17 193
17 198
17 199
17 211
17 212
17 214
17 222
17 223
17 225
17 233
17 238
18 20
18 25
18 26
18 29
18 32
18 38
18 44
18 45
18 46
18 54
18 55
18 60
18 79
18 80
18 85
18 86
18 87
18 92
18 97
18 103
18 114
18 116
18 120
18 138
18 140
18 146
18 158
18 165
18 168
18 182
18 183
18 202
18 211
18 217
18 222
18 228
18 229
18 234
18 241
18 243
19 22
19 23
19 24
19 31
19 32
19 34
19 35
19 40
19 52
19 53
19 57
19 65
19 74
19 77
19 82
19 92
19 98
19 101
19 103
19 105
19 112
19 113
19 117
19 131
19 136
19 149
19 151
19 156
19 163
19 168
19 172
19 174
19 180
19 182
19 188
19 190
19 204
19 219
19 220
19 221
19 222
19 236
19 238
19 245
20 22
20 29
20 30
20 39
20 43
20 49
20 55
20 59
20 61
20 69
20 70
20 81
20 82
20 86
20 88
20 100
20 107
20 123
20 134
20 138
20 139
20 142
20 147
20 155
20 161
20 169
20 181
20 189
20 193
20 197
20 202
20 207
20 209
20 215
20 218
20 225
20 226
20 236
20 238
20 239
21 23
21 27
21 28
21 36
21 39
21 46
21 52
21 55
21 58
21 62
21 64
21 68
21 75
21 76
21 78
21 79
21 80
21 87
21 88
21 92
21 102
21 107
21 108
21 112
21 124
21 127
21 132
21 135
21 142
21 147
21 148
21 157
21 163
21 180
21 182
21 190
21 200
21 201
21 204
21 206
21 219
21 220
21 221
21 224
21 229
21 232
21 239
21 245
22 26
22 32
22 35
22 40
22 48
22 49
22 54
22 63
22 80
22 82
22 92
22 102
22 103
22 104
22 105
22 110
22 113
22 114
22 125
22 128
22 131
22 132
22 134
22 137
22 149
22 153
22 154
22 158
22 164
22 166
22 170
22 175
22 179
22 187
22 188
22 197
22 210
22 212
22 215
22 218
22 219
22 220
22 225
22 231
22 238
22 239
23 25
23 33
23 35
23 38
23 42
23 48
23 57
23 61
23 63
23 69
23 72
23 76
23 77
23 79
23 82
23 83
23 87
23 88
23 90
23 103
23 113
23 119
23 122
23 127
23 143
23 144
23 148
23 163
23 180
23 187
23 190
23 191
23 197
23 202
23 203
23 206
23 212
23 213
23 220
23 226
23 231
24 25
24 34
24 36
24 54
24 61
24 62
24 64
24 72
24 75
24 77
24 79
24 80
24 83
24 91
24 105
24 109
24 111
24 114
24 117
24 119
24 128
24 140
24 145
24 148
24 157
24 159
24 164
24 166
24 181
24 209
24 220
24 222
24 230
24 241
24 248
25 32
25 38
25 41
25 42
25 48
25 51
25 59
25 60
25 79
25 80
25 87
25 102
25 108
25 110
25 111
25 115
25 134
25 136
25 143
25 146
25 153
25 156
25 161
25 171
25 174
25 175
25 177
25 181
25 192
25 193
25 195
25 197
25 200
25 211
25 213
25 222
25 223
25 233
25 237
25 241
25 243
25 247
25 248
26 29
26 30
26 31
26 36
26 39
26 43
26 58
26 61
26 63
26 66
26 68
26 69
26 76
26 82
26 86
26 92
26 98
26 102
26 104
26 105
26 112
26 114
26 115
26 118
26 129
26 132
26 141
26 142
26 147
26 151
26 155
26 157
26 168
26 180
26 197
26 203
26 204
26 206
26 210
26 211
26 216
26 219
26 237
26 243
26 246
26 249
27 36
27 37
27 40
27 51
27 52
27 63
27 66
27 69
27 72
27 75
27 77
27 84
27 85
27 88
27 91
27 94
27 108
27 116
27 122
27 139
27 155
27 157
27 166
27 172
27 184
27 195
27 202
27 209
27 212
27 213
27 214
27 221
27 227
27 231
27 232
27 233
27 235
27 236
27 238
27 243
28 42
28 44
28 45
28 55
28 59
28 61
28 72
28 83
28 85
28 86
28 93
28 94
28 106
28 111
28 113
28 127
28 130
28 134
28 141
28 148
28 154
28 156
28 166
28 173
28 176
28 188
28 191
28 200
28 201
28 211
28 214
28 217
28 222
28 228
28 229
28 231
28 241
28 245
29 32
29 34
29 38
29 41
29 44
29 54
29 59
29 62
29 65
29 67
29 68
29 78
29 83
29 85
29 89
29 93
29 95
29 96
29 101
29 105
29 110
29 111
29 115
29 127
29 130
29 131
29 132
29 138
29 139
29 140
29 141
29 146
29 147
29 148
29 149
29 153
29 169
29 176
29 178
29 182
29 185
29 186
29 193
29 202
29 204
29 209
29 213
29 226
29 235
29 238
29 239
29 241
30 32
30 45
30 46
30 48
30 49
30 61
30 62
30 79
30 84
30 97
30 98
30 110
30 122
30 126
30 131
30 139
30 144
30 146
30 147
30 155
30 157
30 162
30 186
30 189
30 190
30 194
30 195
30 197
30 198
30 201
30 205
30 206
30 208
30 209
30 211
30 212
30 213
30 220
30 225
30 230
30 234
30 242
30 244
30 247
31 39
31 43
31 51
31 52
31 57
31 58
31 59
31 64
31 66
31 79
31 88
31 94
31 95
31 98
31 99
31 111
31 112
31 118
31 130
31 136
31 138
31 140
31 142
31 146
31 150
31 152
31 157
31 169
31 174
31 176
31 177
31 191
31 193
31 195
31 206
31 210
31 214
31 217
31 218
31 221
31 231
31 236
31 246
32 33
32 35
32 40
32 46
32 52
32 55
32 59
32 63
32 70
32 77
32 80
32 81
32 86
32 89
32 93
32 98
32 105
32 107
32 114
32 116
32 132
32 134
32 137
32 147
32 151
32 153
32 154
32 155
32 156
32 158
32 162
32 168
32 173
32 180
32 181
32 184
32 189
32 191
32 192
32 198
32 203
32 206
32 212
32 219
32 224
32 226
32 228
32 229
32 231
32 235
32 239
32 245
32 249
33 35
33 42
33 47
33 48
33 59
33 84
33 89
33 109
33 110
33 111
33 117
33 118
33 131
33 140
33 152
33 156
33 171
33 178
33 180
33 187
33 191
33 192
33 202
33 205
33 207
33 208
33 211
33 212
33 217
33 227
33 234
33 235
33 236
33 238
33 246
34 42
34 44
34 60
34 61
34 62
34 64
34 69
34 77
34 81
34 84
34 100
34 106
34 111
34 117
34 129
34 131
34 137
34 139
34 142
34 153
34 156
34 164
34 166
34 168
34 173
34 174
34 183
34 186
34 188
34 193
34 194
34 202
34 206
34 209
34 214
34 217
34 218
34 225
34 228
34 238
34 246
34 248
35 38
35 45
35 48
35 65
35 73
35 74
35 75
35 76
35 82
35 88
35 92
35 93
35 96
35 100
35 107
35 110
35 115
35 117
35 127
35 128
35 130
35 147
35 153
35 157
35 158
35 161
35 173
35 174
35 175
35 176
35 177
35 179
35 180
35 185
35 190
35 192
35 194
35 198
35 200
35 201
35 206
35 210
35 224
35 228
35 230
35 237
35 241
35 242
35 245
35 247
36 38
36 39
36 42
36 45
36 47
36 49
36 52
36 57
36 67
36 77
36 78
36 85
36 92
36 96
36 113
36 114
36 115
36 123
36 129
36 136
36 142
36 144
36 148
36 152
36 153
36 154
36 155
36 159
36 169
36 171
36 172
36 177
36 187
36 188
36 189
36 197
36 201
36 203
36 204
36 219
36 221
36 228
36 232
36 234
37 43
37 44
37 45
37 47
37 48
37 52
37 54
37 59
37 61
37 68
37 72
37 73
37 79
37 82
37 87
37 88
37 89
37 95
37 97
37 101
37 103
37 110
37 112
37 120
37 123
37 129
37 130
37 133
37 136
37 138
37 140
37 142
37 147
37 160
37 163
37 166
37 169
37 171
37 172
37 175
37 183
37 187
37 192
37 199
37 204
37 218
37 228
37 237
37 249
38 45
38 48
38 56
38 61
38 62
38 63
38 64
38 68
38 70
38 73
38 81
38 85
38 87
38 95
38 98
38 110
38 115
38 117
38 118
38 123
38 133
38 143
38 158
38 162
38 165
38 172
38 173
38 178
38 180
38 183
38 187
38 195
38 198
38 199
38 203
38 208
38 214
38 223
38 224
38 226
38 237
38 239
39 42
39 45
39 46
39 47
39 51
39 53
39 57
39 67
39 69
39 87
39 92
39 93
39 94
39 103
39 106
39 108
39 110
39 119
39 121
39 123
39 128
39 133
39 134
39 138
39 141
39 147
39 150
39 156
39 158
39 161
39 165
39 166
39 177
39 179
39 184
39 194
39 207
39 210
39 211
39 217
39 219
39 225
39 233
39 235
39 242
39 249
40 44
40 46
40 53
40 55
40 67
40 75
40 76
40 94
40 102
40 105
40 115
40 124
40 130
40 132
40 137
40 138
40 150
40 156
40 157
40 165
40 176
40 189
40 196
40 199
40 209
40 216
40 219
40 221
40 223
40 227
40 228
40 229
40 238
40 243
40 249
41 48
41 53
41 55
41 59
41 60
41 61
41 66
41 69
41 71
41 74
41 87
41 88
41 90
41 91
41 95
41 98
41 99
41 102
41 103
41 117
41 119
41 121
41 127
41 128
41 129
41 131
41 135
41 136
41 137
41 140
41 152
41 158
41 159
41 161
41 162
41 167
41 174
41 187
41 196
41 198
41 200
41 207
41 211
41 212
41 214
41 218
41 222
41 226
42 46
42 52
42 53
42 54
42 57
42 62
42 63
42 69
42 70
42 89
42 90
42 111
42 114
42 120
42 137
42 140
42 141
42 144
42 147
42 149
42 151
42 158
42 166
42 167
42 168
42 173
42 174
42 175
42 177
42 185
42 205
42 211
42 213
42 223
42 233
42 234
42 240
43 56
43 58
43 60
43 65
43 73
43 77
43 82
43 88
43 89
43 91
43 95
43 97
43 101
43 111
43 118
43 127
43 155
43 164
43 171
43 181
43 182
43 184
43 188
43 194
43 195
43 202
43 205
43 214
43 217
43 218
43 226
43 232
43 233
43 238
43 247
44 49
44 55
44 60
44 66
44 69
44 79
44 82
44 85
44 89
44 90
44 101
44 105
44 108
44 109
44 114
44 115
44 118
44 120
44 123
44 127
44 133
44 144
44 146
44 148
44 152
44 154
44 155
44 158
44 161
44 163
44 165
44 170
44 179
44 187
44 188
44 190
44 201
44 202
44 217
44 218
44 219
44 228
44 235
44 236
44 246
44 247
45 52
45 55
45 56
45 64
45 65
45 66
45 69
45 70
45 73
45 78
45 83
45 86
45 92
45 98
45 99
45 106
45 108
45 112
45 123
45 126
45 127
45 132
45 140
45 141
45 145
45 148
45 149
45 153
45 154
45 162
45 164
45 166
45 169
45 180
45 185
45 206
45 221
45 223
45 224
45 229
45 232
45 246
45 248
45 249
46 53
46 63
46 65
46 66
46 68
46 70
46 72
46 77
46 84
46 99
46 101
46 111
46 113
46 122
46 124
46 127
46 134
46 142
46 143
46 146
46 147
46 151
46 155
46 157
46 161
46 164
46 166
46 171
46 173
46 180
46 183
46 189
46 197
46 198
46 204
46 215
46 216
46 219
46 227
46 228
46 229
46 237
46 242
47 51
47 53
47 68
47 70
47 71
47 72
47 78
47 85
47 87
47 89
47 90
47 96
47 98
47 114
47 115
47 118
47 121
47 125
47 131
47 135
47 136
47 137
47 140
47 141
47 150
47 151
47 154
47 155
47 157
47 158
47 161
47 170
47 171
47 173
47 175
47 185
47 187
47 190
47 192
47 193
47 198
47 209
47 213
47 215
47 217
47 222
47 223
47 228
47 229
47 231
47 235
47 237
47 238
47 245
48 49
48 50
48 54
48 57
48 78
48 80
48 81
48 83
48 89
48 93
48 99
48 102
48 103
48 107
48 109
48 116
48 127
48 129
48 132
48 133
48 143
48 149
48 153
48 155
48 158
48 162
48 171
48 172
48 175
48 176
48 184
48 188
48 191
48 213
48 214
48 215
48 216
48 224
48 225
48 227
48 228
48 234
48 248
48 249
49 53
49 58
49 60
49 65
49 68
49 69
49 81
49 85
49 87
49 90
49 99
49 102
49 104
49 113
49 130
49 131
49 142
49 147
49 154
49 163
49 167
49 170
49 180
49 192
49 194
49 199
49 201
49 204
49 206
49 208
49 214
49 218
49 220
49 223
49 225
49 232
49 243
49 245
49 249
50 54
50 56
50 59
50 72
50 86
50 88
50 90
50 95
50 103
50 108
50 115
50 116
50 123
50 126
50 137
50 139
50 149
50 152
50 156
50 161
50 162
50 163
50 167
50 171
50 172
50 175
50 182
50 193
50 195
50 197
50 198
50 200
50 207
50 210
50 212
50 220
50 225
50 230
51 53
51 55
51 57
51 59
51 62
51 63
51 72
51 77
51 80
51 85
51 87
51 89
51 91
51 93
51 94
51 102
51 103
51 105
51 107
51 112
51 120
51 121
51 140
51 145
51 146
51 148
51 158
51 162
51 165
51 170
51 179
51 184
51 185
51 191
51 194
51 196
51 219
51 225
51 227
51 231
51 239
51 240
51 249
52 53
52 54
52 57
52 58
52 60
52 63
52 64
52 66
52 69
52 76
52 82
52 83
52 84
52 85
52 90
52 93
52 96
52 102
52 106
52 109
52 111
52 118
52 126
52 127
52 128
52 134
52 138
52 140
52 141
52 144
52 147
52 149
52 150
52 152
52 153
52 157
52 173
52 180
52 182
52 191
52 193
52 197
52 211
52 224
52 228
52 233
52 238
52 241
52 242
53 58
53 67
53 81
53 98
53 118
53 123
53 134
53 140
53 151
53 153
53 157
53 158
53 161
53 163
53 174
53 175
53 191
53 199
53 202
53 207
53 208
53 210
53 212
53 213
53 220
53 221
53 222
53 226
53 227
53 228
54 55
54 67
54 68
54 69
54 80
54 81
54 88
54 90
54 92
54 99
54 100
54 101
54 104
54 107
54 108
54 113
54 115
54 117
54 119
54 124
54 126
54 128
54 136
54 138
54 142
54 153
54 165
54 169
54 174
54 182
54 185
54 187
54 192
54 196
54 198
54 199
54 202
54 208
54 215
54 219
54 220
54 226
54 229
54 231
54 233
54 235
54 237
54 238
54 239
54 246
55 58
55 63
55 64
55 73
55 74
55 83
55 85
55 86
55 90
55 93
55 96
55 103
55 104
55 105
55 122
55 123
55 131
55 143
55 153
55 156
55 165
55 168
55 176
55 181
55 190
55 194
55 206
55 222
55 223
55 224
55 227
55 230
55 232
55 236
55 237
55 239
55 241
55 243
55 244
55 245
55 248
56 58
56 67
56 69
56 83
56 87
56 93
56 107
56 117
56 120
56 125
56 131
56 132
56 133
56 136
56 138
56 145
56 148
56 154
56 155
56 156
56 157
56 162
56 165
56 166
56 178
56 180
56 186
56 196
56 200
56 202
56 209
56 212
56 217
56 219
56 221
56 224
56 231
56 233
56 235
56 236
56 239
56 243
56 248
57 65
57 66
57 67
57 72
57 74
57 80
57 81
57 88
57 90
57 94
57 99
57 104
57 108
57 121
57 129
57 130
57 132
57 141
57 142
57 187
57 190
57 196
57 220
57 222
57 229
57 230
57 242
57 248
57 249
58 66
58 68
58 73
58 96
58 99
58 100
58 102
58 108
58 109
58 113
58 115
58 117
58 120
58 121
58 123
58 126
58 137
58 149
58 150
58 157
58 158
58 165
58 175
58 178
58 180
58 197
58 205
58 208
58 219
58 231
58 232
58 246
59 60
59 62
59 63
59 73
59 78
59 82
59 91
59 98
59 112
59 115
59 132
59 133
59 137
59 144
59 158
59 160
59 173
59 197
59 199
59 208
59 209
59 216
59 226
59 235
59 236
59 242
60 63
60 64
60 65
60 67
60 70
60 71
60 73
60 76
60 81
60 86
60 89
60 92
60 96
60 97
60 108
60 109
60 114
60 120
60 125
60 140
60 147
60 151
60 154
60 155
60 163
60 165
60 171
60 179
60 182
60 186
60 188
60 195
60 205
60 206
60 212
60 213
60 217
60 219
60 231
60 238
60 241
61 64
61 65
61 67
61 70
61 72
61 76
61 91
61 104
61 108
61 113
61 114
61 121
61 125
61 126
61 128
61 129
61 140
61 142
61 144
61 146
61 151
61 154
61 164
61 168
61 170
61 181
61 193
61 204
61 210
61 216
61 217
61 229
61 235
61 237
61 239
62 63
62 70
62 91
62 102
62 109
62 120
62 123
62 124
62 127
62 132
62 135
62 136
62 137
62 139
62 142
62 143
62 148
62 150
62 152
62 153
62 157
62 164
62 175
62 177
62 199
62 224
62 227
62 231
62 232
62 234
62 235
62 241
62 245
63 68
63 75
63 81
63 82
63 93
63 95
63 102
63 106
63 114
63 115
63 132
63 144
63 145
63 150
63 153
63 163
63 172
63 173
63 183
63 184
63 186
63 189
63 194
63 197
63 198
63 199
63 200
63 202
63 204
63 205
63 207
63 210
63 211
63 219
63 227
63 247
63 248
63 249
64 69
64 76
64 78
64 83
64 86
64 87
64 88
64 94
64 100
64 103
64 114
64 116
64 120
64 124
64 131
64 140
64 143
64 147
64 154
64 156
64 157
64 163
64 166
64 168
64 175
64 176
64 178
64 181
64 183
64 184
64 186
64 187
64 193
64 194
64 195
64 198
64 200
64 210
64 232
64 240
64 243
65 69
65 91
65 93
65 96
65 97
65 101
65 103
65 109
65 110
65 117
65 126
65 139
65 140
65 150
65 159
65 163
65 165
65 168
65 175
65 177
65 181
65 189
65 191
65 210
65 215
65 218
65 220
65 229
65 235
65 237
65 239
65 241
65 242
65 243
66 75
66 76
66 78
66 85
66 105
66 106
66 113
66 123
66 124
66 125
66 127
66 130
66 137
66 143
66 151
66 168
66 182
66 187
66 190
66 191
66 199
66 204
66 212
66 213
66 217
66 219
66 225
66 229
66 232
66 241
66 242
66 248
67 71
67 75
67 76
67 77
67 79
67 85
67 97
67 98
67 101
67 110
67 115
67 120
67 124
67 127
67 129
67 130
67 133
67 134
67 135
67 142
67 150
67 151
67 152
67 155
67 157
67 159
67 162
67 167
67 168
67 172
67 182
67 184
67 188
67 199
67 203
67 205
67 208
67 211
67 221
67 222
67 231
67 232
68 69
68 73
68 76
68 95
68 98
68 99
68 103
68 107
68 109
68 118
68 119
68 121
68 123
68 127
68 129
68 130
68 134
68 137
68 142
68 145
68 147
68 154
68 155
68 181
68 186
68 189
68 197
68 205
68 206
68 208
68 213
68 217
68 218
68 235
68 240
68 249
69 70
69 78
69 82
69 83
69 92
69 97
69 103
69 104
69 107
69 112
69 114
69 120
69 122
69 126
69 130
69 141
69 143
69 144
69 148
69 149
69 155
69 163
69 169
69 178
69 182
69 183
69 189
69 194
69 198
69 207
69 212
69 222
69 225
69 229
69 234
69 239
69 242
69 244
69 249
70 71
70 73
70 83
70 94
70 99
70 101
70 102
70 104
70 108
70 109
70 116
70 118
70 119
70 120
70 126
70 127
70 128
70 130
70 134
70 146
70 147
70 148
70 156
70 160
70 171
70 176
70 195
70 202
70 215
70 226
70 227
70 230
70 235
70 237
70 239
70 241
71 77
71 78
71 79
71 84
71 87
71 93
71 94
71 97
71 106
71 108
71 109
71 111
71 117
71 121
71 123
71 131
71 132
71 139
71 142
71 143
71 147
71 153
71 161
71 163
71 166
71 167
71 169
71 177
71 178
71 182
71 187
71 188
71 198
71 200
71 211
71 216
71 221
71 222
71 238
71 240
71 243
71 248
72 93
72 94
72 98
72 101
72 103
72 107
72 109
72 111
72 114
72 115
72 135
72 140
72 141
72 143
72 162
72 174
72 180
72 181
72 182
72 187
72 191
72 195
72 199
72 201
72 203
72 204
72 209
72 213
72 214
72 219
72 227
72 230
72 231
72 232
72 233
72 241
72 242
72 244
72 249
73 74
73 76
73 77
73 93
73 95
73 99
73 100
73 104
73 105
73 114
73 117
73 118
73 123
73 124
73 129
73 130
73 154
73 157
73 167
73 168
73 176
73 178
73 179
73 187
73 191
73 193
73 195
73 197
73 205
73 212
73 215
73 233
73 237
73 238
73 240
73 242
73 245
74 77
74 86
74 89
74 102
74 106
74 109
74 113
74 118
74 125
74 128
74 130
74 135
74 141
74 150
74 154
74 156
74 167
74 171
74 180
74 185
74 187
74 193
74 208
74 217
74 218
74 219
74 224
74 235
74 246
74 247
74 248
75 77
75 78
75 82
75 83
75 88
75 93
75 94
75 97
75 101
75 102
75 110
75 116
75 117
75 125
75 127
75 134
75 138
75 139
75 142
75 144
75 156
75 157
75 161
75 163
75 165
75 166
75 169
75 174
75 175
75 183
75 189
75 205
75 216
75 220
75 221
75 227
75 228
75 230
75 234
75 239
75 249
76 89
76 90
76 92
76 95
76 97
76 104
76 111
76 116
76 127
76 131
76 132
76 133
76 136
76 137
76 139
76 140
76 148
76 154
76 160
76 164
76 165
76 168
76 169
76 171
76 179
76 180
76 181
76 184
76 185
76 191
76 192
76 196
76 198
76 202
76 208
76 209
76 214
76 223
76 227
76 234
76 243
76 245
76 247
77 90
77 93
77 101
77 103
77 105
77 107
77 110
77 111
77 116
77 118
77 123
77 129
77 130
77 134
77 138
77 139
77 142
77 145
77 155
77 162
77 169
77 171
77 172
77 187
77 190
77 191
77 197
77 214
77 222
77 223
77 224
77 227
77 230
77 233
78 80
78 82
78 96
78 97
78 99
78 100
78 108
78 129
78 138
78 151
78 154
78 159
78 160
78 163
78 165
78 166
78 178
78 179
78 184
78 188
78 198
78 202
78 204
78 213
78 214
78 226
78 230
78 236
78 242
78 246
79 80
79 85
79 89
79 90
79 92
79 99
79 104
79 116
79 117
79 118
79 126
79 129
79 131
79 132
79 137
79 144
79 149
79 153
79 161
79 169
79 176
79 181
79 191
79 197
79 198
79 210
79 211
79 212
79 222
80 81
80 90
80 91
80 93
80 104
80 108
80 112
80 115
80 129
80 151
80 155
80 158
80 161
80 172
80 174
80 179
80 183
80 191
80 194
80 205
80 207
80 241
80 244
80 247
81 82
81 83
81 84
81 92
81 94
81 95
81 103
81 105
81 107
81 109
81 115
81 131
81 132
81 148
81 158
81 163
81 165
81 166
81 176
81 181
81 189
81 192
81 195
81 196
81 197
81 200
81 201
81 205
81 218
81 221
81 222
81 223
81 228
81 234
81 239
81 242
81 247
82 86
82 94
82 99
82 101
82 103
82 113
82 114
82 116
82 121
82 128
82 132
82 133
82 134
82 140
82 143
82 149
82 158
82 161
82 166
82 175
82 177
82 178
82 186
82 199
82 209
82 212
82 220
82 223
82 237
82 239
82 242
82 244
82 246
82 249
83 96
83 103
83 108
83 111
83 129
83 130
83 133
83 148
83 150
83 154
83 156
83 163
83 169
83 177
83 183
83 191
83 197
83 199
83 207
83 213
83 217
83 220
83 221
83 222
83 223
83 225
83 229
83 232
83 237
83 242
83 246
84 86
84 88
84 93
84 102
84 112
84 114
84 132
84 136
84 138
84 139
84 170
84 171
84 172
84 173
84 176
84 179
84 183
84 184
84 185
84 186
84 190
84 192
84 194
84 197
84 201
84 208
84 214
84 215
84 217
84 224
84 226
84 228
84 234
84 238
85 88
85 89
85 93
85 115
85 124
85 127
85 132
85 133
85 142
85 144
85 147
85 151
85 155
85 156
85 157
85 159
85 162
85 166
85 167
85 169
85 175
85 178
85 180
85 182
85 195
85 201
85 206
85 209
85 211
85 214
85 217
85 225
85 229
85 230
85 237
85 239
85 240
85 244
85 246
86 88
86 93
86 95
86 97
86 101
86 103
86 110
86 119
86 124
86 139
86 142
86 148
86 156
86 158
86 164
86 171
86 174
86 177
86 182
86 183
86 186
86 190
86 192
86 199
86 201
86 202
86 209
86 213
86 216
86 219
86 224
86 231
86 237
86 243
86 245
87 88
87 90
87 93
87 102
87 104
87 106
87 126
87 128
87 129
87 144
87 145
87 159
87 161
87 162
87 171
87 177
87 183
87 185
87 187
87 196
87 207
87 213
87 219
87 222
87 232
87 233
87 240
87 241
87 246
87 249
88 95
88 102
88 114
88 118
88 121
88 122
88 125
88 134
88 139
88 143
88 149
88 151
88 155
88 165
88 167
88 187
88 199
88 210
88 211
88 212
88 215
88 218
88 219
88 225
88 226
88 227
88 229
88 230
88 232
88 235
88 237
88 242
88 243
88 246
88 249
89 98
89 105
89 106
89 115
89 118
89 119
89 128
89 133
89 143
89 145
89 153
89 154
89 158
89 159
89 160
89 166
89 169
89 173
89 178
89 191
89 196
89 199
89 200
89 209
89 225
89 231
89 234
90 91
90 97
90 100
90 106
90 112
90 132
90 133
90 134
90 136
90 138
90 143
90 144
90 148
90 149
90 169
90 172
90 173
90 175
90 182
90 184
90 189
90 190
90 223
90 224
90 229
90 236
90 245
91 97
91 102
91 110
91 113
91 114
91 115
91 117
91 121
91 123
91 124
91 125
91 127
91 139
91 148
91 149
91 150
91 153
91 155
91 163
91 164
91 168
91 170
91 177
91 182
91 185
91 187
91 191
91 202
91 203
91 207
91 211
91 216
91 220
91 221
91 222
91 226
91 227
91 242
91 243
91 249
92 96
92 107
92 108
92 117
92 130
92 132
92 133
92 136
92 143
92 146
92 147
92 149
92 165
92 166
92 172
92 179
92 183
92 186
92 187
92 192
92 202
92 204
92 206
92 216
92 217
92 220
92 222
92 247
92 248
93 97
93 109
93 110
93 113
93 118
93 123
93 124
93 128
93 131
93 132
93 137
93 142
93 144
93 150
93 155
93 173
93 174
93 178
93 202
93 215
93 224
93 225
93 233
93 240
93 242
93 246
93 248
94 98
94 100
94 101
94 111
94 126
94 129
94 132
94 133
94 134
94 137
94 140
94 145
94 148
94 151
94 161
94 167
94 169
94 170
94 173
94 174
94 179
94 185
94 196
94 211
94 215
94 216
94 219
94 231
94 235
94 240
94 241
94 243
94 246
94 248
95 107
95 108
95 111
95 112
95 120
95 124
95 125
95 140
95 144
95 145
95 148
95 154
95 163
95 164
95 166
95 167
95 168
95 171
95 175
95 180
95 189
95 195
95 204
95 208
95 209
95 214
95 217
95 218
95 219
95 223
95 233
95 234
95 239
95 243
95 244
95 245
95 246
95 249
96 97
96 98
96 101
96 105
96 109
96 110
96 137
96 139
96 140
96 146
96 147
96 161
96 172
96 177
96 181
96 183
96 187
96 188
96 195
96 199
96 206
96 210
96 214
96 221
96 222
96 223
96 229
96 240
97 98
97 100
97 102
97 117
97 124
97 133
97 137
97 145
97 148
97 149
97 154
97 156
97 159
97 166
97 171
97 181
97 183
97 200
97 206
97 207
97 212
97 222
97 226
97 228
97 235
97 236
97 242
98 104
98 125
98 126
98 139
98 142
98 144
98 148
98 150
98 153
98 163
98 167
98 170
98 171
98 173
98 177
98 180
98 184
98 192
98 193
98 199
98 210
98 211
98 217
98 219
98 221
98 223
98 224
98 225
98 234
98 235
98 238
98 240
98 243
98 244
98 249
99 100
99 108
99 112
99 113
99 114
99 119
99 126
99 130
99 135
99 136
99 139
99 142
99 152
99 155
99 156
99 158
99 163
99 164
99 174
99 177
99 179
99 182
99 187
99 201
99 217
99 219
99 233
99 237
99 238
99 245
99 246
99 247
100 101
100 109
100 111
100 113
100 119
100 124
100 125
100 133
100 135
100 137
100 139
100 140
100 142
100 144
100 148
100 149
100 156
100 157
100 161
100 168
100 176
100 196
100 205
100 214
100 224
100 228
100 232
100 234
100 235
100 249
101 103
101 105
101 108
101 110
101 111
101 112
101 115
101 122
101 124
101 126
101 131
101 134
101 142
101 144
101 151
101 157
101 164
101 171
101 185
101 190
101 207
101 220
101 227
101 230
101 245
101 249
102 110
102 115
102 117
102 120
102 123
102 128
102 134
102 140
102 141
102 152
102 153
102 159
102 160
102 168
102 169
102 177
102 178
102 179
102 180
102 183
102 185
102 187
102 188
102 192
102 193
102 202
102 209
102 210
102 216
102 221
102 222
102 233
102 235
102 238
102 239
102 240
102 242
102 245
102 248
103 108
103 109
103 120
103 121
103 134
103 137
103 144
103 153
103 172
103 184
103 189
103 197
103 198
103 199
103 200
103 202
103 205
103 207
103 214
103 219
103 223
103 225
103 227
103 235
103 243
104 110
104 121
104 125
104 134
104 137
104 146
104 147
104 151
104 152
104 154
104 157
104 158
104 163
104 176
104 191
104 192
104 196
104 200
104 202
104 203
104 205
104 207
104 210
104 213
104 216
104 225
104 233
104 247
104 249
105 109
105 117
105 126
105 128
105 131
105 132
105 135
105 136
105 146
105 155
105 164
105 165
105 187
105 188
105 195
105 200
105 202
105 203
105 219
105 223
106 107
106 109
106 112
106 113
106 116
106 117
106 122
106 123
106 124
106 128
106 138
106 140
106 144
106 145
106 151
106 156
106 160
106 162
106 166
106 170
106 177
106 190
106 191
106 196
106 197
106 198
106 202
106 204
106 205
106 214
106 231
106 232
106 234
107 110
107 111
107 117
107 119
107 123
107 126
107 128
107 144
107 147
107 149
107 150
107 152
107 160
107 162
107 169
107 172
107 177
107 178
107 180
107 183
107 193
107 212
107 216
107 220
107 229
107 233
107 234
107 245
107 248
108 109
108 117
108 123
108 126
108 127
108 128
108 133
108 139
108 145
108 148
108 152
108 156
108 163
108 171
108 177
108 186
108 193
108 202
108 204
108 216
108 221
108 222
108 224
108 228
108 230
108 235
108 239
108 244
109 118
109 123
109 129
109 141
109 143
109 147
109 151
109 152
109 154
109 168
109 172
109 182
109 185
109 186
109 189
109 192
109 198
109 206
109 210
109 214
109 218
109 226
109 227
109 229
109 232
109 233
109 234
109 247
110 113
110 120
110 123
110 126
110 130
110 139
110 140
110 142
110 145
110 150
110 155
110 158
110 159
110 160
110 164
110 171
110 178
110 184
110 188
110 191
110 200
110 207
110 208
110 211
110 222
110 224
110 227
110 229
110 231
110 244
110 245
111 117
111 118
111 127
111 129
111 138
111 142
111 147
111 148
111 165
111 167
111 171
111 175
111 182
111 183
111 186
111 187
111 196
111 203
111 209
111 224
111 227
111 228
111 229
111 234
111 243
111 246
111 248
112 113
112 116
112 125
112 127
112 136
112 139
112 140
112 148
112 150
112 156
112 164
112 165
112 166
112 186
112 190
112 204
112 208
112 211
112 213
112 216
112 221
112 230
112 232
112 245
112 247
113 114
113 116
113 119
113 120
113 124
113 140
113 143
113 144
113 155
113 156
113 157
113 168
113 179
113 182
113 189
113 191
113 192
113 199
113 200
113 201
113 202
113 205
113 207
113 212
113 214
113 216
113 225
113 226
113 228
113 230
113 231
113 239
113 240
113 244
114 115
114 119
114 124
114 131
114 137
114 152
114 158
114 164
114 170
114 177
114 185
114 186
114 193
114 203
114 204
114 208
114 210
114 222
114 229
114 233
114 235
114 237
114 239
114 244
115 118
115 119
115 120
115 124
115 140
115 157
115 158
115 160
115 161
115 164
115 169
115 174
115 175
115 182
115 183
115 191
115 192
115 193
115 202
115 213
115 218
115 220
115 221
115 240
115 242
115 243
115 246
116 118
116 119
116 122
116 142
116 144
116 145
116 147
116 157
116 168
116 169
116 175
116 176
116 177
116 179
116 180
116 186
116 189
116 190
116 200
116 202
116 209
116 210
116 224
116 225
116 227
116 228
116 231
116 242
116 244
116 246
117 119
117 128
117 130
117 132
117 133
117 155
117 159
117 168
117 177
117 178
117 187
117 194
117 200
117 202
117 206
117 207
117 213
117 219
117 231
117 238
117 239
117 244
117 245
117 247
118 119
118 120
118 130
118 142
118 145
118 146
118 153
118 157
118 165
118 167
118 192
118 199
118 201
118 208
118 219
118 222
118 229
118 233
118 237
118 241
118 244
119 122
119 124
119 130
119 135
119 139
119 149
119 150
119 154
119 158
119 165
119 167
119 175
119 177
119 186
119 187
119 191
119 194
119 199
119 202
119 207
119 209
119 214
119 216
119 222
119 224
119 237
119 246
120 122
120 123
120 127
120 132
120 138
120 142
120 162
120 170
120 174
120 177
120 180
120 189
120 192
120 208
120 217
120 218
120 220
120 222
120 239
120 240
120 242
120 247
121 122
121 127
121 129
121 139
121 144
121 146
121 163
121 172
121 181
121 186
121 187
121 190
121 193
121 201
121 210
121 211
121 213
121 222
121 225
121 228
121 236
121 242
122 124
122 125
122 137
122 150
122 154
122 158
122 165
122 182
122 184
122 185
122 192
122 198
122 201
122 205
122 209
122 220
122 221
122 225
122 226
122 227
122 236
122 237
122 238
122 242
122 244
122 248
123 126
123 127
123 130
123 131
123 132
123 133
123 139
123 145
123 146
123 157
123 160
123 171
123 173
123 176
123 180
123 183
123 185
123 187
123 189
123 190
123 194
123 195
123 212
123 217
123 219
123 223
123 235
123 236
123 241
123 242
123 247
123 249
124 127
124 131
124 138
124 141
124 142
124 148
124 149
124 162
124 168
124 175
124 185
124 186
124 189
124 197
124 199
124 201
124 203
124 208
124 214
124 227
124 232
124 236
124 237
124 239
124 242
124 246
125 126
125 127
125 132
125 143
125 146
125 148
125 149
125 150
125 156
125 157
125 158
125 159
125 163
125 165
125 172
125 173
125 182
125 188
125 189
125 198
125 201
125 207
125 211
125 226
125 229
125 249
126 131
126 132
126 134
126 135
126 136
126 137
126 140
126 145
126 150
126 153
126 155
126 156
126 182
126 183
126 184
126 187
126 193
126 198
126 203
126 206
126 211
126 213
126 214
126 225
126 227
126 234
126 235
126 239
126 241
126 242
126 248
127 134
127 135
127 139
127 147
127 150
127 151
127 152
127 171
127 178
127 179
127 189
127 198
127 199
127 201
127 202
127 221
127 224
127 229
127 230
127 231
127 232
127 238
127 241
127 243
128 132
128 133
128 134
128 137
128 138
128 139
128 141
128 143
128 144
128 145
128 146
128 147
128 156
128 157
128 158
128 166
128 170
128 171
128 177
128 178
128 180
128 193
128 195
128 196
128 204
128 207
128 211
128 213
128 225
128 227
128 233
128 234
128 235
128 236
128 238
128 240
128 244
129 132
129 140
129 155
129 158
129 179
129 181
129 182
129 186
129 213
129 222
129 228
129 231
129 236
129 237
130 132
130 135
130 138
130 139
130 147
130 152
130 153
130 154
130 158
130 160
130 166
130 171
130 179
130 180
130 182
130 186
130 192
130 194
130 198
130 203
130 212
130 222
130 223
130 229
130 232
130 234
130 247
131 134
131 135
131 136
131 141
131 142
131 144
131 149
131 156
131 162
131 166
131 174
131 180
131 184
131 188
131 193
131 194
131 196
131 198
131 203
131 210
131 211
131 213
131 215
131 227
131 228
131 229
131 230
131 243
131 246
131 247
132 134
132 137
132 146
132 148
132 149
132 150
132 156
132 157
132 159
132 161
132 166
132 170
132 175
132 176
132 179
132 181
132 183
132 184
132 190
132 214
132 216
132 219
132 225
132 231
132 236
132 242
133 134
133 138
133 142
133 159
133 160
133 162
133 169
133 175
133 176
133 178
133 179
133 183
133 195
133 198
133 208
133 210
133 214
133 216
133 224
133 243
134 137
134 140
134 142
134 148
134 154
134 159
134 160
134 168
134 176
134 180
134 188
134 191
134 194
134 203
134 208
134 209
134 210
134 221
134 224
134 232
134 237
134 238
134 241
134 245
134 247
135 142
135 145
135 149
135 158
135 176
135 191
135 207
135 209
135 210
135 211
135 212
135 219
135 225
135 227
135 240
136 137
136 144
136 145
136 146
136 149
136 152
136 153
136 155
136 156
136 162
136 176
136 181
136 192
136 195
136 196
136 197
136 198
136 201
136 206
136 212
136 216
136 217
136 228
136 234
136 236
136 238
136 240
136 248
137 143
137 144
137 159
137 160
137 161
137 165
137 167
137 171
137 172
137 176
137 182
137 184
137 191
137 197
137 199
137 207
137 211
137 221
137 223
137 227
137 231
137 247
138 139
138 151
138 157
138 181
138 182
138 184
138 191
138 194
138 196
138 200
138 208
138 222
138 225
138 226
138 229
138 231
138 233
138 238
138 244
138 247
138 248
139 153
139 155
139 160
139 163
139 167
139 169
139 171
139 177
139 180
139 187
139 198
139 205
139 208
139 210
139 212
139 216
139 218
139 221
139 227
139 231
139 237
139 242
139 245
140 147
140 151
140 155
140 156
140 166
140 174
140 181
140 183
140 186
140 187
140 189
140 209
140 212
140 220
140 226
140 234
140 243
141 142
141 148
141 151
141 156
141 158
141 165
141 166
141 169
141 170
141 174
141 177
141 180
141 183
141 199
141 207
141 212
141 216
141 219
141 228
141 230
141 234
141 242
141 245
142 143
142 146
142 153
142 163
142 164
142 173
142 176
142 190
142 196
142 204
142 207
142 211
142 212
142 216
142 220
142 223
142 224
142 243
142 248
143 155
143 158
143 159
143 167
143 176
143 181
143 182
143 183
143 188
143 191
143 203
143 210
143 211
143 220
143 225
143 237
143 242
143 243
144 147
144 152
144 155
144 164
144 165
144 168
144 174
144 178
144 179
144 195
144 196
144 198
144 200
144 202
144 208
144 214
144 223
144 232
144 236
144 243
144 246
145 149
145 152
145 154
145 156
145 163
145 166
145 171
145 173
145 175
145 176
145 179
145 190
145 193
145 203
145 205
145 206
145 211
145 213
145 219
145 220
145 223
145 224
145 229
145 232
145 233
145 239
146 149
146 152
146 168
146 169
146 178
146 180
146 184
146 188
146 193
146 194
146 201
146 216
146 223
146 224
146 232
146 237
146 242
146 244
147 158
147 161
147 164
147 174
147 176
147 177
147 183
147 190
147 191
147 195
147 197
147 205
147 210
147 212
147 219
147 223
147 241
147 242
147 243
147 247
147 249
148 150
148 153
148 162
148 166
148 167
148 170
148 177
148 178
148 179
148 188
148 191
148 192
148 194
148 201
148 210
148 214
148 241
148 244
149 150
149 151
149 155
149 159
149 170
149 179
149 184
149 186
149 198
149 200
149 204
149 208
149 211
149 222
149 223
149 224
149 232
149 233
149 235
149 237
149 241
149 243
149 247
149 248
150 152
150 154
150 158
150 162
150 163
150 164
150 170
150 177
150 179
150 186
150 189
150 193
150 198
150 200
150 207
150 210
150 212
150 214
150 219
150 223
150 230
150 232
150 234
151 152
151 154
151 156
151 163
151 171
151 174
151 183
151 189
151 190
151 192
151 199
151 200
151 201
151 205
151 206
151 210
151 212
151 222
151 224
151 227
151 228
151 229
151 230
151 233
151 240
151 244
151 247
152 153
152 156
152 164
152 168
152 169
152 171
152 174
152 201
152 202
152 209
152 213
152 216
152 228
152 232
152 235
152 239
152 242
153 161
153 166
153 176
153 177
153 180
153 192
153 193
153 198
153 208
153 213
153 218
153 219
153 225
153 228
153 230
153 235
153 239
153 242
154 156
154 158
154 161
154 162
154 167
154 181
154 182
154 183
154 188
154 190
154 191
154 206
154 209
154 214
154 215
154 222
154 225
154 228
154 230
154 237
154 240
154 247
155 156
155 161
155 168
155 169
155 173
155 178
155 179
155 184
155 194
155 197
155 214
155 218
155 225
155 228
155 229
155 230
155 231
155 235
155 238
155 240
155 245
155 249
156 161
156 163
156 165
156 170
156 184
156 185
156 186
156 187
156 192
156 196
156 197
156 199
156 212
156 213
156 230
156 240
156 242
156 243
156 249
157 158
157 166
157 167
157 178
157 184
157 208
157 209
157 218
157 223
157 231
157 244
157 245
157 247
157 249
158 166
158 169
158 171
158 177
158 180
158 183
158 184
158 186
158 193
158 200
158 201
158 210
158 214
158 232
158 246
159 165
159 170
159 171
159 172
159 175
159 177
159 180
159 183
159 194
159 195
159 197
159 201
159 205
159 210
159 225
159 226
159 229
159 231
160 163
160 165
160 177
160 179
160 183
160 184
160 190
160 196
160 197
160 206
160 210
160 217
160 227
160 240
160 241
160 243
160 246
161 163
161 165
161 173
161 179
161 189
161 192
161 194
161 202
161 207
161 211
161 220
161 221
161 229
161 230
161 238
161 244
162 163
162 169
162 188
162 189
162 194
162 199
162 204
162 206
162 211
162 213
162 215
162 217
162 225
162 235
162 240
162 241
162 245
163 168
163 176
163 178
163 186
163 187
163 193
163 200
163 211
163 213
163 224
163 230
163 246
163 248
164 185
164 200
164 207
164 209
164 218
164 219
164 236
164 237
164 238
164 248
165 171
165 173
165 183
165 192
165 200
165 204
165 210
165 215
165 217
165 219
165 235
165 237
165 244
165 247
166 171
166 172
166 175
166 176
166 177
166 188
166 191
166 193
166 207
166 214
166 230
166 233
166 237
166 239
166 246
167 180
167 204
167 205
167 208
167 211
167 218
167 219
167 223
167 225
167 243
167 246
167 248
168 171
168 180
168 181
168 182
168 184
168 186
168 189
168 190
168 209
168 210
168 211
168 217
168 219
168 230
168 239
168 242
168 247
169 172
169 176
169 183
169 189
169 191
169 193
169 196
169 199
169 200
169 204
169 216
169 218
169 220
169 225
169 227
169 228
169 230
169 232
169 237
169 245
170 180
170 187
170 191
170 198
170 200
170 208
170 216
170 220
170 223
170 224
170 226
170 229
170 230
170 233
170 235
170 239
170 243
171 175
171 179
171 185
171 191
171 193
171 194
171 195
171 197
171 200
171 203
171 206
171 207
171 209
171 210
171 217
171 227
172 175
172 180
172 182
172 198
172 200
172 207
172 208
172 212
172 220
172 221
172 222
172 237
172 246
173 174
173 191
173 193
173 198
173 200
173 204
173 205
173 226
173 227
173 229
173 231
173 234
173 238
173 241
173 243
173 245
174 182
174 186
174 187
174 191
174 192
174 194
174 218
174 221
174 223
174 226
174 230
174 231
174 232
174 245
175 176
175 177
175 179
175 190
175 209
175 210
175 218
175 219
175 220
175 229
175 239
175 245
175 246
175 247
176 186
176 187
176 194
176 201
176 208
176 215
176 219
176 221
176 224
176 228
176 231
176 237
176 240
176 245
176 248
177 181
177 188
177 194
177 201
177 213
177 215
177 218
177 222
177 228
177 230
177 233
177 240
177 242
178 188
178 192
178 193
178 194
178 198
178 201
178 204
178 205
178 206
178 233
178 245
178 248
179 180
179 187
179 192
179 194
179 195
179 198
179 201
179 207
179 217
179 218
179 226
179 227
179 228
179 230
179 239
179 241
179 243
180 182
180 184
180 191
180 195
180 203
180 204
180 209
180 212
180 215
180 217
180 221
180 225
180 226
180 239
180 245
181 185
181 187
181 191
181 198
181 208
181 213
181 221
181 223
181 225
181 248
182 183
182 184
182 187
182 190
182 192
182 196
182 200
182 201
182 219
182 222
182 223
182 228
182 231
182 232
182 235
182 236
182 244
183 184
183 191
183 195
183 200
183 204
183 208
183 211
183 220
183 221
183 225
183 231
183 232
183 234
183 236
184 186
184 187
184 194
184 195
184 198
184 211
184 215
184 217
184 220
184 221
184 227
184 234
184 237
184 239
184 241
184 249
185 186
185 202
185 205
185 208
185 214
185 218
185 219
185 220
185 224
185 237
185 244
186 187
186 191
186 193
186 194
186 202
186 212
186 221
186 224
186 225
186 226
186 229
186 230
186 234
186 241
186 242
186 243
187 191
187 204
187 212
187 216
187 227
187 232
187 241
187 249
188 189
188 192
188 193
188 194
188 197
188 201
188 202
188 204
188 205
188 207
188 210
188 223
188 237
188 248
189 192
189 193
189 196
189 197
189 200
189 201
189 207
189 209
189 211
189 215
189 218
189 219
189 222
189 226
189 229
189 232
189 240
189 244
189 245
189 249
190 192
190 193
190 198
190 201
190 211
190 214
190 219
190 224
190 226
190 227
190 233
190 237
190 241
190 242
190 248
190 249
191 194
191 198
191 205
191 206
191 208
191 212
191 214
191 222
191 224
191 229
191 239
191 243
192 200
192 204
192 208
192 209
192 210
192 214
192 215
192 218
192 223
192 225
192 244
193 201
193 203
193 211
193 215
193 217
193 232
193 235
193 237
193 238
194 202
194 204
194 213
194 218
194 220
194 223
194 225
194 227
194 228
194 234
194 237
194 242
194 245
194 247
194 249
195 200
195 201
195 203
195 204
195 208
195 212
195 213
195 222
195 236
195 239
195 241
196 201
196 203
196 206
196 210
196 211
196 220
196 224
196 229
196 233
196 235
196 240
197 199
197 209
197 211
197 212
197 218
197 224
197 225
197 226
197 232
197 239
197 241
197 248
198 202
198 204
198 206
198 213
198 214
198 217
198 220
198 223
198 234
198 239
198 243
198 244
198 248
198 249
199 202
199 205
199 206
199 217
199 228
199 235
199 239
199 240
200 206
200 215
200 221
200 226
200 230
200 235
200 240
200 249
201 207
201 210
201 219
201 224
201 244
201 248
202 206
202 209
202 211
202 216
202 218
202 220
202 222
202 227
202 228
202 233
202 240
202 244
202 245
202 249
203 206
203 211
203 221
203 228
203 243
204 206
204 209
204 211
204 214
204 217
204 219
204 220
204 234
204 238
204 240
204 241
204 248
204 249
205 207
205 210
205 213
205 215
205 216
205 224
205 229
205 235
205 236
205 245
206 210
206 213
206 218
206 222
206 230
206 232
206 237
207 213
207 219
207 221
207 222
207 223
207 225
207 228
207 232
207 246
207 249
208 218
208 220
208 221
208 223
208 225
208 235
208 236
208 241
208 246
208 248
209 244
209 246
209 247
210 211
210 214
210 219
210 226
210 234
210 236
210 237
210 238
211 218
211 221
211 228
211 229
211 232
211 238
211 249
212 218
212 222
212 226
212 229
212 233
212 237
212 240
212 241
212 247
213 227
213 244
214 225
214 234
214 242
214 245
215 217
215 221
215 222
215 224
215 225
215 231
215 237
215 238
215 240
215 241
215 244
215 245
216 229
216 232
216 235
216 237
216 249
217 219
217 220
217 223
217 225
217 228
217 243
217 245
218 221
218 222
218 224
218 228
218 241
218 242
219 221
219 232
219 235
219 242
219 244
220 222
220 225
220 239
220 241
220 246
221 223
221 226
221 232
221 233
221 234
221 238
221 243
221 244
221 245
221 246
222 229
222 230
222 231
222 236
222 237
222 238
222 239
222 243
222 245
223 228
223 230
223 233
224 229
224 241
224 247
225 227
225 229
225 230
225 234
225 242
225 248
226 231
226 233
226 234
226 238
226 249
227 232
227 237
227 239
227 240
227 242
228 230
228 238
228 240
228 244
228 246
228 247
229 239
229 240
229 241
229 242
229 243
229 245
230 231
230 234
230 241
230 243
230 245
230 249
231 234
231 235
231 243
231 246
231 248
233 234
233 236
233 240
233 243
234 235
234 240
234 242
234 248
235 241
235 243
236 246
236 247
237 245
237 247
238 241
238 249
239 241
239 242
239 247
239 248
242 246
242 247
