200 9907
0 1
0 2
0 3
0 4
0 6
0 8
0 10
0 11
0 12
0 13
0 14
0 15
0 16
0 18
0 19
0 20
0 22
0 23
0 25
0 28
0 31
0 33
0 37
0 38
0 45
0 47
0 48
0 50
0 54
0 55
0 56
0 57
0 58
0 60
0 61
0 62
0 64
0 65
0 66
0 74
0 75
0 76
0 78
0 80
0 81
0 82
0 83
0 84
0 85
0 86
0 87
0 88
0 89
0 90
0 91
0 92
0 93
0 95
0 97
0 99
0 100
0 102
0 103
0 107
0 110
0 111
0 112
0 114
0 117
0 121
0 122
0 127
0 128
0 129
0 131
0 136
0 138
0 142
0 145
0 147
0 148
0 150
0 151
0 152
0 154
0 155
0 156
0 159
0 161
0 162
0 163
0 169
0 172
0 175
0 176
0 177
0 179
0 184
0 186
0 187
0 189
0 191
0 192
0 194
0 197
0 199
1 2
1 5
1 7
1 9
1 10
1 12
1 14
1 15
1 16
1 19
1 21
1 22
1 24
1 28
1 30
1 31
1 34
1 35
1 37
1 40
1 42
1 46
1 49
1 50
1 52
1 53
1 54
1 55
1 56
1 58
1 59
1 60
1 65
1 67
1 68
1 69
1 70
1 72
1 73
1 75
1 77
1 79
1 82
1 83
1 84
1 85
1 86
1 87
1 88
1 90
1 92
1 95
1 99
1 100
1 101
1 102
1 105
1 106
1 107
1 108
1 109
1 110
1 112
1 114
1 116
1 117
1 118
1 121
1 122
1 125
1 127
1 128
1 130
1 134
1 135
1 138
1 139
1 140
1 142
1 144
1 145
1 146
1 147
1 150
1 151
1 152
1 153
1 155
1 159
1 160
1 162
1 163
1 164
1 165
1 168
1 169
1 171
1 172
1 179
1 180
1 182
1 187
1 189
1 190
1 193
1 196
1 197
2 3
2 5
2 6
2 7
2 9
2 12
2 13
2 19
2 20
2 23
2 25
2 26
2 27
2 28
2 29
2 33
2 36
2 41
2 42
2 43
2 44
2 45
2 50
2 53
2 54
2 55
2 58
2 60
2 61
2 62
2 65
2 66
2 68
2 72
2 73
2 76
2 77
2 78
2 79
2 81
2 82
2 83
2 86
2 90
2 92
2 95
2 97
2 100
2 101
2 103
2 104
2 106
2 108
2 114
2 115
2 119
2 120
2 121
2 123
2 126
2 127
2 128
2 129
2 130
2 138
2 142
2 146
2 147
2 149
2 151
2 156
2 157
2 158
2 160
2 161
2 162
2 163
2 164
2 166
2 172
2 174
2 177
2 180
2 184
2 185
2 186
2 191
2 193
2 195
2 198
3 4
3 6
3 9
3 10
3 11
3 14
3 15
3 17
3 18
3 23
3 24
3 25
3 27
3 37
3 38
3 39
3 42
3 44
3 46
3 48
3 49
3 50
3 51
3 52
3 55
3 56
3 57
3 59
3 60
3 61
3 62
3 63
3 64
3 65
3 66
3 68
3 69
3 71
3 72
3 74
3 78
3 79
3 80
3 81
3 84
3 87
3 88
3 90
3 91
3 93
3 94
3 95
3 97
3 99
3 104
3 105
3 106
3 107
3 108
3 110
3 111
3 112
3 114
3 116
3 118
3 119
3 120
3 121
3 124
3 127
3 128
3 131
3 135
3 138
3 140
3 141
3 142
3 143
3 145
3 146
3 148
3 151
3 152
3 153
3 154
3 156
3 158
3 163
3 164
3 165
3 167
3 168
3 169
3 170
3 171
3 173
3 174
3 176
3 179
3 180
3 182
3 188
3 189
3 192
3 193
4 5
4 7
4 9
4 10
4 11
4 12
4 16
4 18
4 22
4 23
4 25
4 29
4 31
4 34
4 35
4 37
4 38
4 41
4 42
4 43
4 45
4 46
4 48
4 49
4 51
4 52
4 54
4 56
4 57
4 59
4 60
4 61
4 62
4 63
4 65
4 66
4 67
4 71
4 72
4 73
4 77
4 80
4 83
4 85
4 87
4 89
4 92
4 94
4 95
4 96
4 97
4 98
4 101
4 103
4 104
4 105
4 106
4 107
4 108
4 111
4 112
4 113
4 116
4 117
4 118
4 120
4 123
4 124
4 125
4 126
4 127
4 128
4 129
4 135
4 136
4 137
4 139
4 141
4 143
4 145
4 146
4 148
4 151
4 155
4 157
4 159
4 160
4 161
4 165
4 166
4 167
4 169
4 173
4 177
4 178
4 181
4 182
4 183
4 185
4 186
4 190
4 192
4 194
4 195
4 196
4 197
5 7
5 8
5 9
5 10
5 11
5 12
5 14
5 15
5 16
5 18
5 21
5 28
5 30
5 31
5 32
5 36
5 41
5 42
5 43
5 46
5 52
5 53
5 55
5 56
5 58
5 59
5 60
5 61
5 62
5 63
5 64
5 65
5 66
5 67
5 68
5 69
5 74
5 75
5 76
5 78
5 81
5 82
5 85
5 86
5 87
5 89
5 91
5 92
5 94
5 95
5 97
5 99
5 100
5 102
5 107
5 111
5 112
5 113
5 115
5 116
5 118
5 122
5 127
5 135
5 137
5 139
5 141
5 144
5 145
5 146
5 147
5 152
5 159
5 160
5 161
5 163
5 164
5 166
5 167
5 169
5 173
5 178
5 180
5 182
5 184
5 187
5 189
5 193
5 194
5 196
5 197
6 7
6 9
6 12
6 14
6 16
6 17
6 18
6 22
6 23
6 24
6 25
6 26
6 30
6 32
6 34
6 35
6 36
6 37
6 39
6 43
6 45
6 47
6 53
6 54
6 55
6 57
6 58
6 64
6 65
6 66
6 67
6 72
6 73
6 74
6 75
6 78
6 80
6 85
6 88
6 89
6 90
6 94
6 95
6 96
6 97
6 98
6 103
6 105
6 106
6 108
6 115
6 116
6 117
6 120
6 122
6 123
6 129
6 130
6 133
6 134
6 135
6 136
6 138
6 140
6 148
6 154
6 156
6 158
6 159
6 160
6 163
6 166
6 167
6 172
6 173
6 174
6 175
6 176
6 181
6 187
6 188
6 189
6 190
6 194
6 197
6 198
6 199
7 9
7 10
7 12
7 13
7 15
7 16
7 17
7 19
7 22
7 25
7 27
7 29
7 32
7 38
7 39
7 42
7 43
7 44
7 51
7 53
7 54
7 55
7 56
7 57
7 58
7 60
7 61
7 64
7 65
7 68
7 71
7 73
7 76
7 78
7 82
7 83
7 86
7 87
7 88
7 89
7 90
7 91
7 95
7 98
7 100
7 101
7 105
7 106
7 107
7 109
7 110
7 112
7 115
7 116
7 117
7 118
7 120
7 121
7 122
7 123
7 125
7 127
7 129
7 130
7 131
7 135
7 136
7 139
7 140
7 142
7 143
7 144
7 145
7 147
7 148
7 149
7 151
7 153
7 154
7 155
7 157
7 158
7 159
7 160
7 161
7 168
7 169
7 171
7 172
7 173
7 174
7 175
7 176
7 177
7 180
7 183
7 185
7 188
7 190
7 191
7 192
7 194
7 196
7 199
8 9
8 12
8 14
8 17
8 19
8 20
8 21
8 23
8 24
8 26
8 27
8 29
8 30
8 32
8 33
8 34
8 36
8 37
8 38
8 39
8 40
8 42
8 44
8 50
8 54
8 58
8 60
8 62
8 63
8 64
8 65
8 66
8 68
8 70
8 73
8 75
8 78
8 81
8 82
8 84
8 89
8 91
8 92
8 97
8 98
8 99
8 104
8 105
8 106
8 107
8 108
8 109
8 110
8 111
8 113
8 115
8 118
8 120
8 122
8 126
8 127
8 129
8 131
8 132
8 133
8 135
8 136
8 139
8 149
8 151
8 155
8 156
8 157
8 161
8 162
8 163
8 164
8 166
8 167
8 170
8 171
8 172
8 173
8 174
8 175
8 176
8 177
8 179
8 180
8 181
8 182
8 183
8 184
8 185
8 188
8 190
8 192
8 194
8 197
8 198
8 199
9 12
9 13
9 14
9 15
9 18
9 19
9 20
9 21
9 23
9 24
9 25
9 27
9 30
9 31
9 34
9 35
9 37
9 38
9 41
9 42
9 44
9 46
9 49
9 50
9 52
9 53
9 55
9 56
9 58
9 60
9 65
9 69
9 70
9 71
9 73
9 74
9 75
9 76
9 78
9 79
9 80
9 82
9 83
9 86
9 89
9 90
9 91
9 92
9 93
9 94
9 96
9 97
9 101
9 102
9 106
9 108
9 109
9 110
9 111
9 112
9 114
9 115
9 118
9 119
9 120
9 121
9 123
9 124
9 125
9 126
9 127
9 128
9 131
9 135
9 137
9 139
9 141
9 144
9 145
9 148
9 152
9 153
9 156
9 157
9 158
9 160
9 162
9 163
9 165
9 167
9 168
9 169
9 170
9 174
9 177
9 179
9 181
9 186
9 188
9 189
9 190
9 192
9 196
9 198
10 12
10 14
10 18
10 20
10 21
10 22
10 23
10 24
10 25
10 26
10 30
10 33
10 34
10 39
10 45
10 47
10 54
10 57
10 59
10 62
10 64
10 65
10 67
10 69
10 71
10 73
10 79
10 81
10 83
10 85
10 87
10 91
10 92
10 93
10 94
10 95
10 97
10 100
10 101
10 103
10 109
10 110
10 111
10 117
10 118
10 119
10 120
10 121
10 123
10 124
10 125
10 127
10 129
10 134
10 138
10 139
10 142
10 144
10 145
10 146
10 147
10 149
10 151
10 158
10 159
10 160
10 163
10 165
10 166
10 167
10 169
10 170
10 173
10 175
10 177
10 181
10 182
10 184
10 186
10 188
10 189
10 190
10 191
10 192
10 193
10 196
10 198
11 14
11 15
11 16
11 17
11 19
11 22
11 23
11 24
11 26
11 27
11 31
11 33
11 38
11 40
11 41
11 43
11 45
11 47
11 50
11 51
11 55
11 56
11 58
11 61
11 63
11 64
11 68
11 71
11 72
11 73
11 74
11 76
11 78
11 79
11 83
11 84
11 87
11 88
11 89
11 92
11 93
11 94
11 95
11 96
11 99
11 100
11 103
11 104
11 106
11 107
11 109
11 110
11 111
11 112
11 114
11 118
11 122
11 124
11 125
11 126
11 127
11 128
11 132
11 137
11 140
11 144
11 146
11 147
11 148
11 151
11 152
11 153
11 155
11 156
11 157
11 158
11 160
11 161
11 166
11 168
11 169
11 170
11 171
11 172
11 173
11 174
11 175
11 176
11 178
11 180
11 183
11 188
11 191
11 192
11 195
12 13
12 15
12 18
12 21
12 22
12 25
12 28
12 30
12 32
12 34
12 35
12 36
12 37
12 38
12 39
12 40
12 41
12 42
12 43
12 45
12 46
12 50
12 52
12 53
12 54
12 57
12 58
12 59
12 61
12 64
12 65
12 68
12 70
12 71
12 72
12 74
12 75
12 78
12 79
12 80
12 81
12 82
12 83
12 91
12 92
12 96
12 97
12 99
12 105
12 106
12 107
12 111
12 112
12 113
12 115
12 118
12 122
12 123
12 124
12 125
12 128
12 130
12 132
12 133
12 135
12 136
12 137
12 138
12 139
12 141
12 142
12 143
12 144
12 145
12 147
12 149
12 150
12 153
12 154
12 156
12 157
12 159
12 160
12 162
12 168
12 169
12 172
12 174
12 177
12 179
12 180
12 181
12 183
12 184
12 185
12 189
12 190
12 191
12 192
12 194
13 15
13 17
13 18
13 21
13 22
13 25
13 29
13 30
13 31
13 33
13 35
13 36
13 38
13 40
13 42
13 43
13 44
13 46
13 47
13 48
13 49
13 51
13 53
13 56
13 58
13 60
13 64
13 65
13 66
13 67
13 69
13 72
13 73
13 75
13 76
13 78
13 79
13 80
13 81
13 82
13 87
13 88
13 96
13 101
13 102
13 103
13 105
13 108
13 109
13 111
13 112
13 113
13 115
13 116
13 117
13 120
13 122
13 123
13 125
13 128
13 132
13 133
13 135
13 136
13 137
13 138
13 139
13 141
13 146
13 147
13 150
13 151
13 152
13 154
13 155
13 156
13 157
13 158
13 159
13 160
13 163
13 165
13 167
13 168
13 171
13 172
13 177
13 178
13 180
13 181
13 184
13 186
13 187
13 188
13 190
13 193
13 195
13 197
13 199
14 18
14 19
14 21
14 23
14 25
14 26
14 27
14 29
14 32
14 34
14 36
14 38
14 41
14 43
14 44
14 45
14 47
14 49
14 50
14 52
14 53
14 54
14 57
14 59
14 61
14 63
14 64
14 65
14 66
14 67
14 71
14 72
14 73
14 75
14 76
14 77
14 78
14 79
14 81
14 82
14 83
14 84
14 86
14 88
14 90
14 92
14 93
14 95
14 97
14 98
14 102
14 104
14 106
14 108
14 110
14 112
14 114
14 115
14 119
14 122
14 123
14 127
14 128
14 130
14 132
14 133
14 136
14 139
14 140
14 141
14 143
14 144
14 146
14 149
14 151
14 155
14 158
14 162
14 163
14 164
14 165
14 166
14 169
14 171
14 174
14 176
14 179
14 183
14 184
14 186
14 189
14 193
14 194
14 195
14 196
15 19
15 20
15 21
15 23
15 24
15 26
15 27
15 32
15 33
15 35
15 38
15 39
15 40
15 42
15 43
15 44
15 45
15 47
15 48
15 50
15 51
15 53
15 55
15 57
15 58
15 63
15 73
15 75
15 77
15 78
15 79
15 80
15 82
15 84
15 85
15 88
15 89
15 90
15 93
15 94
15 100
15 102
15 104
15 105
15 106
15 107
15 109
15 110
15 111
15 113
15 116
15 118
15 119
15 121
15 122
15 123
15 124
15 125
15 127
15 128
15 129
15 131
15 134
15 138
15 139
15 141
15 144
15 146
15 147
15 148
15 149
15 151
15 152
15 156
15 163
15 165
15 167
15 169
15 171
15 172
15 173
15 175
15 176
15 178
15 181
15 182
15 183
15 184
15 186
15 187
15 189
15 193
15 194
15 195
15 196
15 198
16 17
16 18
16 19
16 22
16 26
16 27
16 28
16 31
16 33
16 36
16 41
16 42
16 44
16 45
16 47
16 48
16 49
16 52
16 54
16 55
16 57
16 59
16 61
16 66
16 67
16 71
16 72
16 73
16 76
16 81
16 87
16 89
16 92
16 95
16 97
16 99
16 102
16 105
16 106
16 109
16 110
16 111
16 112
16 113
16 115
16 121
16 126
16 128
16 132
16 133
16 134
16 135
16 137
16 138
16 139
16 140
16 148
16 149
16 150
16 152
16 153
16 154
16 160
16 164
16 166
16 171
16 174
16 175
16 176
16 180
16 183
16 184
16 185
16 186
16 187
16 188
16 189
16 195
16 197
16 198
16 199
17 19
17 20
17 21
17 23
17 26
17 27
17 28
17 30
17 31
17 34
17 38
17 42
17 43
17 44
17 45
17 46
17 47
17 52
17 53
17 55
17 57
17 58
17 62
17 65
17 67
17 69
17 71
17 74
17 75
17 77
17 80
17 81
17 82
17 84
17 85
17 86
17 87
17 88
17 90
17 91
17 92
17 93
17 97
17 99
17 100
17 102
17 107
17 112
17 113
17 114
17 115
17 117
17 118
17 119
17 120
17 123
17 124
17 125
17 126
17 129
17 130
17 131
17 136
17 139
17 140
17 143
17 144
17 145
17 146
17 147
17 149
17 150
17 151
17 152
17 154
17 155
17 160
17 161
17 163
17 165
17 167
17 168
17 169
17 170
17 171
17 175
17 176
17 179
17 181
17 182
17 186
17 188
17 190
17 191
17 193
17 197
18 19
18 20
18 22
18 26
18 27
18 28
18 29
18 30
18 31
18 35
18 36
18 38
18 39
18 44
18 45
18 48
18 49
18 50
18 51
18 52
18 53
18 54
18 57
18 64
18 66
18 69
18 75
18 78
18 79
18 83
18 84
18 85
18 86
18 87
18 89
18 90
18 93
18 94
18 95
18 98
18 101
18 102
18 104
18 105
18 106
18 108
18 110
18 113
18 114
18 116
18 118
18 121
18 125
18 126
18 127
18 128
18 129
18 131
18 133
18 137
18 138
18 140
18 143
18 145
18 147
18 149
18 155
18 158
18 160
18 164
18 166
18 167
18 168
18 170
18 174
18 177
18 179
18 184
18 186
18 187
18 189
18 192
18 193
18 194
18 195
18 196
18 198
18 199
19 20
19 21
19 25
19 26
19 28
19 30
19 32
19 34
19 35
19 36
19 37
19 38
19 39
19 40
19 42
19 43
19 44
19 46
19 47
19 51
19 52
19 54
19 55
19 56
19 57
19 63
19 65
19 66
19 70
19 78
19 79
19 82
19 85
19 89
19 94
19 98
19 104
19 106
19 109
19 113
19 114
19 118
19 120
19 122
19 123
19 125
19 127
19 130
19 133
19 135
19 138
19 139
19 144
19 146
19 148
19 149
19 150
19 151
19 153
19 157
19 158
19 161
19 163
19 164
19 168
19 171
19 175
19 177
19 178
19 179
19 181
19 183
19 184
19 186
19 188
19 190
19 192
19 193
19 194
19 197
19 198
19 199
20 21
20 24
20 25
20 27
20 35
20 37
20 42
20 44
20 45
20 46
20 47
20 52
20 53
20 54
20 57
20 58
20 60
20 65
20 66
20 67
20 68
20 73
20 74
20 75
20 76
20 85
20 86
20 87
20 89
20 90
20 92
20 93
20 94
20 95
20 100
20 101
20 103
20 104
20 106
20 107
20 108
20 109
20 113
20 114
20 117
20 118
20 121
20 123
20 125
20 126
20 127
20 128
20 132
20 133
20 134
20 137
20 139
20 140
20 142
20 143
20 144
20 146
20 147
20 148
20 150
20 151
20 153
20 154
20 156
20 158
20 159
20 161
20 162
20 164
20 165
20 166
20 170
20 172
20 175
20 177
20 178
20 179
20 182
20 184
20 187
20 189
20 190
20 192
20 193
20 194
20 199
21 23
21 25
21 28
21 30
21 36
21 38
21 40
21 42
21 43
21 47
21 50
21 52
21 53
21 60
21 61
21 62
21 63
21 65
21 66
21 67
21 68
21 71
21 74
21 77
21 79
21 80
21 82
21 83
21 84
21 86
21 88
21 89
21 91
21 97
21 98
21 101
21 105
21 106
21 108
21 110
21 111
21 117
21 120
21 122
21 126
21 127
21 128
21 130
21 133
21 134
21 135
21 137
21 138
21 139
21 144
21 145
21 147
21 148
21 149
21 151
21 154
21 156
21 159
21 162
21 163
21 164
21 169
21 170
21 172
21 173
21 176
21 178
21 179
21 182
21 183
21 189
21 190
21 193
22 23
22 26
22 27
22 28
22 29
22 33
22 36
22 38
22 40
22 41
22 42
22 53
22 56
22 57
22 58
22 59
22 61
22 68
22 70
22 71
22 75
22 76
22 80
22 81
22 85
22 88
22 89
22 91
22 97
22 98
22 99
22 101
22 103
22 104
22 106
22 107
22 115
22 118
22 119
22 120
22 124
22 126
22 128
22 129
22 130
22 131
22 137
22 139
22 140
22 141
22 142
22 144
22 145
22 148
22 153
22 154
22 157
22 158
22 161
22 163
22 164
22 166
22 167
22 168
22 169
22 173
22 177
22 178
22 180
22 181
22 187
22 188
22 190
22 192
22 193
22 194
22 196
22 198
22 199
23 24
23 29
23 30
23 33
23 35
23 36
23 37
23 39
23 42
23 48
23 50
23 52
23 54
23 55
23 56
23 57
23 60
23 63
23 64
23 65
23 70
23 83
23 88
23 89
23 90
23 91
23 95
23 96
23 97
23 101
23 102
23 104
23 106
23 107
23 111
23 113
23 114
23 117
23 118
23 120
23 122
23 123
23 124
23 126
23 128
23 130
23 134
23 138
23 139
23 142
23 148
23 150
23 152
23 154
23 156
23 157
23 159
23 161
23 164
23 165
23 167
23 168
23 171
23 174
23 175
23 177
23 178
23 180
23 181
23 185
23 189
23 191
23 192
23 193
23 195
23 196
23 198
24 25
24 26
24 27
24 30
24 35
24 37
24 38
24 41
24 42
24 43
24 46
24 48
24 50
24 52
24 57
24 61
24 62
24 63
24 64
24 69
24 72
24 75
24 76
24 78
24 80
24 82
24 85
24 86
24 87
24 88
24 89
24 91
24 96
24 97
24 98
24 99
24 100
24 101
24 105
24 106
24 108
24 109
24 111
24 116
24 117
24 118
24 120
24 121
24 122
24 124
24 125
24 127
24 128
24 130
24 134
24 135
24 139
24 142
24 147
24 149
24 150
24 151
24 152
24 155
24 156
24 157
24 159
24 162
24 163
24 164
24 166
24 168
24 169
24 170
24 174
24 177
24 178
24 179
24 180
24 181
24 182
24 185
24 191
24 192
24 193
24 196
24 197
25 27
25 36
25 40
25 42
25 45
25 47
25 49
25 51
25 53
25 54
25 56
25 57
25 59
25 60
25 62
25 63
25 65
25 69
25 71
25 73
25 75
25 79
25 80
25 81
25 84
25 86
25 87
25 93
25 94
25 95
25 96
25 98
25 100
25 110
25 111
25 112
25 113
25 118
25 119
25 121
25 123
25 125
25 127
25 129
25 130
25 131
25 133
25 134
25 135
25 136
25 137
25 141
25 142
25 149
25 150
25 151
25 152
25 153
25 154
25 159
25 161
25 163
25 165
25 166
25 168
25 169
25 171
25 172
25 173
25 174
25 175
25 177
25 179
25 181
25 186
25 189
25 190
25 194
25 196
25 197
25 199
26 28
26 29
26 31
26 32
26 33
26 35
26 37
26 39
26 43
26 44
26 45
26 47
26 49
26 52
26 54
26 55
26 56
26 58
26 65
26 67
26 68
26 70
26 71
26 72
26 75
26 77
26 78
26 81
26 85
26 86
26 88
26 89
26 91
26 92
26 94
26 98
26 102
26 103
26 104
26 105
26 107
26 108
26 110
26 115
26 116
26 117
26 120
26 124
26 128
26 129
26 136
26 137
26 138
26 140
26 142
26 143
26 144
26 148
26 149
26 150
26 151
26 152
26 154
26 155
26 156
26 159
26 162
26 163
26 164
26 165
26 167
26 172
26 173
26 176
26 180
26 183
26 185
26 186
26 187
26 190
26 192
26 198
27 30
27 31
27 33
27 34
27 35
27 36
27 37
27 39
27 40
27 42
27 43
27 44
27 46
27 48
27 49
27 50
27 55
27 58
27 59
27 61
27 65
27 67
27 69
27 70
27 71
27 75
27 78
27 79
27 81
27 82
27 83
27 84
27 88
27 90
27 91
27 92
27 94
27 95
27 98
27 99
27 101
27 104
27 105
27 110
27 111
27 115
27 116
27 117
27 121
27 124
27 127
27 129
27 130
27 131
27 132
27 135
27 138
27 140
27 142
27 145
27 148
27 150
27 151
27 152
27 158
27 160
27 162
27 163
27 166
27 173
27 175
27 181
27 183
27 185
27 193
27 194
27 199
28 29
28 32
28 33
28 34
28 36
28 38
28 40
28 45
28 46
28 47
28 48
28 51
28 52
28 53
28 56
28 61
28 62
28 64
28 65
28 69
28 71
28 76
28 77
28 79
28 80
28 81
28 82
28 83
28 85
28 89
28 91
28 94
28 95
28 99
28 105
28 106
28 107
28 108
28 113
28 116
28 121
28 122
28 124
28 125
28 126
28 131
28 132
28 135
28 138
28 139
28 140
28 141
28 144
28 149
28 151
28 152
28 161
28 162
28 163
28 164
28 166
28 169
28 170
28 172
28 173
28 179
28 180
28 181
28 184
28 186
28 187
28 189
28 190
28 191
28 192
28 193
28 194
28 195
28 196
28 197
29 33
29 36
29 38
29 40
29 42
29 43
29 45
29 47
29 49
29 53
29 55
29 57
29 59
29 61
29 63
29 64
29 67
29 68
29 70
29 72
29 73
29 76
29 77
29 78
29 79
29 86
29 90
29 94
29 95
29 96
29 99
29 101
29 104
29 105
29 106
29 107
29 108
29 109
29 110
29 111
29 114
29 115
29 116
29 119
29 120
29 121
29 124
29 127
29 128
29 129
29 130
29 132
29 136
29 137
29 138
29 139
29 140
29 141
29 143
29 145
29 148
29 150
29 152
29 153
29 155
29 157
29 158
29 161
29 162
29 163
29 164
29 165
29 167
29 170
29 172
29 174
29 176
29 177
29 178
29 182
29 184
29 187
29 189
29 190
29 191
29 192
29 194
29 196
29 197
29 198
30 32
30 33
30 34
30 36
30 37
30 42
30 49
30 50
30 52
30 55
30 58
30 59
30 60
30 62
30 63
30 64
30 65
30 66
30 68
30 69
30 71
30 73
30 74
30 75
30 76
30 77
30 82
30 84
30 85
30 86
30 87
30 89
30 90
30 94
30 96
30 97
30 98
30 100
30 101
30 107
30 109
30 118
30 122
30 123
30 124
30 126
30 127
30 129
30 130
30 132
30 133
30 136
30 137
30 138
30 140
30 141
30 143
30 144
30 147
30 148
30 149
30 151
30 152
30 153
30 158
30 159
30 161
30 163
30 166
30 167
30 170
30 171
30 172
30 174
30 175
30 176
30 177
30 178
30 180
30 183
30 186
30 187
30 189
30 190
30 191
30 195
30 196
31 32
31 37
31 39
31 43
31 47
31 48
31 54
31 57
31 58
31 63
31 64
31 65
31 67
31 75
31 76
31 77
31 78
31 79
31 80
31 81
31 82
31 83
31 85
31 86
31 88
31 89
31 93
31 94
31 95
31 98
31 100
31 104
31 105
31 106
31 107
31 108
31 112
31 114
31 115
31 116
31 117
31 118
31 120
31 122
31 124
31 125
31 128
31 130
31 131
31 134
31 135
31 141
31 142
31 143
31 148
31 151
31 156
31 160
31 162
31 165
31 167
31 168
31 169
31 175
31 179
31 180
31 183
31 184
31 185
31 187
31 188
31 190
31 192
31 194
31 197
31 198
32 34
32 37
32 38
32 39
32 40
32 41
32 44
32 45
32 47
32 49
32 50
32 52
32 53
32 56
32 58
32 62
32 63
32 64
32 66
32 67
32 75
32 77
32 79
32 80
32 81
32 83
32 84
32 85
32 86
32 87
32 88
32 90
32 92
32 93
32 94
32 95
32 98
32 101
32 102
32 103
32 108
32 109
32 110
32 111
32 112
32 113
32 115
32 118
32 119
32 120
32 121
32 124
32 128
32 134
32 139
32 140
32 142
32 145
32 147
32 149
32 151
32 155
32 156
32 157
32 158
32 162
32 165
32 168
32 170
32 171
32 173
32 174
32 175
32 176
32 178
32 180
32 185
32 188
32 194
32 195
32 196
33 36
33 37
33 40
33 47
33 49
33 50
33 51
33 52
33 53
33 55
33 57
33 63
33 64
33 65
33 68
33 69
33 71
33 75
33 83
33 85
33 86
33 87
33 89
33 90
33 91
33 92
33 94
33 95
33 100
33 101
33 102
33 103
33 104
33 105
33 106
33 107
33 109
33 111
33 113
33 115
33 116
33 117
33 122
33 126
33 127
33 128
33 129
33 131
33 133
33 135
33 137
33 139
33 141
33 142
33 143
33 145
33 146
33 147
33 148
33 151
33 152
33 153
33 154
33 156
33 159
33 160
33 163
33 166
33 170
33 172
33 175
33 176
33 177
33 178
33 180
33 183
33 184
33 185
33 186
33 187
33 190
33 192
33 193
33 194
33 195
33 199
34 35
34 37
34 38
34 39
34 44
34 47
34 48
34 49
34 50
34 54
34 55
34 56
34 57
34 59
34 61
34 62
34 64
34 66
34 67
34 68
34 70
34 72
34 73
34 77
34 81
34 82
34 84
34 85
34 93
34 94
34 95
34 99
34 102
34 103
34 105
34 106
34 107
34 109
34 111
34 112
34 114
34 115
34 117
34 120
34 127
34 132
34 133
34 134
34 137
34 139
34 140
34 142
34 143
34 144
34 146
34 149
34 154
34 155
34 156
34 157
34 158
34 159
34 160
34 161
34 162
34 163
34 168
34 170
34 171
34 172
34 173
34 174
34 175
34 176
34 178
34 179
34 180
34 189
34 190
34 193
34 194
34 195
34 198
34 199
35 37
35 38
35 40
35 43
35 46
35 47
35 50
35 53
35 61
35 62
35 63
35 64
35 73
35 74
35 76
35 79
35 80
35 82
35 85
35 87
35 93
35 94
35 95
35 97
35 98
35 99
35 101
35 104
35 105
35 111
35 116
35 117
35 118
35 121
35 122
35 124
35 126
35 128
35 129
35 130
35 132
35 135
35 137
35 140
35 143
35 145
35 147
35 148
35 149
35 152
35 154
35 159
35 162
35 165
35 167
35 168
35 169
35 172
35 176
35 178
35 179
35 180
35 181
35 182
35 183
35 185
35 188
35 189
35 193
35 194
35 197
35 199
36 38
36 41
36 42
36 43
36 44
36 49
36 51
36 52
36 54
36 56
36 57
36 59
36 60
36 61
36 63
36 67
36 68
36 69
36 74
36 75
36 76
36 78
36 79
36 80
36 82
36 83
36 85
36 86
36 87
36 88
36 89
36 90
36 91
36 92
36 93
36 94
36 95
36 97
36 110
36 112
36 113
36 118
36 119
36 120
36 123
36 125
36 127
36 129
36 130
36 133
36 134
36 136
36 137
36 138
36 139
36 140
36 142
36 146
36 151
36 153
36 154
36 155
36 157
36 161
36 162
36 163
36 166
36 174
36 177
36 179
36 181
36 187
36 191
36 195
36 196
36 198
37 40
37 41
37 42
37 47
37 52
37 54
37 56
37 59
37 60
37 62
37 65
37 67
37 71
37 72
37 73
37 74
37 79
37 80
37 81
37 82
37 84
37 91
37 92
37 93
37 94
37 97
37 106
37 107
37 110
37 112
37 113
37 115
37 117
37 120
37 122
37 123
37 126
37 128
37 129
37 130
37 134
37 135
37 137
37 138
37 140
37 142
37 143
37 147
37 151
37 158
37 159
37 160
37 161
37 162
37 164
37 165
37 167
37 169
37 170
37 171
37 172
37 173
37 176
37 177
37 180
37 183
37 184
37 185
37 186
37 188
37 191
37 193
37 194
37 195
37 198
37 199
38 39
38 41
38 42
38 43
38 44
38 46
38 47
38 48
38 49
38 50
38 51
38 52
38 54
38 55
38 57
38 58
38 60
38 61
38 66
38 67
38 70
38 74
38 75
38 76
38 79
38 80
38 88
38 90
38 92
38 94
38 95
38 96
38 97
38 100
38 102
38 103
38 104
38 105
38 106
38 107
38 108
38 110
38 111
38 112
38 113
38 114
38 118
38 119
38 122
38 125
38 127
38 128
38 132
38 134
38 135
38 138
38 141
38 143
38 147
38 150
38 151
38 153
38 158
38 164
38 165
38 166
38 167
38 169
38 172
38 174
38 175
38 178
38 180
38 184
38 185
38 186
38 190
38 191
38 193
38 195
39 40
39 41
39 42
39 43
39 44
39 46
39 47
39 48
39 55
39 56
39 57
39 58
39 59
39 60
39 61
39 62
39 67
39 69
39 70
39 72
39 73
39 77
39 80
39 85
39 86
39 87
39 90
39 91
39 93
39 94
39 100
39 101
39 103
39 106
39 108
39 110
39 112
39 116
39 120
39 121
39 122
39 124
39 128
39 130
39 134
39 139
39 142
39 145
39 146
39 149
39 150
39 154
39 155
39 157
39 158
39 159
39 163
39 164
39 165
39 168
39 170
39 171
39 173
39 177
39 178
39 179
39 180
39 181
39 186
39 190
39 192
39 194
39 197
40 41
40 47
40 51
40 53
40 54
40 55
40 56
40 57
40 59
40 60
40 61
40 62
40 63
40 66
40 67
40 70
40 71
40 73
40 74
40 75
40 76
40 77
40 78
40 79
40 80
40 81
40 82
40 85
40 86
40 90
40 91
40 93
40 94
40 95
40 99
40 102
40 107
40 108
40 109
40 112
40 114
40 122
40 126
40 127
40 131
40 134
40 135
40 139
40 140
40 141
40 142
40 143
40 144
40 145
40 147
40 148
40 149
40 150
40 152
40 155
40 158
40 159
40 160
40 162
40 163
40 164
40 170
40 171
40 172
40 174
40 175
40 176
40 177
40 178
40 180
40 181
40 182
40 185
40 188
40 194
40 195
41 42
41 43
41 44
41 47
41 49
41 52
41 54
41 55
41 59
41 60
41 61
41 63
41 64
41 65
41 66
41 67
41 71
41 74
41 75
41 77
41 79
41 80
41 81
41 82
41 85
41 94
41 99
41 101
41 102
41 104
41 105
41 107
41 110
41 111
41 113
41 115
41 116
41 117
41 118
41 119
41 120
41 121
41 122
41 125
41 131
41 132
41 134
41 135
41 139
41 140
41 142
41 143
41 146
41 148
41 151
41 155
41 156
41 157
41 161
41 165
41 168
41 171
41 175
41 176
41 177
41 182
41 183
41 184
41 187
41 188
41 190
41 193
41 194
41 197
42 43
42 44
42 47
42 48
42 49
42 55
42 58
42 59
42 61
42 62
42 64
42 65
42 66
42 67
42 70
42 71
42 73
42 74
42 75
42 78
42 81
42 83
42 84
42 85
42 88
42 90
42 91
42 92
42 93
42 94
42 95
42 96
42 98
42 99
42 100
42 101
42 102
42 103
42 104
42 110
42 111
42 113
42 114
42 115
42 116
42 117
42 119
42 120
42 121
42 122
42 123
42 124
42 126
42 128
42 131
42 132
42 136
42 137
42 138
42 139
42 140
42 141
42 142
42 143
42 147
42 149
42 150
42 153
42 156
42 158
42 161
42 163
42 165
42 166
42 169
42 171
42 174
42 176
42 177
42 179
42 180
42 181
42 183
42 184
42 185
42 188
42 190
42 191
42 192
42 195
42 196
42 197
42 198
43 46
43 47
43 48
43 50
43 51
43 53
43 55
43 57
43 58
43 60
43 62
43 63
43 64
43 65
43 66
43 68
43 69
43 70
43 71
43 72
43 74
43 77
43 78
43 80
43 83
43 87
43 92
43 93
43 94
43 95
43 99
43 100
43 101
43 102
43 104
43 107
43 112
43 119
43 121
43 122
43 124
43 128
43 129
43 130
43 131
43 132
43 133
43 134
43 138
43 147
43 150
43 151
43 152
43 154
43 155
43 156
43 159
43 160
43 162
43 163
43 165
43 166
43 167
43 168
43 174
43 176
43 185
43 190
43 197
44 46
44 48
44 50
44 51
44 54
44 56
44 58
44 60
44 61
44 66
44 68
44 70
44 71
44 72
44 73
44 75
44 77
44 78
44 80
44 81
44 82
44 84
44 87
44 91
44 92
44 95
44 97
44 98
44 99
44 101
44 102
44 107
44 109
44 112
44 114
44 117
44 120
44 121
44 124
44 125
44 126
44 128
44 130
44 134
44 136
44 140
44 141
44 143
44 144
44 147
44 149
44 160
44 163
44 165
44 166
44 167
44 169
44 171
44 174
44 181
44 182
44 183
44 186
44 187
44 189
44 193
44 194
44 197
45 50
45 51
45 52
45 56
45 57
45 59
45 60
45 61
45 62
45 64
45 68
45 69
45 72
45 74
45 76
45 77
45 79
45 80
45 82
45 83
45 85
45 88
45 90
45 93
45 94
45 95
45 96
45 97
45 98
45 99
45 104
45 107
45 108
45 109
45 111
45 115
45 117
45 118
45 119
45 120
45 121
45 124
45 125
45 127
45 134
45 136
45 137
45 139
45 141
45 144
45 145
45 151
45 153
45 157
45 160
45 162
45 165
45 167
45 168
45 169
45 171
45 172
45 174
45 176
45 178
45 179
45 183
45 188
45 189
45 193
45 197
45 198
45 199
46 50
46 51
46 52
46 53
46 54
46 57
46 60
46 63
46 68
46 70
46 72
46 76
46 77
46 80
46 81
46 84
46 85
46 86
46 87
46 88
46 90
46 92
46 93
46 94
46 98
46 99
46 100
46 103
46 104
46 105
46 106
46 107
46 108
46 110
46 112
46 118
46 119
46 121
46 122
46 124
46 126
46 127
46 129
46 133
46 134
46 136
46 139
46 140
46 142
46 143
46 144
46 147
46 151
46 152
46 153
46 155
46 158
46 159
46 161
46 162
46 165
46 167
46 168
46 169
46 170
46 172
46 173
46 175
46 176
46 177
46 180
46 183
46 185
46 186
46 187
46 188
46 189
46 191
46 192
46 194
46 195
46 196
46 197
46 199
47 49
47 50
47 51
47 52
47 53
47 54
47 58
47 60
47 61
47 63
47 64
47 65
47 66
47 67
47 70
47 74
47 78
47 80
47 81
47 82
47 83
47 84
47 87
47 88
47 89
47 90
47 91
47 94
47 95
47 97
47 99
47 101
47 102
47 105
47 106
47 107
47 111
47 112
47 115
47 116
47 118
47 119
47 120
47 122
47 124
47 125
47 127
47 130
47 133
47 135
47 136
47 138
47 140
47 145
47 147
47 150
47 151
47 153
47 158
47 159
47 160
47 162
47 165
47 166
47 169
47 177
47 178
47 182
47 186
47 187
47 188
47 195
47 196
48 51
48 58
48 59
48 60
48 61
48 63
48 64
48 66
48 67
48 68
48 69
48 70
48 71
48 74
48 75
48 76
48 77
48 78
48 81
48 82
48 83
48 86
48 87
48 89
48 90
48 91
48 93
48 94
48 95
48 96
48 99
48 100
48 102
48 104
48 105
48 109
48 110
48 111
48 116
48 119
48 121
48 123
48 124
48 125
48 126
48 127
48 128
48 129
48 130
48 131
48 136
48 138
48 139
48 140
48 141
48 142
48 143
48 144
48 145
48 146
48 148
48 149
48 150
48 154
48 156
48 160
48 161
48 163
48 165
48 166
48 169
48 172
48 175
48 177
48 178
48 179
48 181
48 182
48 183
48 185
48 186
48 188
48 189
48 190
48 192
48 193
48 194
48 195
48 196
48 197
49 50
49 52
49 55
49 56
49 57
49 61
49 63
49 65
49 66
49 69
49 70
49 71
49 72
49 73
49 74
49 77
49 79
49 80
49 81
49 85
49 86
49 87
49 88
49 89
49 90
49 92
49 94
49 96
49 100
49 102
49 104
49 105
49 107
49 111
49 113
49 114
49 115
49 116
49 117
49 120
49 122
49 123
49 124
49 126
49 131
49 132
49 133
49 135
49 143
49 144
49 145
49 147
49 149
49 150
49 153
49 155
49 156
49 159
49 161
49 163
49 166
49 167
49 169
49 170
49 171
49 172
49 173
49 174
49 176
49 177
49 179
49 180
49 182
49 183
49 188
49 190
49 192
49 193
49 196
49 198
50 53
50 54
50 58
50 59
50 61
50 62
50 63
50 64
50 65
50 69
50 72
50 73
50 74
50 76
50 77
50 80
50 81
50 82
50 83
50 84
50 88
50 89
50 90
50 91
50 92
50 94
50 102
50 104
50 106
50 107
50 108
50 109
50 110
50 114
50 115
50 116
50 118
50 119
50 123
50 126
50 127
50 131
50 132
50 133
50 134
50 139
50 140
50 141
50 144
50 146
50 149
50 151
50 154
50 155
50 156
50 158
50 161
50 163
50 164
50 166
50 168
50 169
50 170
50 171
50 176
50 177
50 178
50 179
50 180
50 185
50 187
50 189
50 193
50 194
50 195
50 197
51 52
51 56
51 57
51 60
51 61
51 63
51 65
51 69
51 70
51 71
51 75
51 76
51 77
51 78
51 81
51 84
51 85
51 86
51 87
51 89
51 90
51 93
51 96
51 97
51 100
51 101
51 102
51 103
51 105
51 106
51 109
51 112
51 115
51 119
51 121
51 122
51 123
51 124
51 126
51 127
51 128
51 129
51 130
51 131
51 132
51 135
51 136
51 137
51 145
51 148
51 150
51 151
51 153
51 154
51 155
51 156
51 159
51 160
51 161
51 162
51 164
51 165
51 166
51 167
51 170
51 172
51 173
51 175
51 176
51 177
51 179
51 180
51 184
51 194
51 195
52 53
52 54
52 55
52 56
52 57
52 58
52 59
52 61
52 62
52 64
52 67
52 69
52 71
52 74
52 75
52 76
52 77
52 80
52 82
52 83
52 84
52 86
52 88
52 89
52 90
52 94
52 95
52 96
52 97
52 99
52 101
52 102
52 108
52 109
52 111
52 114
52 116
52 117
52 118
52 119
52 120
52 121
52 122
52 126
52 127
52 130
52 131
52 132
52 134
52 137
52 138
52 140
52 145
52 146
52 148
52 149
52 155
52 156
52 157
52 160
52 162
52 168
52 171
52 172
52 174
52 175
52 176
52 177
52 178
52 180
52 181
52 183
52 184
52 185
52 186
52 188
52 193
52 194
52 196
53 54
53 57
53 61
53 64
53 66
53 68
53 70
53 75
53 77
53 79
53 81
53 83
53 84
53 85
53 86
53 88
53 90
53 91
53 93
53 97
53 98
53 99
53 100
53 101
53 103
53 106
53 109
53 111
53 114
53 118
53 119
53 124
53 126
53 127
53 129
53 131
53 132
53 135
53 137
53 139
53 141
53 145
53 146
53 147
53 148
53 149
53 151
53 152
53 153
53 154
53 155
53 156
53 158
53 159
53 161
53 162
53 166
53 167
53 168
53 174
53 175
53 176
53 179
53 180
53 181
53 183
53 184
53 186
53 189
53 194
53 195
54 55
54 56
54 58
54 60
54 61
54 63
54 64
54 65
54 66
54 67
54 68
54 70
54 71
54 72
54 75
54 76
54 78
54 81
54 83
54 88
54 90
54 95
54 96
54 98
54 99
54 100
54 102
54 106
54 107
54 108
54 110
54 113
54 114
54 116
54 117
54 122
54 123
54 125
54 128
54 129
54 130
54 133
54 134
54 135
54 136
54 140
54 142
54 143
54 144
54 145
54 146
54 147
54 148
54 150
54 153
54 155
54 156
54 158
54 159
54 161
54 162
54 163
54 166
54 167
54 168
54 173
54 174
54 175
54 176
54 177
54 178
54 182
54 185
54 186
54 188
54 189
54 190
54 192
54 193
54 195
54 199
55 56
55 58
55 59
55 60
55 62
55 64
55 65
55 70
55 71
55 72
55 73
55 74
55 75
55 76
55 77
55 78
55 79
55 80
55 81
55 83
55 85
55 86
55 91
55 93
55 95
55 98
55 101
55 102
55 103
55 104
55 105
55 107
55 108
55 109
55 110
55 112
55 114
55 117
55 120
55 130
55 132
55 136
55 137
55 139
55 141
55 143
55 150
55 151
55 153
55 154
55 155
55 157
55 161
55 162
55 164
55 165
55 166
55 168
55 169
55 172
55 173
55 175
55 180
55 185
55 188
55 190
55 193
55 196
55 198
55 199
56 59
56 60
56 61
56 64
56 67
56 69
56 70
56 72
56 73
56 75
56 76
56 77
56 81
56 83
56 86
56 87
56 89
56 90
56 94
56 95
56 96
56 97
56 99
56 100
56 104
56 107
56 108
56 111
56 114
56 115
56 118
56 119
56 121
56 127
56 128
56 131
56 132
56 134
56 136
56 137
56 139
56 140
56 142
56 144
56 145
56 147
56 148
56 151
56 152
56 153
56 154
56 156
56 158
56 162
56 163
56 165
56 168
56 170
56 171
56 173
56 174
56 175
56 179
56 180
56 181
56 182
56 184
56 188
56 190
56 192
56 193
56 195
56 197
56 199
57 58
57 59
57 62
57 65
57 69
57 70
57 72
57 73
57 74
57 75
57 76
57 78
57 79
57 80
57 81
57 83
57 84
57 88
57 89
57 93
57 96
57 98
57 99
57 103
57 105
57 106
57 107
57 109
57 111
57 114
57 115
57 116
57 118
57 120
57 122
57 126
57 127
57 128
57 129
57 131
57 132
57 135
57 136
57 142
57 143
57 144
57 146
57 148
57 150
57 151
57 152
57 153
57 155
57 156
57 157
57 159
57 160
57 161
57 162
57 165
57 166
57 167
57 168
57 169
57 171
57 172
57 173
57 182
57 185
57 186
57 188
57 189
57 194
57 197
57 198
58 59
58 61
58 66
58 68
58 69
58 71
58 75
58 77
58 85
58 88
58 89
58 90
58 94
58 96
58 98
58 101
58 106
58 110
58 111
58 112
58 113
58 114
58 116
58 117
58 118
58 119
58 121
58 124
58 125
58 126
58 132
58 135
58 138
58 140
58 141
58 142
58 143
58 144
58 145
58 147
58 148
58 151
58 152
58 153
58 154
58 155
58 156
58 162
58 163
58 164
58 168
58 170
58 175
58 176
58 177
58 181
58 183
58 184
58 190
58 191
58 195
58 198
59 60
59 61
59 62
59 63
59 64
59 65
59 68
59 69
59 70
59 71
59 74
59 75
59 77
59 80
59 82
59 83
59 84
59 85
59 90
59 91
59 92
59 96
59 98
59 100
59 102
59 103
59 104
59 107
59 109
59 110
59 111
59 112
59 113
59 114
59 115
59 117
59 118
59 119
59 122
59 125
59 128
59 129
59 131
59 135
59 137
59 139
59 141
59 143
59 144
59 147
59 149
59 150
59 151
59 153
59 155
59 156
59 158
59 159
59 160
59 165
59 169
59 171
59 172
59 174
59 176
59 178
59 180
59 181
59 182
59 183
59 185
59 186
59 187
59 191
59 196
59 197
59 198
60 61
60 63
60 64
60 67
60 68
60 72
60 73
60 74
60 75
60 77
60 81
60 82
60 83
60 84
60 89
60 91
60 92
60 93
60 95
60 100
60 102
60 103
60 108
60 109
60 112
60 114
60 115
60 116
60 118
60 119
60 120
60 124
60 125
60 126
60 127
60 128
60 129
60 130
60 132
60 133
60 134
60 138
60 140
60 141
60 143
60 146
60 152
60 157
60 158
60 159
60 161
60 165
60 166
60 167
60 168
60 172
60 177
60 178
60 180
60 183
60 185
60 186
60 187
60 190
60 191
60 192
60 193
60 195
60 198
61 62
61 63
61 64
61 65
61 67
61 70
61 71
61 75
61 76
61 78
61 81
61 83
61 84
61 86
61 88
61 89
61 91
61 95
61 102
61 107
61 108
61 109
61 111
61 112
61 113
61 116
61 117
61 121
61 124
61 126
61 127
61 128
61 131
61 134
61 136
61 137
61 139
61 140
61 143
61 145
61 146
61 149
61 151
61 152
61 154
61 155
61 158
61 162
61 163
61 165
61 166
61 167
61 168
61 170
61 171
61 175
61 177
61 178
61 179
61 181
61 185
61 186
61 187
61 188
61 189
61 190
61 191
61 193
61 195
61 196
61 197
61 198
61 199
62 64
62 65
62 69
62 70
62 71
62 72
62 73
62 75
62 77
62 81
62 82
62 84
62 85
62 86
62 87
62 88
62 89
62 92
62 94
62 96
62 99
62 100
62 101
62 104
62 110
62 112
62 115
62 117
62 120
62 122
62 124
62 126
62 128
62 130
62 131
62 134
62 135
62 137
62 139
62 140
62 143
62 144
62 145
62 149
62 151
62 152
62 154
62 156
62 157
62 158
62 159
62 161
62 163
62 164
62 168
62 171
62 172
62 175
62 177
62 185
62 186
62 187
62 188
62 189
62 190
62 191
62 192
62 193
62 197
63 67
63 68
63 71
63 72
63 73
63 75
63 77
63 78
63 79
63 80
63 81
63 89
63 91
63 92
63 93
63 94
63 95
63 97
63 99
63 100
63 101
63 104
63 105
63 107
63 110
63 111
63 113
63 114
63 120
63 121
63 122
63 124
63 125
63 126
63 128
63 130
63 132
63 133
63 135
63 137
63 138
63 139
63 140
63 141
63 142
63 143
63 144
63 145
63 146
63 147
63 148
63 150
63 152
63 159
63 160
63 161
63 162
63 165
63 168
63 169
63 170
63 172
63 173
63 174
63 175
63 179
63 180
63 181
63 183
63 185
63 186
63 187
63 189
63 190
63 191
63 194
63 195
63 196
63 198
63 199
64 66
64 67
64 69
64 70
64 72
64 73
64 74
64 76
64 77
64 79
64 80
64 81
64 83
64 85
64 87
64 88
64 89
64 90
64 92
64 94
64 99
64 100
64 102
64 103
64 104
64 106
64 109
64 110
64 111
64 112
64 115
64 117
64 121
64 125
64 126
64 128
64 129
64 130
64 131
64 132
64 134
64 136
64 137
64 141
64 142
64 143
64 147
64 148
64 150
64 151
64 152
64 154
64 155
64 156
64 157
64 164
64 169
64 170
64 171
64 172
64 173
64 174
64 175
64 177
64 179
64 181
64 182
64 183
64 186
64 194
64 196
64 197
64 198
64 199
65 66
65 67
65 69
65 71
65 75
65 76
65 78
65 79
65 81
65 85
65 88
65 89
65 93
65 95
65 100
65 102
65 103
65 106
65 108
65 109
65 110
65 113
65 114
65 115
65 118
65 119
65 120
65 122
65 123
65 124
65 126
65 129
65 131
65 135
65 137
65 139
65 141
65 142
65 144
65 145
65 148
65 155
65 157
65 158
65 161
65 162
65 168
65 170
65 173
65 174
65 177
65 178
65 180
65 188
65 192
65 194
65 197
65 198
65 199
66 67
66 68
66 69
66 73
66 76
66 77
66 78
66 79
66 80
66 81
66 84
66 85
66 87
66 90
66 91
66 92
66 95
66 99
66 100
66 101
66 102
66 103
66 105
66 106
66 108
66 109
66 110
66 111
66 112
66 113
66 118
66 119
66 121
66 122
66 124
66 125
66 128
66 129
66 134
66 136
66 138
66 140
66 141
66 142
66 143
66 145
66 151
66 152
66 155
66 157
66 159
66 161
66 164
66 165
66 166
66 169
66 170
66 171
66 173
66 177
66 178
66 183
66 184
66 185
66 186
66 187
66 188
66 192
66 195
66 197
66 199
67 68
67 69
67 72
67 75
67 80
67 84
67 88
67 89
67 91
67 93
67 99
67 101
67 102
67 103
67 104
67 111
67 113
67 114
67 115
67 116
67 117
67 118
67 120
67 122
67 123
67 124
67 125
67 127
67 129
67 131
67 133
67 135
67 136
67 139
67 140
67 141
67 142
67 144
67 145
67 146
67 149
67 150
67 151
67 152
67 153
67 157
67 159
67 162
67 163
67 164
67 166
67 168
67 170
67 171
67 174
67 175
67 176
67 177
67 178
67 179
67 182
67 184
67 187
67 190
67 192
67 193
67 198
67 199
68 69
68 70
68 73
68 74
68 75
68 77
68 78
68 79
68 81
68 82
68 84
68 85
68 92
68 94
68 97
68 99
68 100
68 101
68 102
68 103
68 104
68 105
68 110
68 111
68 112
68 113
68 115
68 117
68 118
68 119
68 120
68 126
68 127
68 128
68 133
68 135
68 138
68 139
68 141
68 142
68 143
68 145
68 150
68 151
68 152
68 153
68 154
68 155
68 156
68 157
68 159
68 160
68 161
68 162
68 163
68 164
68 169
68 171
68 172
68 177
68 182
68 183
68 184
68 185
68 186
68 187
68 189
68 191
68 196
68 197
68 199
69 71
69 72
69 75
69 79
69 82
69 83
69 84
69 87
69 89
69 93
69 99
69 102
69 103
69 105
69 109
69 110
69 111
69 112
69 114
69 116
69 119
69 120
69 121
69 122
69 124
69 129
69 132
69 134
69 137
69 140
69 142
69 144
69 145
69 146
69 147
69 148
69 150
69 151
69 152
69 155
69 159
69 160
69 161
69 162
69 163
69 164
69 167
69 168
69 169
69 172
69 175
69 176
69 177
69 178
69 179
69 182
69 184
69 187
69 189
69 191
69 192
69 195
69 196
69 197
69 198
69 199
70 71
70 73
70 74
70 75
70 76
70 77
70 80
70 83
70 86
70 87
70 90
70 93
70 97
70 98
70 101
70 105
70 107
70 112
70 113
70 115
70 118
70 119
70 120
70 121
70 122
70 123
70 124
70 127
70 128
70 130
70 131
70 132
70 133
70 138
70 139
70 147
70 148
70 149
70 150
70 152
70 153
70 154
70 155
70 159
70 161
70 162
70 166
70 167
70 168
70 172
70 175
70 177
70 178
70 179
70 182
70 183
70 185
70 188
70 189
70 191
70 193
70 194
70 196
70 197
70 199
71 73
71 74
71 76
71 77
71 78
71 79
71 80
71 81
71 82
71 83
71 86
71 87
71 90
71 91
71 93
71 99
71 100
71 103
71 106
71 107
71 108
71 110
71 112
71 115
71 118
71 121
71 122
71 123
71 124
71 125
71 126
71 127
71 128
71 129
71 130
71 131
71 132
71 134
71 135
71 136
71 137
71 138
71 140
71 141
71 142
71 143
71 144
71 146
71 147
71 149
71 150
71 152
71 153
71 154
71 157
71 158
71 163
71 165
71 168
71 169
71 170
71 171
71 172
71 174
71 176
71 177
71 178
71 179
71 181
71 182
71 184
71 186
71 188
71 190
71 191
71 192
71 194
71 195
71 197
71 198
72 75
72 80
72 81
72 82
72 84
72 86
72 88
72 94
72 95
72 97
72 98
72 101
72 103
72 104
72 107
72 108
72 111
72 112
72 113
72 116
72 120
72 122
72 124
72 125
72 127
72 129
72 130
72 131
72 133
72 138
72 140
72 141
72 143
72 146
72 147
72 149
72 152
72 153
72 156
72 157
72 161
72 162
72 164
72 167
72 176
72 181
72 182
72 184
72 185
72 188
72 189
72 193
72 195
72 197
73 74
73 77
73 78
73 79
73 80
73 83
73 86
73 91
73 93
73 94
73 97
73 98
73 101
73 103
73 106
73 110
73 111
73 112
73 113
73 114
73 115
73 116
73 120
73 123
73 126
73 129
73 130
73 131
73 132
73 133
73 139
73 141
73 142
73 144
73 145
73 146
73 147
73 148
73 149
73 150
73 152
73 153
73 155
73 156
73 158
73 160
73 161
73 162
73 166
73 167
73 168
73 169
73 173
73 174
73 175
73 176
73 177
73 178
73 179
73 182
73 184
73 185
73 190
73 192
73 193
73 194
74 77
74 78
74 79
74 82
74 85
74 90
74 91
74 92
74 98
74 100
74 101
74 102
74 103
74 105
74 109
74 110
74 111
74 114
74 115
74 117
74 118
74 120
74 121
74 122
74 123
74 124
74 125
74 126
74 127
74 129
74 130
74 134
74 136
74 138
74 146
74 148
74 150
74 152
74 153
74 157
74 158
74 161
74 163
74 164
74 165
74 166
74 168
74 170
74 175
74 177
74 179
74 184
74 186
74 187
74 189
74 192
74 193
74 194
74 195
74 197
74 199
75 76
75 78
75 79
75 81
75 82
75 83
75 84
75 85
75 88
75 94
75 95
75 96
75 97
75 100
75 101
75 102
75 104
75 105
75 106
75 109
75 110
75 111
75 112
75 114
75 115
75 116
75 117
75 118
75 119
75 121
75 122
75 123
75 124
75 125
75 126
75 127
75 131
75 132
75 133
75 134
75 137
75 138
75 140
75 141
75 143
75 144
75 151
75 152
75 153
75 154
75 163
75 164
75 165
75 166
75 170
75 171
75 172
75 173
75 175
75 176
75 183
75 184
75 185
75 187
75 188
75 189
75 191
75 193
76 78
76 79
76 80
76 84
76 85
76 87
76 88
76 89
76 92
76 93
76 97
76 100
76 101
76 105
76 106
76 107
76 108
76 109
76 110
76 111
76 113
76 116
76 117
76 118
76 119
76 120
76 122
76 125
76 130
76 132
76 133
76 138
76 140
76 141
76 143
76 147
76 151
76 156
76 159
76 160
76 162
76 163
76 170
76 176
76 177
76 179
76 180
76 181
76 182
76 183
76 184
76 187
76 189
76 192
76 193
76 194
76 195
76 196
76 198
77 78
77 79
77 80
77 82
77 83
77 84
77 85
77 86
77 89
77 90
77 93
77 94
77 95
77 97
77 98
77 101
77 103
77 104
77 111
77 113
77 115
77 117
77 118
77 120
77 121
77 126
77 127
77 130
77 132
77 133
77 134
77 135
77 138
77 145
77 147
77 148
77 149
77 151
77 153
77 155
77 157
77 159
77 160
77 161
77 162
77 163
77 164
77 165
77 166
77 170
77 172
77 173
77 175
77 176
77 180
77 182
77 183
77 184
77 185
77 186
77 190
77 192
77 193
77 194
77 195
77 196
77 199
78 79
78 81
78 83
78 85
78 86
78 87
78 90
78 93
78 94
78 95
78 101
78 102
78 103
78 104
78 105
78 106
78 107
78 109
78 110
78 116
78 118
78 119
78 121
78 122
78 124
78 125
78 126
78 128
78 129
78 131
78 133
78 135
78 136
78 138
78 140
78 142
78 143
78 145
78 146
78 149
78 150
78 151
78 154
78 155
78 156
78 157
78 159
78 164
78 165
78 166
78 168
78 169
78 170
78 171
78 173
78 174
78 175
78 179
78 180
78 183
78 185
78 187
78 188
78 189
78 191
78 193
78 194
78 195
78 198
79 80
79 82
79 83
79 84
79 86
79 87
79 92
79 94
79 99
79 100
79 101
79 103
79 105
79 106
79 108
79 109
79 111
79 112
79 113
79 115
79 117
79 120
79 121
79 129
79 130
79 135
79 136
79 138
79 139
79 140
79 142
79 144
79 146
79 149
79 153
79 154
79 161
79 166
79 167
79 169
79 170
79 174
79 175
79 176
79 179
79 185
79 187
79 190
79 199
80 82
80 83
80 85
80 87
80 89
80 90
80 92
80 93
80 97
80 101
80 102
80 106
80 108
80 109
80 116
80 117
80 118
80 119
80 120
80 122
80 124
80 125
80 127
80 128
80 139
80 141
80 144
80 145
80 147
80 150
80 151
80 153
80 155
80 156
80 159
80 160
80 162
80 164
80 165
80 166
80 167
80 168
80 170
80 171
80 172
80 174
80 175
80 177
80 178
80 182
80 184
80 185
80 188
80 196
81 82
81 83
81 89
81 90
81 91
81 94
81 98
81 99
81 100
81 101
81 105
81 107
81 108
81 110
81 111
81 113
81 114
81 115
81 117
81 124
81 127
81 130
81 134
81 135
81 136
81 138
81 139
81 141
81 144
81 146
81 147
81 150
81 152
81 153
81 155
81 157
81 158
81 162
81 163
81 164
81 165
81 168
81 171
81 173
81 174
81 176
81 179
81 182
81 183
81 184
81 185
81 186
81 187
81 191
81 196
81 197
82 83
82 84
82 88
82 90
82 91
82 92
82 97
82 98
82 99
82 100
82 102
82 104
82 106
82 107
82 112
82 114
82 115
82 118
82 120
82 121
82 126
82 127
82 134
82 135
82 136
82 138
82 139
82 143
82 146
82 147
82 148
82 149
82 150
82 152
82 153
82 154
82 157
82 159
82 161
82 163
82 164
82 166
82 168
82 173
82 177
82 179
82 180
82 184
82 189
82 191
82 195
82 199
83 87
83 88
83 89
83 91
83 95
83 97
83 98
83 99
83 101
83 102
83 106
83 109
83 111
83 112
83 113
83 114
83 116
83 122
83 124
83 125
83 126
83 132
83 136
83 137
83 142
83 143
83 144
83 146
83 149
83 150
83 152
83 155
83 160
83 161
83 165
83 166
83 167
83 168
83 170
83 171
83 174
83 175
83 176
83 178
83 179
83 183
83 184
83 187
83 188
83 190
83 191
83 193
83 195
83 196
83 199
84 85
84 89
84 94
84 97
84 99
84 100
84 101
84 102
84 103
84 104
84 106
84 107
84 109
84 111
84 112
84 113
84 114
84 115
84 116
84 118
84 119
84 121
84 123
84 125
84 126
84 127
84 129
84 133
84 135
84 137
84 140
84 143
84 144
84 146
84 147
84 150
84 151
84 152
84 153
84 155
84 157
84 158
84 159
84 166
84 169
84 170
84 172
84 174
84 175
84 176
84 177
84 178
84 180
84 181
84 183
84 185
84 187
84 188
84 189
84 192
84 193
84 195
84 197
84 198
85 86
85 88
85 91
85 101
85 102
85 103
85 104
85 105
85 107
85 108
85 109
85 110
85 111
85 114
85 115
85 117
85 118
85 119
85 122
85 123
85 126
85 129
85 130
85 131
85 134
85 136
85 137
85 141
85 142
85 143
85 144
85 146
85 148
85 150
85 151
85 152
85 154
85 159
85 160
85 162
85 163
85 164
85 166
85 167
85 169
85 170
85 173
85 174
85 178
85 180
85 181
85 182
85 184
85 188
85 189
85 191
85 192
85 193
85 196
85 197
85 198
86 87
86 89
86 93
86 94
86 95
86 97
86 102
86 103
86 106
86 107
86 113
86 114
86 116
86 117
86 118
86 119
86 121
86 123
86 129
86 131
86 135
86 136
86 138
86 140
86 141
86 142
86 145
86 146
86 150
86 153
86 154
86 156
86 157
86 159
86 160
86 162
86 164
86 165
86 170
86 175
86 177
86 182
86 184
86 185
86 186
86 189
86 190
86 192
86 197
86 199
87 88
87 91
87 96
87 97
87 98
87 101
87 102
87 103
87 107
87 109
87 114
87 115
87 120
87 123
87 124
87 127
87 129
87 132
87 133
87 135
87 136
87 137
87 139
87 142
87 143
87 145
87 148
87 150
87 151
87 152
87 153
87 157
87 160
87 161
87 164
87 165
87 166
87 167
87 168
87 171
87 174
87 175
87 176
87 177
87 178
87 181
87 185
87 188
87 190
87 191
87 192
87 195
87 198
87 199
88 91
88 92
88 93
88 94
88 106
88 108
88 109
88 113
88 114
88 115
88 116
88 117
88 119
88 120
88 121
88 122
88 123
88 124
88 126
88 130
88 134
88 143
88 145
88 147
88 149
88 150
88 151
88 152
88 153
88 155
88 156
88 157
88 163
88 166
88 168
88 170
88 175
88 176
88 177
88 179
88 180
88 181
88 183
88 188
88 189
88 190
88 191
88 193
88 199
89 90
89 94
89 97
89 99
89 100
89 102
89 109
89 110
89 111
89 112
89 113
89 115
89 118
89 119
89 122
89 123
89 124
89 125
89 127
89 128
89 129
89 131
89 135
89 136
89 137
89 138
89 141
89 145
89 148
89 149
89 151
89 153
89 154
89 155
89 157
89 158
89 159
89 161
89 162
89 163
89 164
89 165
89 166
89 167
89 168
89 169
89 170
89 171
89 172
89 173
89 174
89 175
89 176
89 180
89 184
89 190
89 192
89 194
89 197
90 91
90 92
90 93
90 95
90 103
90 104
90 105
90 109
90 110
90 111
90 114
90 116
90 117
90 119
90 122
90 124
90 125
90 127
90 128
90 129
90 131
90 133
90 135
90 136
90 141
90 144
90 146
90 148
90 152
90 153
90 154
90 155
90 157
90 161
90 163
90 164
90 165
90 166
90 169
90 171
90 172
90 173
90 176
90 177
90 180
90 181
90 184
90 186
90 187
90 188
90 189
90 190
90 192
90 193
90 194
90 195
90 197
90 198
90 199
91 92
91 94
91 96
91 99
91 101
91 103
91 106
91 108
91 109
91 110
91 111
91 114
91 116
91 117
91 118
91 119
91 120
91 123
91 125
91 126
91 127
91 128
91 130
91 131
91 132
91 133
91 136
91 139
91 140
91 141
91 143
91 147
91 149
91 156
91 159
91 165
91 166
91 171
91 172
91 173
91 175
91 176
91 179
91 183
91 184
91 186
91 191
91 194
91 198
92 96
92 98
92 99
92 101
92 103
92 106
92 107
92 111
92 113
92 119
92 120
92 121
92 123
92 124
92 126
92 127
92 132
92 134
92 136
92 137
92 138
92 139
92 141
92 142
92 145
92 147
92 148
92 149
92 150
92 152
92 156
92 157
92 160
92 161
92 162
92 163
92 164
92 166
92 169
92 170
92 171
92 172
92 173
92 175
92 178
92 179
92 180
92 183
92 185
92 187
92 189
92 191
92 193
92 194
92 197
92 199
93 95
93 99
93 101
93 105
93 110
93 112
93 114
93 118
93 119
93 121
93 122
93 124
93 125
93 131
93 132
93 133
93 138
93 139
93 140
93 141
93 142
93 143
93 144
93 145
93 146
93 147
93 148
93 150
93 151
93 152
93 156
93 158
93 161
93 162
93 163
93 164
93 165
93 172
93 177
93 179
93 182
93 184
93 185
93 186
93 187
93 189
93 190
93 192
93 193
93 194
93 196
94 95
94 100
94 102
94 105
94 106
94 107
94 109
94 110
94 112
94 114
94 119
94 120
94 121
94 122
94 123
94 124
94 125
94 127
94 133
94 137
94 139
94 140
94 146
94 148
94 150
94 154
94 156
94 158
94 162
94 164
94 165
94 168
94 169
94 171
94 172
94 173
94 174
94 175
94 180
94 181
94 183
94 184
94 186
94 189
94 194
94 195
94 198
94 199
95 97
95 100
95 101
95 102
95 103
95 107
95 110
95 112
95 113
95 119
95 120
95 123
95 125
95 126
95 127
95 129
95 131
95 132
95 135
95 136
95 137
95 138
95 139
95 140
95 142
95 145
95 148
95 152
95 157
95 158
95 159
95 161
95 162
95 163
95 167
95 170
95 171
95 174
95 175
95 176
95 177
95 178
95 180
95 181
95 182
95 184
95 186
95 187
95 189
95 190
95 191
95 192
95 193
95 194
95 195
96 97
96 98
96 99
96 103
96 104
96 105
96 107
96 108
96 109
96 111
96 112
96 113
96 114
96 116
96 118
96 119
96 120
96 123
96 124
96 125
96 126
96 128
96 129
96 131
96 133
96 137
96 139
96 141
96 143
96 144
96 145
96 148
96 149
96 150
96 155
96 156
96 157
96 160
96 161
96 162
96 165
96 168
96 172
96 175
96 178
96 179
96 180
96 182
96 185
96 186
96 187
96 188
96 189
96 194
96 195
96 197
97 98
97 99
97 102
97 105
97 107
97 108
97 109
97 110
97 112
97 113
97 120
97 123
97 125
97 126
97 128
97 130
97 131
97 134
97 135
97 139
97 141
97 143
97 145
97 146
97 147
97 154
97 155
97 156
97 157
97 158
97 159
97 160
97 161
97 163
97 164
97 165
97 166
97 167
97 168
97 170
97 171
97 172
97 173
97 175
97 176
97 177
97 178
97 181
97 183
97 188
97 189
97 190
97 191
98 99
98 100
98 101
98 103
98 106
98 107
98 116
98 121
98 122
98 123
98 124
98 125
98 129
98 132
98 135
98 139
98 140
98 141
98 143
98 145
98 146
98 147
98 148
98 149
98 150
98 152
98 153
98 154
98 160
98 161
98 165
98 167
98 170
98 175
98 176
98 180
98 183
98 184
98 185
98 189
98 193
98 194
98 197
98 198
99 101
99 106
99 107
99 108
99 112
99 118
99 119
99 120
99 121
99 122
99 124
99 126
99 127
99 129
99 130
99 131
99 133
99 135
99 137
99 140
99 141
99 142
99 143
99 144
99 145
99 149
99 156
99 158
99 159
99 160
99 163
99 164
99 166
99 167
99 170
99 173
99 174
99 176
99 177
99 178
99 179
99 181
99 183
99 184
99 185
99 186
99 187
99 192
99 193
99 196
99 197
99 198
99 199
100 103
100 105
100 106
100 110
100 114
100 116
100 117
100 119
100 120
100 121
100 122
100 123
100 128
100 130
100 131
100 133
100 138
100 140
100 141
100 145
100 147
100 149
100 150
100 154
100 155
100 158
100 160
100 161
100 162
100 164
100 165
100 166
100 168
100 169
100 175
100 177
100 178
100 180
100 183
100 187
100 188
100 189
100 190
100 192
100 193
100 194
100 196
100 197
100 198
100 199
101 102
101 103
101 104
101 105
101 106
101 108
101 109
101 110
101 111
101 113
101 115
101 116
101 117
101 119
101 120
101 121
101 123
101 124
101 125
101 126
101 127
101 128
101 131
101 133
101 137
101 138
101 141
101 143
101 144
101 145
101 148
101 149
101 153
101 155
101 156
101 157
101 163
101 165
101 166
101 167
101 168
101 171
101 173
101 175
101 179
101 187
101 189
101 192
101 196
101 198
101 199
102 111
102 112
102 115
102 116
102 120
102 122
102 126
102 127
102 128
102 129
102 130
102 131
102 133
102 135
102 137
102 138
102 139
102 141
102 143
102 145
102 146
102 149
102 150
102 154
102 155
102 156
102 157
102 160
102 161
102 162
102 163
102 165
102 167
102 171
102 172
102 173
102 174
102 175
102 179
102 182
102 183
102 184
102 186
102 187
102 188
102 189
102 190
102 195
102 196
102 197
102 199
103 105
103 110
103 113
103 114
103 115
103 116
103 119
103 121
103 122
103 124
103 125
103 129
103 130
103 135
103 136
103 137
103 139
103 141
103 143
103 145
103 147
103 148
103 149
103 150
103 151
103 153
103 154
103 155
103 156
103 159
103 160
103 163
103 164
103 167
103 169
103 170
103 173
103 177
103 180
103 182
103 183
103 184
103 191
103 193
103 195
103 198
103 199
104 106
104 108
104 109
104 110
104 111
104 112
104 113
104 114
104 117
104 120
104 124
104 125
104 126
104 127
104 128
104 130
104 135
104 136
104 138
104 139
104 141
104 143
104 146
104 148
104 154
104 157
104 158
104 159
104 162
104 164
104 165
104 166
104 167
104 169
104 171
104 172
104 173
104 175
104 176
104 177
104 178
104 179
104 180
104 181
104 182
104 185
104 188
104 197
104 199
105 109
105 110
105 111
105 112
105 113
105 114
105 118
105 124
105 125
105 126
105 128
105 130
105 132
105 136
105 137
105 138
105 141
105 142
105 144
105 145
105 146
105 147
105 149
105 150
105 151
105 152
105 153
105 156
105 157
105 158
105 161
105 162
105 165
105 166
105 169
105 170
105 171
105 172
105 173
105 174
105 176
105 179
105 180
105 183
105 184
105 189
105 190
105 194
105 196
105 197
105 198
106 107
106 108
106 109
106 110
106 114
106 116
106 118
106 119
106 121
106 122
106 125
106 126
106 127
106 129
106 130
106 133
106 135
106 137
106 138
106 139
106 142
106 143
106 145
106 146
106 147
106 148
106 152
106 153
106 154
106 156
106 157
106 158
106 159
106 161
106 162
106 165
106 167
106 168
106 169
106 170
106 171
106 173
106 174
106 176
106 177
106 178
106 182
106 183
106 186
106 191
106 193
106 194
106 195
106 198
107 111
107 112
107 114
107 115
107 118
107 120
107 121
107 122
107 125
107 128
107 129
107 130
107 131
107 133
107 134
107 137
107 138
107 139
107 140
107 142
107 148
107 149
107 150
107 152
107 154
107 156
107 157
107 158
107 162
107 166
107 168
107 169
107 170
107 173
107 176
107 179
107 180
107 190
107 194
107 197
107 198
107 199
108 109
108 110
108 112
108 115
108 120
108 121
108 122
108 129
108 130
108 131
108 133
108 134
108 138
108 141
108 145
108 147
108 149
108 150
108 151
108 152
108 154
108 156
108 158
108 161
108 163
108 166
108 170
108 172
108 173
108 175
108 178
108 179
108 180
108 181
108 183
108 184
108 186
108 192
108 193
108 195
108 196
108 199
109 110
109 111
109 113
109 116
109 117
109 119
109 120
109 122
109 125
109 126
109 127
109 131
109 134
109 135
109 137
109 140
109 142
109 145
109 146
109 148
109 149
109 151
109 152
109 155
109 156
109 159
109 163
109 164
109 165
109 171
109 172
109 173
109 174
109 179
109 182
109 187
109 188
109 189
109 190
109 192
109 193
109 195
109 197
109 198
110 112
110 113
110 114
110 117
110 118
110 119
110 120
110 121
110 122
110 123
110 124
110 127
110 128
110 129
110 132
110 133
110 134
110 135
110 137
110 138
110 139
110 141
110 142
110 146
110 147
110 150
110 155
110 156
110 157
110 158
110 161
110 162
110 164
110 165
110 167
110 168
110 169
110 170
110 171
110 174
110 176
110 177
110 178
110 179
110 181
110 182
110 184
110 185
110 190
110 192
110 196
110 197
110 199
111 113
111 114
111 115
111 116
111 117
111 118
111 120
111 121
111 123
111 126
111 127
111 130
111 131
111 132
111 134
111 135
111 138
111 140
111 141
111 143
111 146
111 148
111 152
111 154
111 155
111 157
111 158
111 160
111 162
111 163
111 164
111 165
111 168
111 169
111 170
111 171
111 172
111 173
111 175
111 179
111 180
111 182
111 183
111 186
111 188
111 190
111 191
111 193
111 197
111 198
112 113
112 114
112 116
112 119
112 120
112 123
112 127
112 128
112 129
112 130
112 131
112 133
112 134
112 135
112 136
112 140
112 142
112 147
112 148
112 149
112 154
112 155
112 157
112 158
112 165
112 167
112 169
112 170
112 171
112 173
112 174
112 175
112 176
112 177
112 178
112 181
112 183
112 185
112 186
112 187
112 188
112 189
112 190
112 192
112 194
112 195
112 196
112 198
113 116
113 117
113 119
113 120
113 121
113 123
113 125
113 127
113 130
113 131
113 132
113 133
113 136
113 137
113 138
113 139
113 142
113 143
113 144
113 145
113 146
113 147
113 148
113 150
113 154
113 155
113 158
113 160
113 161
113 163
113 166
113 175
113 177
113 178
113 179
113 182
113 183
113 184
113 186
113 188
113 192
113 194
113 195
113 196
113 197
113 199
114 117
114 120
114 121
114 123
114 125
114 129
114 130
114 132
114 133
114 140
114 142
114 143
114 144
114 146
114 149
114 150
114 155
114 157
114 159
114 162
114 164
114 165
114 168
114 169
114 171
114 172
114 173
114 175
114 177
114 178
114 180
114 181
114 183
114 184
114 187
114 190
114 191
114 194
114 196
115 117
115 118
115 120
115 124
115 126
115 127
115 132
115 133
115 134
115 136
115 138
115 140
115 142
115 145
115 146
115 152
115 157
115 161
115 164
115 165
115 169
115 170
115 171
115 175
115 176
115 177
115 178
115 179
115 180
115 182
115 183
115 185
115 186
115 188
115 190
115 193
115 196
116 123
116 125
116 127
116 129
116 133
116 135
116 138
116 139
116 140
116 142
116 143
116 146
116 151
116 152
116 153
116 155
116 157
116 160
116 161
116 165
116 172
116 173
116 176
116 177
116 179
116 181
116 183
116 184
116 185
116 190
116 193
116 194
116 196
116 197
117 120
117 121
117 124
117 125
117 126
117 127
117 128
117 129
117 132
117 134
117 135
117 138
117 139
117 140
117 143
117 145
117 147
117 149
117 157
117 158
117 159
117 160
117 163
117 165
117 166
117 173
117 174
117 175
117 177
117 178
117 185
117 187
117 190
117 191
117 196
117 197
118 119
118 120
118 122
118 123
118 124
118 126
118 127
118 128
118 129
118 130
118 131
118 132
118 133
118 134
118 135
118 136
118 138
118 139
118 140
118 141
118 142
118 146
118 149
118 154
118 161
118 166
118 167
118 168
118 173
118 174
118 176
118 179
118 180
118 181
118 182
118 184
118 187
118 192
118 194
118 197
118 199
119 120
119 121
119 123
119 125
119 129
119 131
119 133
119 134
119 135
119 139
119 143
119 146
119 151
119 154
119 155
119 156
119 158
119 161
119 165
119 167
119 168
119 169
119 170
119 171
119 179
119 180
119 181
119 182
119 186
119 188
119 189
119 192
119 194
119 198
120 121
120 122
120 124
120 126
120 127
120 128
120 129
120 130
120 134
120 136
120 137
120 138
120 139
120 140
120 141
120 146
120 150
120 151
120 153
120 155
120 157
120 158
120 159
120 160
120 164
120 166
120 167
120 168
120 172
120 173
120 175
120 176
120 178
120 179
120 180
120 182
120 184
120 185
120 186
120 188
120 189
120 191
120 199
121 122
121 123
121 132
121 133
121 135
121 136
121 137
121 140
121 143
121 145
121 148
121 149
121 150
121 151
121 153
121 154
121 155
121 156
121 157
121 160
121 161
121 163
121 165
121 167
121 168
121 171
121 172
121 173
121 176
121 177
121 182
121 183
121 187
121 188
121 189
121 190
121 191
121 192
121 196
122 126
122 127
122 128
122 129
122 130
122 135
122 137
122 138
122 144
122 146
122 147
122 149
122 150
122 152
122 153
122 155
122 156
122 157
122 161
122 164
122 165
122 167
122 168
122 170
122 175
122 176
122 177
122 178
122 180
122 182
122 185
122 187
122 188
122 189
122 194
122 195
122 199
123 125
123 128
123 129
123 130
123 133
123 134
123 135
123 136
123 137
123 140
123 141
123 144
123 145
123 153
123 154
123 155
123 157
123 159
123 160
123 162
123 163
123 173
123 176
123 178
123 180
123 181
123 182
123 184
123 186
123 189
123 192
123 193
123 194
123 197
123 198
124 125
124 126
124 127
124 136
124 140
124 143
124 144
124 145
124 146
124 150
124 153
124 155
124 156
124 157
124 158
124 161
124 164
124 165
124 167
124 169
124 170
124 171
124 173
124 175
124 178
124 183
124 184
124 187
124 188
124 189
124 190
124 191
124 192
124 195
124 198
124 199
125 126
125 128
125 129
125 131
125 133
125 134
125 136
125 137
125 138
125 142
125 143
125 146
125 147
125 148
125 149
125 155
125 156
125 157
125 158
125 160
125 164
125 165
125 166
125 167
125 171
125 172
125 173
125 175
125 176
125 178
125 181
125 188
125 190
125 192
125 193
125 196
125 199
126 127
126 128
126 130
126 135
126 136
126 138
126 139
126 140
126 141
126 142
126 145
126 146
126 147
126 148
126 149
126 151
126 154
126 156
126 158
126 159
126 162
126 165
126 166
126 175
126 179
126 181
126 183
126 184
126 186
126 188
126 190
126 191
126 192
126 193
126 194
126 198
127 131
127 132
127 136
127 139
127 140
127 141
127 144
127 147
127 150
127 151
127 152
127 154
127 155
127 161
127 165
127 166
127 168
127 169
127 170
127 172
127 179
127 180
127 184
127 186
127 187
127 189
127 190
127 192
127 199
128 131
128 132
128 134
128 136
128 138
128 141
128 142
128 145
128 147
128 148
128 155
128 156
128 157
128 159
128 161
128 162
128 164
128 165
128 167
128 168
128 169
128 170
128 171
128 172
128 174
128 177
128 178
128 182
128 183
128 184
128 185
128 186
128 187
128 188
128 190
128 191
128 192
128 194
128 196
128 197
128 198
128 199
129 131
129 132
129 135
129 136
129 137
129 141
129 143
129 145
129 146
129 147
129 148
129 149
129 153
129 156
129 157
129 162
129 163
129 172
129 174
129 175
129 179
129 182
129 186
129 187
129 189
129 192
129 195
129 196
129 198
129 199
130 132
130 133
130 135
130 139
130 141
130 144
130 145
130 146
130 147
130 148
130 149
130 150
130 151
130 152
130 153
130 154
130 155
130 160
130 161
130 162
130 163
130 164
130 165
130 166
130 167
130 169
130 170
130 172
130 173
130 174
130 175
130 176
130 177
130 178
130 179
130 181
130 183
130 185
130 187
130 188
130 189
130 191
130 192
130 197
130 198
130 199
131 133
131 135
131 136
131 137
131 138
131 140
131 141
131 147
131 149
131 151
131 153
131 157
131 160
131 161
131 174
131 175
131 176
131 177
131 178
131 179
131 180
131 184
131 187
131 190
131 192
131 198
132 133
132 134
132 135
132 137
132 138
132 142
132 144
132 145
132 147
132 151
132 152
132 153
132 157
132 158
132 159
132 161
132 162
132 163
132 164
132 165
132 167
132 171
132 172
132 173
132 174
132 175
132 176
132 177
132 179
132 181
132 182
132 186
132 187
132 189
132 191
132 192
132 194
132 195
132 196
132 197
132 198
133 134
133 135
133 136
133 145
133 148
133 149
133 153
133 154
133 155
133 160
133 161
133 163
133 165
133 168
133 171
133 172
133 178
133 179
133 181
133 183
133 184
133 185
133 186
133 191
133 192
133 193
133 194
133 195
133 197
133 198
134 135
134 136
134 139
134 140
134 141
134 143
134 144
134 145
134 146
134 147
134 149
134 153
134 154
134 155
134 156
134 159
134 160
134 162
134 168
134 170
134 171
134 172
134 176
134 177
134 178
134 187
134 189
134 190
134 191
134 194
134 196
134 198
135 136
135 138
135 139
135 141
135 144
135 146
135 150
135 152
135 153
135 155
135 156
135 159
135 162
135 165
135 169
135 170
135 171
135 172
135 173
135 174
135 176
135 178
135 179
135 180
135 182
135 185
135 187
135 188
135 189
135 190
135 197
135 198
135 199
136 137
136 138
136 140
136 141
136 144
136 145
136 146
136 149
136 150
136 151
136 156
136 158
136 162
136 163
136 166
136 168
136 169
136 170
136 175
136 176
136 177
136 178
136 180
136 182
136 183
136 187
136 189
136 190
136 191
136 193
136 198
137 139
137 141
137 146
137 148
137 150
137 151
137 153
137 154
137 156
137 157
137 158
137 160
137 164
137 165
137 167
137 169
137 170
137 171
137 174
137 178
137 183
137 184
137 185
137 186
137 187
137 188
137 190
137 196
137 199
138 141
138 142
138 144
138 146
138 147
138 149
138 150
138 151
138 154
138 155
138 156
138 160
138 167
138 168
138 169
138 170
138 171
138 172
138 174
138 177
138 178
138 183
138 186
138 188
138 190
138 191
138 192
138 194
138 195
138 196
138 197
138 199
139 140
139 144
139 145
139 150
139 151
139 153
139 160
139 164
139 167
139 174
139 177
139 179
139 180
139 182
139 183
139 185
139 186
139 187
139 190
139 192
139 193
139 194
139 195
139 199
140 143
140 144
140 145
140 147
140 149
140 152
140 154
140 155
140 157
140 158
140 161
140 162
140 163
140 167
140 170
140 171
140 173
140 174
140 178
140 180
140 181
140 182
140 186
140 187
140 190
140 192
140 193
140 195
140 197
141 144
141 147
141 150
141 151
141 155
141 158
141 159
141 160
141 161
141 163
141 165
141 166
141 167
141 168
141 171
141 173
141 174
141 175
141 177
141 178
141 180
141 183
141 184
141 185
141 186
141 188
141 189
141 190
141 191
141 193
141 194
141 197
142 143
142 146
142 147
142 148
142 149
142 150
142 153
142 154
142 155
142 156
142 157
142 163
142 165
142 166
142 167
142 168
142 169
142 170
142 172
142 173
142 176
142 179
142 180
142 181
142 184
142 185
142 186
142 188
142 192
142 194
142 195
142 196
143 144
143 145
143 148
143 149
143 151
143 153
143 154
143 155
143 158
143 159
143 160
143 161
143 164
143 165
143 167
143 168
143 170
143 173
143 177
143 179
143 182
143 183
143 184
143 186
143 191
143 193
143 194
143 195
143 198
144 146
144 148
144 149
144 150
144 151
144 152
144 153
144 154
144 156
144 157
144 158
144 159
144 160
144 162
144 164
144 165
144 170
144 171
144 173
144 174
144 175
144 178
144 180
144 189
144 190
144 192
144 194
144 195
144 196
144 197
144 199
145 148
145 149
145 151
145 154
145 155
145 157
145 158
145 164
145 167
145 168
145 170
145 172
145 174
145 177
145 178
145 179
145 181
145 182
145 183
145 188
145 189
145 192
145 193
145 194
145 197
145 198
145 199
146 147
146 154
146 155
146 157
146 158
146 161
146 164
146 165
146 167
146 169
146 173
146 174
146 175
146 176
146 180
146 181
146 182
146 185
146 193
146 194
146 195
146 197
146 198
146 199
147 157
147 162
147 163
147 164
147 169
147 171
147 174
147 175
147 176
147 177
147 181
147 183
147 185
147 186
147 191
147 193
147 194
147 195
147 198
148 149
148 150
148 153
148 157
148 159
148 160
148 161
148 162
148 164
148 166
148 168
148 170
148 171
148 172
148 174
148 178
148 182
148 184
148 185
148 186
148 187
148 189
148 191
148 192
148 195
148 196
148 197
148 199
149 150
149 152
149 155
149 159
149 160
149 161
149 163
149 165
149 167
149 169
149 174
149 177
149 179
149 182
149 184
149 188
149 190
149 193
149 195
149 196
149 197
149 199
150 151
150 153
150 155
150 156
150 157
150 159
150 160
150 162
150 163
150 164
150 168
150 169
150 170
150 171
150 173
150 174
150 175
150 183
150 190
150 191
150 194
150 197
151 153
151 155
151 164
151 165
151 167
151 169
151 172
151 174
151 176
151 177
151 178
151 181
151 182
151 185
151 187
151 188
151 189
151 190
151 191
151 193
151 194
151 195
152 153
152 154
152 156
152 157
152 159
152 160
152 161
152 163
152 164
152 172
152 175
152 176
152 182
152 184
152 188
152 189
152 192
152 193
152 194
152 196
152 197
153 155
153 156
153 157
153 166
153 168
153 170
153 175
153 178
153 180
153 181
153 182
153 183
153 184
153 186
153 187
153 189
153 191
153 192
153 197
154 156
154 157
154 160
154 164
154 165
154 166
154 167
154 168
154 169
154 171
154 172
154 177
154 182
154 184
154 185
154 186
154 188
154 191
154 192
154 193
154 194
154 195
154 198
154 199
155 156
155 159
155 162
155 163
155 165
155 167
155 168
155 169
155 171
155 173
155 175
155 176
155 181
155 186
155 193
155 196
155 198
155 199
156 161
156 162
156 166
156 168
156 169
156 171
156 172
156 173
156 176
156 182
156 184
156 190
156 191
156 194
156 196
156 197
156 199
157 158
157 159
157 161
157 163
157 165
157 168
157 170
157 171
157 174
157 175
157 178
157 179
157 183
157 186
157 187
157 188
157 189
157 192
157 194
157 199
158 160
158 161
158 162
158 164
158 165
158 166
158 167
158 169
158 170
158 171
158 175
158 176
158 179
158 180
158 181
158 184
158 186
158 189
158 192
158 193
158 194
158 196
158 197
158 199
159 160
159 165
159 166
159 168
159 171
159 172
159 174
159 175
159 179
159 181
159 183
159 185
159 187
159 188
159 189
159 190
159 191
159 192
159 193
159 194
159 197
159 199
160 164
160 165
160 166
160 167
160 175
160 177
160 180
160 182
160 184
160 185
160 187
160 190
160 192
160 194
160 195
160 196
160 197
161 162
161 164
161 166
161 168
161 170
161 172
161 174
161 178
161 179
161 181
161 182
161 183
161 184
161 185
161 186
161 189
161 190
161 191
161 193
161 194
161 196
162 167
162 168
162 171
162 172
162 174
162 175
162 178
162 180
162 181
162 183
162 184
162 185
162 186
162 198
163 164
163 168
163 169
163 170
163 172
163 173
163 174
163 176
163 178
163 181
163 185
163 186
163 187
163 188
163 190
163 191
163 192
163 195
163 196
163 198
163 199
164 169
164 175
164 178
164 179
164 182
164 184
164 186
164 192
164 193
164 197
164 198
164 199
165 168
165 169
165 170
165 172
165 173
165 174
165 175
165 176
165 178
165 180
165 181
165 183
165 184
165 185
165 187
165 188
165 189
165 193
165 194
165 195
165 196
165 197
165 198
165 199
166 167
166 168
166 169
166 170
166 171
166 172
166 173
166 176
166 180
166 182
166 184
166 185
166 186
166 190
166 191
166 193
166 196
166 199
167 169
167 172
167 174
167 176
167 180
167 182
167 183
167 186
167 187
167 189
167 190
167 192
167 193
168 172
168 173
168 176
168 184
168 185
168 186
168 187
168 188
168 189
168 192
168 193
168 194
168 195
168 196
168 197
168 199
169 170
169 177
169 179
169 181
169 186
169 187
169 188
169 192
169 195
169 196
170 172
170 174
170 175
170 176
170 177
170 182
170 188
170 191
170 193
170 195
171 172
171 173
171 174
171 175
171 176
171 177
171 179
171 181
171 182
171 186
171 188
171 190
171 194
171 195
172 174
172 177
172 183
172 187
172 189
172 193
172 195
172 198
172 199
173 178
173 179
173 180
173 183
173 185
173 189
173 190
173 194
173 195
173 196
173 199
174 176
174 178
174 179
174 180
174 182
174 186
174 190
174 192
174 193
174 195
174 196
174 198
174 199
175 176
175 178
175 179
175 180
175 181
175 182
175 186
175 187
175 196
175 197
176 178
176 180
176 181
176 185
176 186
176 187
176 188
176 189
176 192
176 194
176 195
177 179
177 180
177 183
177 185
177 186
177 188
177 191
178 179
178 182
178 185
178 186
178 187
178 188
178 189
178 190
178 192
178 195
178 196
178 199
179 182
179 183
179 184
179 186
179 188
179 189
179 190
179 193
179 197
180 184
180 186
180 188
180 191
180 192
180 194
180 198
181 182
181 183
181 184
181 187
181 189
181 190
181 191
181 192
181 195
181 196
181 197
181 199
182 185
182 188
182 192
182 195
182 196
182 197
183 184
183 187
183 188
183 189
183 191
183 193
183 194
183 195
184 189
184 190
184 191
184 193
184 194
184 195
184 196
184 198
184 199
185 190
185 191
185 194
185 197
185 199
186 190
186 191
186 192
186 197
186 198
187 189
187 191
187 192
187 195
187 196
187 197
188 190
188 191
188 193
188 194
188 195
188 197
189 195
189 197
189 199
190 191
190 192
190 194
190 195
190 198
190 199
191 192
191 194
191 195
192 195
192 196
192 198
193 194
193 196
193 197
193 199
194 197
194 198
194 199
195 196
195 198
195 199
196 197
197 199
198 199
