350 12311
0 1
0 2
0 4
0 6
0 10
0 14
0 16
0 18
0 22
0 23
0 25
0 48
0 50
0 54
0 57
0 61
0 62
0 64
0 76
0 80
0 81
0 82
0 88
0 89
0 91
0 93
0 95
0 112
0 114
0 117
0 122
0 128
0 129
0 138
0 142
0 154
0 155
0 156
0 159
0 161
0 179
0 186
0 187
0 197
0 199
0 203
0 207
0 212
0 214
0 228
0 229
0 233
0 235
0 250
0 252
0 257
0 258
0 267
0 271
0 273
0 277
0 283
0 286
0 288
0 290
0 293
0 299
0 300
0 304
0 306
0 315
0 316
0 319
0 323
0 328
0 333
0 336
0 337
0 340
0 342
0 343
0 344
0 348
0 349
1 3
1 12
1 13
1 18
1 19
1 22
1 39
1 43
1 47
1 50
1 52
1 59
1 60
1 67
1 72
1 73
1 75
1 80
1 90
1 91
1 92
1 100
1 101
1 105
1 107
1 109
1 112
1 113
1 119
1 124
1 125
1 133
1 137
1 139
1 147
1 148
1 151
1 153
1 155
1 162
1 166
1 167
1 168
1 170
1 177
1 185
1 204
1 210
1 211
1 213
1 238
1 240
1 242
1 245
1 249
1 252
1 253
1 267
1 268
1 280
1 281
1 289
1 293
1 295
1 298
1 302
1 303
1 311
1 315
1 323
1 324
1 331
1 333
1 336
1 340
2 6
2 14
2 17
2 24
2 31
2 36
2 38
2 41
2 42
2 44
2 48
2 54
2 59
2 60
2 63
2 64
2 67
2 70
2 72
2 76
2 78
2 88
2 96
2 100
2 102
2 103
2 113
2 120
2 122
2 125
2 132
2 147
2 148
2 153
2 154
2 158
2 171
2 176
2 185
2 186
2 187
2 192
2 194
2 203
2 208
2 215
2 219
2 226
2 227
2 228
2 230
2 239
2 242
2 251
2 252
2 256
2 258
2 268
2 269
2 285
2 287
2 288
2 299
2 301
2 306
2 331
2 337
2 338
2 340
2 341
2 343
2 345
2 347
2 349
3 4
3 7
3 8
3 20
3 24
3 26
3 30
3 38
3 39
3 52
3 54
3 55
3 61
3 66
3 74
3 84
3 86
3 99
3 103
3 117
3 119
3 121
3 128
3 139
3 149
3 154
3 155
3 156
3 162
3 164
3 167
3 171
3 179
3 185
3 187
3 189
3 190
3 196
3 197
3 204
3 207
3 217
3 222
3 228
3 229
3 254
3 261
3 265
3 266
3 270
3 288
3 290
3 292
3 299
3 306
3 307
3 308
3 313
3 319
3 330
3 333
3 336
3 346
3 349
4 34
4 35
4 37
4 40
4 50
4 55
4 57
4 62
4 67
4 68
4 74
4 77
4 79
4 80
4 85
4 88
4 91
4 94
4 96
4 101
4 115
4 121
4 123
4 136
4 139
4 148
4 150
4 154
4 155
4 159
4 162
4 171
4 173
4 178
4 179
4 182
4 184
4 187
4 191
4 193
4 202
4 204
4 207
4 209
4 210
4 228
4 230
4 232
4 233
4 236
4 240
4 243
4 261
4 262
4 268
4 278
4 280
4 281
4 283
4 288
4 306
4 309
4 321
4 331
4 333
4 334
4 337
4 340
4 341
4 344
4 346
4 347
5 6
5 11
5 18
5 25
5 28
5 29
5 36
5 37
5 40
5 66
5 68
5 69
5 74
5 76
5 86
5 87
5 89
5 91
5 92
5 94
5 98
5 105
5 106
5 107
5 110
5 112
5 122
5 134
5 135
5 137
5 139
5 153
5 157
5 164
5 169
5 172
5 183
5 185
5 197
5 205
5 208
5 217
5 225
5 228
5 229
5 230
5 231
5 244
5 250
5 262
5 270
5 278
5 286
5 288
5 292
5 297
5 298
5 299
5 302
5 305
5 314
5 323
5 328
5 332
5 339
5 344
6 7
6 9
6 13
6 21
6 27
6 31
6 35
6 37
6 50
6 51
6 53
6 54
6 60
6 64
6 65
6 69
6 72
6 73
6 76
6 83
6 90
6 93
6 100
6 101
6 105
6 108
6 111
6 113
6 122
6 123
6 124
6 126
6 129
6 134
6 138
6 142
6 153
6 154
6 157
6 168
6 172
6 177
6 190
6 194
6 196
6 197
6 198
6 202
6 210
6 211
6 216
6 219
6 223
6 226
6 230
6 233
6 238
6 241
6 242
6 252
6 259
6 262
6 269
6 272
6 273
6 275
6 276
6 277
6 278
6 279
6 282
6 287
6 289
6 290
6 301
6 302
6 305
6 309
6 311
6 312
6 315
6 316
6 317
6 333
6 342
6 343
6 349
7 10
7 19
7 23
7 28
7 39
7 40
7 49
7 52
7 69
7 72
7 76
7 78
7 80
7 86
7 87
7 96
7 102
7 112
7 117
7 125
7 128
7 129
7 137
7 139
7 141
7 146
7 147
7 148
7 154
7 156
7 169
7 183
7 189
7 190
7 193
7 194
7 196
7 209
7 213
7 218
7 228
7 232
7 239
7 240
7 258
7 259
7 261
7 268
7 269
7 276
7 284
7 285
7 289
7 300
7 302
7 304
7 307
7 311
7 315
7 320
7 323
7 325
7 329
7 337
7 338
7 344
7 348
7 349
8 18
8 20
8 23
8 27
8 29
8 33
8 35
8 37
8 39
8 40
8 48
8 55
8 61
8 76
8 94
8 96
8 101
8 104
8 114
8 129
8 133
8 136
8 148
8 149
8 151
8 152
8 153
8 157
8 162
8 166
8 167
8 172
8 186
8 187
8 188
8 189
8 193
8 194
8 197
8 199
8 202
8 203
8 215
8 219
8 232
8 234
8 236
8 237
8 247
8 250
8 255
8 256
8 258
8 260
8 274
8 280
8 281
8 290
8 309
8 318
8 337
8 339
8 341
8 344
8 347
8 349
9 11
9 13
9 18
9 23
9 39
9 44
9 49
9 54
9 58
9 61
9 73
9 78
9 86
9 92
9 102
9 106
9 112
9 126
9 127
9 128
9 135
9 141
9 147
9 150
9 161
9 168
9 179
9 180
9 186
9 187
9 191
9 205
9 208
9 209
9 214
9 219
9 222
9 224
9 225
9 233
9 234
9 241
9 246
9 247
9 251
9 254
9 257
9 258
9 264
9 265
9 270
9 277
9 285
9 288
9 294
9 295
9 297
9 299
9 301
9 304
9 309
9 315
9 316
9 322
9 325
9 335
9 341
9 343
9 344
10 11
10 14
10 26
10 29
10 30
10 42
10 45
10 60
10 61
10 80
10 81
10 90
10 92
10 97
10 102
10 109
10 131
10 134
10 136
10 140
10 146
10 150
10 162
10 169
10 170
10 171
10 174
10 181
10 182
10 186
10 190
10 195
10 196
10 200
10 211
10 222
10 226
10 234
10 235
10 238
10 241
10 269
10 278
10 281
10 294
10 306
10 313
10 319
10 324
10 331
10 333
10 334
10 335
10 342
10 344
10 349
11 15
11 21
11 22
11 32
11 39
11 41
11 49
11 51
11 54
11 55
11 63
11 64
11 72
11 89
11 92
11 98
11 100
11 105
11 106
11 111
11 125
11 129
11 131
11 134
11 140
11 143
11 145
11 147
11 148
11 153
11 159
11 174
11 184
11 187
11 191
11 196
11 198
11 200
11 203
11 217
11 218
11 225
11 227
11 237
11 240
11 243
11 259
11 261
11 266
11 283
11 285
11 292
11 297
11 301
11 309
11 310
11 313
11 324
11 326
11 334
11 337
11 338
11 344
11 347
11 348
12 14
12 17
12 21
12 27
12 31
12 42
12 48
12 57
12 71
12 83
12 85
12 86
12 90
12 96
12 103
12 104
12 113
12 118
12 119
12 121
12 130
12 135
12 139
12 141
12 143
12 146
12 154
12 157
12 159
12 160
12 163
12 168
12 169
12 181
12 182
12 184
12 192
12 193
12 195
12 203
12 208
12 221
12 226
12 227
12 230
12 233
12 239
12 245
12 246
12 247
12 255
12 256
12 261
12 280
12 281
12 286
12 287
12 288
12 293
12 298
12 304
12 315
12 317
12 321
12 339
12 341
12 347
13 23
13 30
13 33
13 47
13 48
13 67
13 76
13 82
13 87
13 93
13 94
13 99
13 106
13 108
13 117
13 118
13 119
13 126
13 127
13 129
13 130
13 135
13 147
13 148
13 152
13 160
13 169
13 172
13 177
13 187
13 193
13 196
13 198
13 200
13 207
13 208
13 212
13 226
13 231
13 244
13 246
13 251
13 258
13 263
13 267
13 269
13 275
13 277
13 283
13 285
13 299
13 314
13 315
13 316
13 317
13 331
13 333
13 340
13 346
14 18
14 19
14 28
14 32
14 38
14 44
14 48
14 50
14 58
14 59
14 70
14 71
14 75
14 77
14 89
14 96
14 112
14 123
14 127
14 128
14 131
14 136
14 144
14 150
14 158
14 170
14 178
14 182
14 186
14 191
14 196
14 198
14 204
14 207
14 214
14 215
14 225
14 227
14 228
14 240
14 244
14 245
14 253
14 256
14 263
14 269
14 272
14 275
14 279
14 281
14 285
14 292
14 293
14 295
14 296
14 297
14 304
14 305
14 309
14 319
14 324
14 325
14 329
14 341
14 344
14 349
15 18
15 25
15 30
15 31
15 40
15 46
15 63
15 65
15 73
15 83
15 84
15 87
15 89
15 102
15 103
15 104
15 107
15 112
15 115
15 122
15 128
15 136
15 142
15 145
15 150
15 158
15 159
15 164
15 173
15 190
15 192
15 202
15 212
15 213
15 214
15 215
15 220
15 223
15 224
15 235
15 238
15 241
15 242
15 244
15 247
15 259
15 263
15 264
15 268
15 274
15 276
15 280
15 285
15 289
15 297
15 298
15 307
15 320
15 322
15 325
15 328
15 329
15 330
15 335
15 341
15 348
15 349
16 28
16 36
16 38
16 41
16 45
16 51
16 60
16 64
16 66
16 72
16 75
16 79
16 80
16 82
16 85
16 86
16 90
16 91
16 93
16 106
16 116
16 122
16 125
16 130
16 146
16 147
16 151
16 166
16 183
16 190
16 193
16 194
16 200
16 205
16 206
16 209
16 215
16 216
16 223
16 229
16 234
16 253
16 262
16 264
16 282
16 289
16 290
16 292
16 300
16 303
16 305
16 307
16 308
16 311
16 319
16 333
16 337
16 339
16 342
16 345
16 347
17 24
17 36
17 41
17 44
17 53
17 55
17 60
17 62
17 77
17 105
17 116
17 118
17 126
17 137
17 144
17 152
17 158
17 161
17 162
17 168
17 171
17 179
17 180
17 199
17 200
17 207
17 222
17 228
17 230
17 231
17 235
17 254
17 256
17 263
17 266
17 273
17 276
17 281
17 291
17 294
17 295
17 297
17 301
17 312
17 313
17 315
17 317
17 320
17 331
17 333
17 342
17 343
18 22
18 26
18 30
18 32
18 36
18 37
18 41
18 42
18 43
18 48
18 51
18 55
18 70
18 73
18 75
18 78
18 80
18 81
18 88
18 94
18 98
18 104
18 110
18 114
18 116
18 117
18 124
18 126
18 127
18 130
18 141
18 144
18 153
18 154
18 159
18 163
18 167
18 169
18 180
18 192
18 209
18 215
18 216
18 218
18 222
18 223
18 228
18 231
18 249
18 255
18 258
18 261
18 270
18 271
18 274
18 285
18 286
18 297
18 300
18 303
18 306
18 309
18 311
18 318
18 319
18 322
18 325
18 328
18 342
19 20
19 26
19 43
19 59
19 61
19 70
19 76
19 88
19 99
19 106
19 113
19 116
19 117
19 118
19 125
19 131
19 135
19 136
19 137
19 139
19 140
19 142
19 147
19 167
19 169
19 170
19 180
19 184
19 186
19 197
19 208
19 210
19 211
19 218
19 219
19 231
19 236
19 238
19 252
19 255
19 259
19 266
19 273
19 279
19 281
19 291
19 298
19 301
19 313
19 316
19 325
19 326
19 336
19 339
19 342
19 347
20 24
20 25
20 27
20 37
20 41
20 48
20 50
20 54
20 57
20 60
20 70
20 75
20 78
20 81
20 83
20 84
20 94
20 99
20 101
20 105
20 109
20 111
20 112
20 117
20 121
20 126
20 127
20 131
20 143
20 146
20 147
20 148
20 154
20 155
20 156
20 157
20 162
20 163
20 164
20 165
20 169
20 185
20 192
20 194
20 198
20 201
20 202
20 209
20 218
20 220
20 225
20 229
20 242
20 251
20 254
20 255
20 257
20 267
20 280
20 281
20 283
20 284
20 296
20 297
20 314
20 319
20 332
20 333
20 345
21 29
21 33
21 38
21 46
21 51
21 53
21 54
21 62
21 64
21 69
21 93
21 96
21 97
21 101
21 102
21 104
21 105
21 108
21 112
21 113
21 115
21 116
21 118
21 119
21 120
21 127
21 132
21 137
21 141
21 149
21 151
21 154
21 164
21 168
21 176
21 177
21 182
21 183
21 184
21 189
21 191
21 204
21 213
21 219
21 220
21 223
21 224
21 236
21 237
21 243
21 255
21 261
21 263
21 265
21 267
21 271
21 275
21 277
21 282
21 294
21 299
21 301
21 302
21 316
21 318
21 320
21 331
21 335
21 339
21 342
21 343
21 346
22 29
22 34
22 44
22 48
22 50
22 55
22 61
22 67
22 70
22 74
22 78
22 85
22 92
22 95
22 96
22 101
22 104
22 108
22 113
22 120
22 122
22 129
22 131
22 147
22 149
22 152
22 162
22 166
22 168
22 169
22 170
22 171
22 173
22 177
22 183
22 188
22 195
22 196
22 199
22 204
22 206
22 207
22 213
22 218
22 221
22 227
22 234
22 239
22 241
22 243
22 244
22 246
22 250
22 254
22 260
22 264
22 266
22 273
22 278
22 279
22 290
22 315
22 320
22 340
22 341
22 342
22 348
22 349
23 36
23 45
23 57
23 61
23 76
23 83
23 85
23 92
23 96
23 97
23 107
23 110
23 112
23 113
23 116
23 117
23 122
23 132
23 139
23 140
23 141
23 143
23 151
23 162
23 164
23 180
23 181
23 182
23 184
23 189
23 197
23 201
23 204
23 220
23 226
23 231
23 237
23 249
23 251
23 257
23 259
23 262
23 273
23 276
23 284
23 286
23 288
23 293
23 294
23 303
23 306
23 308
23 313
23 314
23 322
23 326
23 329
23 334
23 337
23 338
23 345
23 348
24 33
24 41
24 43
24 47
24 54
24 57
24 74
24 82
24 83
24 84
24 85
24 91
24 97
24 101
24 102
24 105
24 109
24 116
24 119
24 124
24 126
24 136
24 137
24 139
24 156
24 162
24 166
24 167
24 170
24 182
24 183
24 184
24 185
24 186
24 188
24 189
24 194
24 199
24 201
24 203
24 207
24 209
24 210
24 215
24 219
24 233
24 237
24 239
24 246
24 250
24 251
24 254
24 256
24 260
24 261
24 264
24 267
24 269
24 271
24 274
24 279
24 289
24 299
24 300
24 307
24 314
24 318
24 335
24 336
24 337
24 345
25 27
25 34
25 40
25 42
25 46
25 50
25 51
25 52
25 53
25 57
25 67
25 69
25 70
25 75
25 85
25 86
25 87
25 95
25 99
25 101
25 102
25 117
25 119
25 126
25 130
25 132
25 153
25 154
25 155
25 157
25 158
25 162
25 164
25 169
25 171
25 178
25 182
25 183
25 189
25 192
25 197
25 198
25 199
25 205
25 207
25 211
25 213
25 220
25 222
25 230
25 233
25 239
25 240
25 243
25 246
25 248
25 250
25 252
25 257
25 270
25 273
25 276
25 279
25 281
25 282
25 285
25 293
25 297
25 302
25 309
25 314
25 328
25 338
25 347
26 36
26 43
26 46
26 54
26 59
26 60
26 61
26 62
26 66
26 68
26 71
26 79
26 83
26 85
26 93
26 96
26 108
26 113
26 115
26 116
26 121
26 131
26 141
26 156
26 160
26 163
26 170
26 171
26 176
26 178
26 181
26 185
26 193
26 196
26 197
26 201
26 206
26 212
26 221
26 222
26 224
26 235
26 237
26 250
26 253
26 254
26 255
26 259
26 261
26 265
26 275
26 277
26 295
26 300
26 301
26 302
26 311
26 314
26 316
26 318
26 327
26 329
26 331
26 336
26 341
26 342
26 346
26 349
27 33
27 36
27 42
27 44
27 47
27 51
27 52
27 63
27 65
27 70
27 80
27 93
27 96
27 97
27 103
27 105
27 111
27 119
27 121
27 128
27 135
27 139
27 141
27 148
27 150
27 162
27 170
27 171
27 189
27 197
27 200
27 210
27 219
27 225
27 227
27 232
27 233
27 245
27 251
27 252
27 260
27 271
27 284
27 291
27 294
27 304
27 311
27 314
27 316
27 318
27 322
27 323
27 324
27 333
27 338
27 344
28 30
28 35
28 37
28 41
28 42
28 43
28 48
28 51
28 53
28 56
28 69
28 70
28 72
28 73
28 77
28 80
28 81
28 84
28 85
28 99
28 101
28 103
28 109
28 110
28 111
28 113
28 117
28 118
28 119
28 122
28 134
28 140
28 141
28 143
28 144
28 149
28 156
28 169
28 178
28 180
28 182
28 189
28 193
28 194
28 196
28 200
28 204
28 208
28 235
28 241
28 242
28 243
28 246
28 251
28 252
28 258
28 259
28 278
28 279
28 300
28 303
28 309
28 326
28 329
28 330
28 333
28 336
28 338
28 340
28 347
29 35
29 36
29 37
29 42
29 43
29 44
29 46
29 54
29 74
29 80
29 82
29 92
29 102
29 103
29 109
29 131
29 133
29 135
29 140
29 148
29 152
29 157
29 163
29 164
29 166
29 170
29 172
29 176
29 186
29 193
29 202
29 230
29 239
29 246
29 256
29 257
29 259
29 263
29 269
29 270
29 277
29 280
29 289
29 292
29 293
29 301
29 307
29 308
29 313
29 322
29 329
29 335
29 340
29 346
29 349
30 40
30 43
30 46
30 50
30 51
30 62
30 66
30 69
30 70
30 75
30 76
30 79
30 81
30 84
30 88
30 94
30 105
30 107
30 109
30 113
30 115
30 116
30 119
30 122
30 124
30 126
30 131
30 140
30 148
30 149
30 151
30 162
30 163
30 178
30 179
30 180
30 189
30 196
30 197
30 207
30 208
30 217
30 220
30 221
30 229
30 230
30 231
30 234
30 235
30 238
30 243
30 248
30 251
30 257
30 263
30 264
30 271
30 273
30 277
30 288
30 291
30 292
30 297
30 305
30 306
30 310
30 313
30 314
30 318
30 319
30 327
30 329
30 331
30 334
30 345
31 32
31 53
31 68
31 70
31 71
31 76
31 79
31 93
31 95
31 96
31 103
31 113
31 115
31 116
31 118
31 120
31 122
31 127
31 134
31 149
31 151
31 161
31 163
31 172
31 174
31 177
31 184
31 192
31 193
31 196
31 197
31 201
31 205
31 207
31 211
31 214
31 216
31 221
31 223
31 230
31 233
31 239
31 247
31 248
31 254
31 265
31 266
31 269
31 277
31 278
31 279
31 287
31 292
31 303
31 305
31 320
31 322
31 323
31 324
31 330
31 337
31 339
31 341
31 342
31 348
32 33
32 49
32 50
32 53
32 56
32 60
32 66
32 70
32 71
32 72
32 75
32 76
32 85
32 86
32 89
32 90
32 92
32 93
32 96
32 105
32 106
32 108
32 110
32 120
32 122
32 125
32 127
32 128
32 133
32 144
32 148
32 150
32 152
32 157
32 158
32 163
32 164
32 166
32 170
32 172
32 173
32 180
32 185
32 186
32 190
32 193
32 214
32 216
32 217
32 219
32 225
32 229
32 235
32 238
32 239
32 243
32 245
32 252
32 263
32 265
32 268
32 269
32 279
32 285
32 289
32 291
32 294
32 298
32 307
32 308
32 311
32 312
32 320
32 324
32 327
32 349
33 34
33 35
33 36
33 44
33 45
33 47
33 48
33 54
33 68
33 69
33 73
33 78
33 80
33 85
33 88
33 89
33 101
33 105
33 107
33 110
33 119
33 122
33 124
33 133
33 150
33 151
33 162
33 167
33 174
33 183
33 187
33 190
33 200
33 212
33 214
33 219
33 221
33 224
33 226
33 228
33 234
33 238
33 240
33 243
33 245
33 252
33 263
33 265
33 269
33 273
33 275
33 278
33 291
33 305
33 307
33 309
33 314
33 322
33 327
33 334
33 335
33 342
33 345
34 41
34 43
34 53
34 56
34 60
34 65
34 66
34 67
34 71
34 75
34 76
34 79
34 86
34 97
34 99
34 101
34 102
34 104
34 111
34 114
34 116
34 124
34 129
34 134
34 155
34 157
34 159
34 161
34 164
34 165
34 174
34 179
34 182
34 187
34 189
34 191
34 193
34 195
34 196
34 204
34 205
34 207
34 209
34 214
34 222
34 223
34 242
34 247
34 248
34 250
34 260
34 264
34 267
34 272
34 281
34 286
34 287
34 293
34 296
34 298
34 321
34 327
34 329
34 333
34 341
34 342
35 37
35 38
35 39
35 42
35 43
35 45
35 48
35 49
35 51
35 54
35 61
35 67
35 68
35 69
35 70
35 75
35 78
35 81
35 87
35 91
35 94
35 96
35 103
35 111
35 112
35 113
35 119
35 123
35 125
35 126
35 129
35 132
35 134
35 135
35 137
35 138
35 142
35 158
35 165
35 167
35 176
35 178
35 182
35 196
35 209
35 213
35 218
35 223
35 226
35 227
35 239
35 248
35 262
35 279
35 299
35 304
35 315
35 321
35 332
35 334
35 338
35 339
35 342
35 344
36 42
36 43
36 59
36 67
36 70
36 75
36 76
36 78
36 80
36 81
36 88
36 89
36 90
36 94
36 95
36 96
36 118
36 130
36 131
36 132
36 143
36 144
36 151
36 153
36 155
36 162
36 163
36 164
36 167
36 170
36 171
36 176
36 178
36 180
36 182
36 187
36 189
36 191
36 199
36 201
36 205
36 216
36 228
36 232
36 237
36 245
36 248
36 250
36 255
36 259
36 261
36 262
36 265
36 271
36 278
36 282
36 283
36 289
36 292
36 294
36 296
36 298
36 300
36 301
36 302
36 309
36 315
36 320
36 321
36 330
36 331
36 340
36 342
36 343
36 347
37 38
37 41
37 48
37 49
37 50
37 67
37 68
37 76
37 88
37 98
37 101
37 110
37 113
37 121
37 126
37 135
37 139
37 151
37 167
37 168
37 169
37 172
37 175
37 177
37 181
37 182
37 184
37 186
37 188
37 189
37 190
37 193
37 196
37 205
37 207
37 221
37 225
37 231
37 245
37 255
37 258
37 263
37 269
37 270
37 271
37 274
37 276
37 283
37 286
37 292
37 293
37 294
37 295
37 300
37 303
37 304
37 316
37 318
37 324
37 334
37 338
37 340
37 347
38 39
38 44
38 46
38 48
38 51
38 58
38 60
38 62
38 63
38 66
38 70
38 75
38 84
38 85
38 86
38 91
38 93
38 99
38 100
38 107
38 109
38 113
38 118
38 123
38 127
38 140
38 148
38 149
38 151
38 160
38 161
38 206
38 209
38 215
38 239
38 241
38 248
38 249
38 261
38 267
38 268
38 276
38 278
38 283
38 306
38 309
38 310
38 312
38 318
38 319
38 323
38 325
38 327
38 330
38 331
38 333
38 336
38 347
39 49
39 50
39 57
39 58
39 65
39 75
39 78
39 80
39 97
39 105
39 108
39 119
39 131
39 132
39 146
39 150
39 152
39 153
39 163
39 168
39 172
39 181
39 188
39 202
39 205
39 222
39 223
39 227
39 234
39 248
39 250
39 263
39 287
39 289
39 298
39 299
39 306
39 316
39 325
39 326
39 332
39 342
39 343
39 344
39 346
39 349
40 41
40 43
40 46
40 51
40 56
40 59
40 62
40 66
40 67
40 78
40 79
40 84
40 90
40 95
40 110
40 117
40 121
40 124
40 125
40 133
40 135
40 141
40 149
40 152
40 156
40 158
40 165
40 175
40 176
40 182
40 183
40 187
40 189
40 201
40 208
40 211
40 222
40 223
40 225
40 228
40 230
40 234
40 249
40 262
40 266
40 271
40 272
40 279
40 283
40 284
40 286
40 287
40 298
40 300
40 302
40 304
40 309
40 312
40 322
40 326
40 328
40 339
41 43
41 54
41 60
41 66
41 67
41 79
41 85
41 87
41 89
41 100
41 107
41 128
41 139
41 146
41 157
41 160
41 161
41 164
41 169
41 172
41 173
41 174
41 176
41 179
41 180
41 185
41 187
41 189
41 190
41 194
41 201
41 212
41 214
41 236
41 261
41 264
41 268
41 269
41 271
41 272
41 278
41 282
41 291
41 298
41 304
41 305
41 316
41 318
41 325
41 329
41 337
41 338
42 48
42 60
42 61
42 66
42 69
42 79
42 88
42 89
42 99
42 100
42 102
42 105
42 110
42 113
42 114
42 115
42 116
42 118
42 120
42 121
42 123
42 126
42 127
42 135
42 143
42 163
42 164
42 165
42 170
42 177
42 179
42 184
42 187
42 188
42 189
42 195
42 201
42 204
42 215
42 217
42 221
42 225
42 232
42 241
42 244
42 248
42 255
42 257
42 258
42 264
42 267
42 269
42 276
42 277
42 279
42 282
42 284
42 285
42 287
42 288
42 294
42 295
42 296
42 299
42 301
42 311
42 333
42 341
42 344
43 48
43 70
43 72
43 75
43 76
43 80
43 82
43 88
43 89
43 96
43 105
43 118
43 119
43 129
43 138
43 142
43 144
43 147
43 154
43 156
43 160
43 168
43 170
43 189
43 194
43 197
43 199
43 208
43 214
43 216
43 218
43 220
43 221
43 222
43 237
43 238
43 240
43 247
43 267
43 268
43 275
43 285
43 286
43 287
43 289
43 292
43 299
43 305
43 313
43 330
43 344
43 349
44 47
44 48
44 56
44 61
44 69
44 70
44 74
44 76
44 82
44 86
44 89
44 98
44 99
44 105
44 110
44 114
44 115
44 116
44 118
44 124
44 136
44 137
44 140
44 149
44 154
44 159
44 163
44 166
44 168
44 169
44 172
44 173
44 174
44 181
44 189
44 190
44 191
44 194
44 196
44 198
44 201
44 206
44 207
44 211
44 221
44 223
44 227
44 238
44 242
44 244
44 247
44 250
44 260
44 261
44 270
44 271
44 289
44 293
44 296
44 315
44 318
44 319
44 323
44 327
44 329
44 338
44 339
44 341
44 343
44 347
44 349
45 46
45 50
45 53
45 58
45 61
45 63
45 70
45 71
45 97
45 102
45 105
45 113
45 121
45 122
45 124
45 129
45 133
45 134
45 151
45 156
45 165
45 166
45 174
45 178
45 179
45 188
45 193
45 199
45 200
45 203
45 208
45 210
45 216
45 218
45 222
45 226
45 237
45 239
45 240
45 244
45 245
45 251
45 259
45 265
45 274
45 278
45 279
45 285
45 290
45 294
45 303
45 308
45 318
45 321
45 325
45 330
45 335
45 338
45 340
45 345
45 346
45 348
46 55
46 66
46 71
46 73
46 74
46 76
46 80
46 81
46 88
46 90
46 91
46 92
46 98
46 99
46 100
46 102
46 106
46 118
46 119
46 120
46 128
46 132
46 143
46 148
46 167
46 174
46 187
46 198
46 199
46 202
46 207
46 209
46 211
46 213
46 227
46 228
46 229
46 234
46 237
46 243
46 244
46 247
46 256
46 258
46 259
46 261
46 267
46 271
46 273
46 281
46 282
46 289
46 292
46 293
46 297
46 303
46 311
46 313
46 316
46 317
46 319
46 327
46 328
46 332
46 337
46 338
46 348
47 48
47 59
47 64
47 69
47 70
47 86
47 88
47 91
47 96
47 118
47 119
47 123
47 126
47 128
47 132
47 134
47 136
47 139
47 140
47 160
47 165
47 166
47 168
47 187
47 199
47 205
47 206
47 207
47 212
47 216
47 220
47 224
47 226
47 228
47 229
47 234
47 238
47 239
47 244
47 252
47 255
47 256
47 257
47 258
47 266
47 267
47 269
47 274
47 275
47 277
47 278
47 294
47 296
47 300
47 301
47 305
47 306
47 315
47 318
47 319
47 324
47 325
47 330
47 331
48 54
48 57
48 67
48 68
48 76
48 78
48 79
48 87
48 91
48 93
48 95
48 97
48 105
48 112
48 115
48 133
48 137
48 138
48 140
48 142
48 145
48 152
48 161
48 164
48 177
48 181
48 184
48 188
48 193
48 200
48 203
48 205
48 210
48 216
48 225
48 229
48 231
48 242
48 246
48 255
48 260
48 262
48 268
48 283
48 292
48 293
48 294
48 299
48 310
48 321
48 322
48 323
48 326
48 327
48 331
48 332
48 337
48 342
48 343
48 346
49 50
49 51
49 59
49 65
49 66
49 74
49 76
49 83
49 87
49 88
49 91
49 93
49 105
49 106
49 110
49 112
49 114
49 115
49 118
49 123
49 124
49 132
49 138
49 154
49 165
49 169
49 170
49 176
49 177
49 179
49 183
49 188
49 198
49 211
49 212
49 214
49 217
49 219
49 226
49 233
49 238
49 249
49 253
49 254
49 255
49 258
49 259
49 261
49 262
49 270
49 276
49 282
49 286
49 287
49 290
49 291
49 293
49 301
49 302
49 303
49 306
49 307
49 313
49 314
49 318
49 320
49 324
49 330
49 331
49 336
49 345
49 349
50 57
50 66
50 68
50 70
50 85
50 88
50 96
50 98
50 100
50 102
50 105
50 106
50 111
50 113
50 118
50 124
50 125
50 129
50 133
50 134
50 137
50 140
50 150
50 157
50 164
50 166
50 167
50 182
50 185
50 186
50 192
50 209
50 217
50 218
50 219
50 222
50 225
50 228
50 246
50 248
50 262
50 263
50 265
50 266
50 274
50 295
50 304
50 317
50 320
50 325
50 326
50 329
50 331
50 332
50 344
50 345
51 52
51 56
51 66
51 70
51 72
51 81
51 82
51 94
51 98
51 104
51 110
51 114
51 118
51 123
51 127
51 128
51 130
51 137
51 142
51 154
51 155
51 156
51 164
51 167
51 169
51 170
51 175
51 182
51 187
51 191
51 199
51 207
51 214
51 219
51 229
51 235
51 236
51 248
51 249
51 250
51 260
51 288
51 297
51 298
51 300
51 311
51 315
51 319
51 322
51 336
52 61
52 65
52 68
52 71
52 82
52 84
52 89
52 93
52 101
52 104
52 115
52 117
52 151
52 154
52 157
52 160
52 161
52 162
52 170
52 172
52 173
52 181
52 183
52 185
52 187
52 193
52 209
52 210
52 226
52 236
52 241
52 243
52 244
52 254
52 259
52 267
52 270
52 273
52 274
52 275
52 278
52 279
52 283
52 296
52 299
52 300
52 301
52 306
52 312
52 317
52 320
52 325
52 331
52 339
52 344
52 346
52 348
53 62
53 63
53 65
53 70
53 77
53 81
53 82
53 83
53 89
53 92
53 98
53 107
53 110
53 115
53 124
53 126
53 127
53 135
53 148
53 158
53 161
53 169
53 172
53 186
53 188
53 191
53 193
53 195
53 198
53 211
53 218
53 223
53 226
53 244
53 245
53 248
53 263
53 265
53 269
53 271
53 278
53 284
53 292
53 298
53 306
53 312
53 314
53 322
53 328
53 332
53 335
53 336
53 337
53 338
53 340
53 344
53 347
54 57
54 62
54 66
54 71
54 73
54 78
54 87
54 97
54 99
54 117
54 121
54 123
54 124
54 155
54 156
54 157
54 158
54 161
54 164
54 168
54 169
54 170
54 171
54 175
54 177
54 179
54 182
54 186
54 193
54 199
54 200
54 202
54 209
54 211
54 213
54 219
54 223
54 237
54 238
54 242
54 264
54 273
54 276
54 281
54 282
54 291
54 293
54 296
54 300
54 304
54 305
54 306
54 308
54 311
54 315
54 316
54 318
54 324
54 327
54 329
54 331
54 344
55 56
55 61
55 64
55 66
55 69
55 72
55 80
55 84
55 85
55 92
55 94
55 95
55 99
55 101
55 106
55 111
55 113
55 115
55 119
55 121
55 128
55 137
55 142
55 157
55 160
55 166
55 174
55 176
55 182
55 189
55 192
55 195
55 200
55 201
55 204
55 208
55 210
55 217
55 219
55 220
55 227
55 231
55 234
55 237
55 242
55 249
55 255
55 261
55 263
55 268
55 270
55 273
55 282
55 284
55 286
55 306
55 308
55 309
55 324
55 325
55 339
55 341
55 342
56 58
56 64
56 70
56 72
56 74
56 83
56 94
56 100
56 106
56 109
56 119
56 120
56 127
56 128
56 133
56 136
56 143
56 150
56 162
56 166
56 169
56 170
56 173
56 182
56 187
56 191
56 197
56 199
56 203
56 213
56 215
56 235
56 247
56 258
56 259
56 260
56 263
56 266
56 267
56 273
56 274
56 275
56 277
56 278
56 280
56 283
56 285
56 290
56 291
56 294
56 297
56 306
56 313
56 314
56 323
56 326
56 327
56 336
56 341
57 59
57 61
57 69
57 70
57 74
57 75
57 76
57 82
57 85
57 89
57 94
57 107
57 112
57 115
57 116
57 125
57 141
57 147
57 150
57 166
57 172
57 175
57 181
57 187
57 207
57 208
57 209
57 211
57 213
57 218
57 219
57 223
57 224
57 244
57 247
57 248
57 250
57 257
57 259
57 264
57 265
57 298
57 299
57 304
57 311
57 320
57 330
57 335
57 343
57 346
57 347
57 348
58 59
58 63
58 65
58 66
58 67
58 69
58 81
58 90
58 91
58 92
58 95
58 97
58 105
58 106
58 110
58 112
58 119
58 124
58 127
58 129
58 133
58 144
58 145
58 149
58 153
58 158
58 162
58 163
58 164
58 168
58 169
58 184
58 185
58 191
58 195
58 206
58 207
58 216
58 229
58 231
58 232
58 235
58 242
58 245
58 246
58 248
58 264
58 265
58 271
58 278
58 282
58 285
58 286
58 291
58 301
58 303
58 305
58 315
58 316
58 319
58 321
58 346
58 347
59 62
59 74
59 75
59 78
59 83
59 88
59 89
59 93
59 96
59 97
59 102
59 107
59 109
59 115
59 120
59 138
59 139
59 143
59 167
59 180
59 189
59 190
59 198
59 205
59 207
59 211
59 213
59 218
59 220
59 221
59 231
59 246
59 249
59 252
59 253
59 254
59 257
59 260
59 265
59 268
59 271
59 281
59 287
59 289
59 290
59 293
59 294
59 299
59 305
59 316
59 331
59 335
59 336
59 339
60 62
60 66
60 71
60 72
60 74
60 77
60 79
60 92
60 93
60 96
60 97
60 105
60 109
60 110
60 125
60 129
60 130
60 133
60 139
60 148
60 149
60 151
60 152
60 153
60 156
60 160
60 165
60 174
60 180
60 189
60 193
60 194
60 199
60 202
60 203
60 204
60 208
60 218
60 219
60 224
60 228
60 229
60 230
60 231
60 234
60 235
60 236
60 239
60 243
60 247
60 248
60 275
60 277
60 278
60 284
60 285
60 299
60 310
60 315
60 319
60 321
60 325
60 326
60 333
60 337
60 344
60 348
61 64
61 71
61 72
61 73
61 79
61 90
61 100
61 102
61 104
61 119
61 126
61 135
61 139
61 147
61 150
61 151
61 156
61 158
61 161
61 168
61 173
61 183
61 185
61 202
61 208
61 209
61 214
61 224
61 228
61 230
61 237
61 238
61 244
61 257
61 278
61 279
61 292
61 295
61 297
61 301
61 303
61 306
61 316
61 320
61 323
61 324
61 326
61 330
61 333
61 337
61 345
61 346
62 65
62 76
62 77
62 83
62 85
62 87
62 89
62 90
62 91
62 100
62 101
62 104
62 106
62 109
62 110
62 115
62 116
62 124
62 128
62 129
62 130
62 135
62 142
62 146
62 151
62 152
62 155
62 158
62 168
62 171
62 172
62 174
62 179
62 180
62 190
62 193
62 195
62 198
62 203
62 217
62 233
62 235
62 249
62 253
62 254
62 261
62 262
62 263
62 266
62 274
62 276
62 278
62 284
62 289
62 290
62 298
62 300
62 302
62 304
62 305
62 307
62 309
62 313
62 314
62 321
62 322
62 326
62 333
62 341
63 75
63 84
63 93
63 103
63 107
63 111
63 113
63 114
63 128
63 130
63 132
63 135
63 137
63 138
63 139
63 142
63 149
63 151
63 153
63 158
63 161
63 169
63 171
63 178
63 184
63 191
63 198
63 212
63 217
63 234
63 247
63 254
63 257
63 272
63 276
63 284
63 289
63 291
63 294
63 297
63 302
63 308
63 314
63 315
63 326
63 327
63 333
63 334
63 342
63 343
64 66
64 67
64 68
64 69
64 72
64 74
64 76
64 77
64 81
64 82
64 91
64 98
64 99
64 105
64 110
64 111
64 122
64 124
64 127
64 128
64 129
64 131
64 134
64 137
64 143
64 144
64 155
64 156
64 169
64 172
64 179
64 188
64 207
64 219
64 224
64 232
64 233
64 234
64 235
64 237
64 240
64 242
64 249
64 254
64 258
64 260
64 262
64 270
64 278
64 290
64 301
64 305
64 314
64 317
64 326
64 327
64 331
64 332
64 334
64 337
64 338
64 343
65 72
65 87
65 88
65 92
65 96
65 98
65 99
65 101
65 103
65 106
65 109
65 112
65 121
65 129
65 143
65 145
65 149
65 157
65 166
65 168
65 171
65 172
65 175
65 176
65 186
65 195
65 204
65 205
65 227
65 228
65 235
65 240
65 242
65 243
65 259
65 263
65 290
65 292
65 295
65 296
65 299
65 300
65 305
65 306
65 307
65 311
65 321
65 323
65 327
65 328
65 334
65 339
65 343
65 345
65 349
66 70
66 77
66 90
66 91
66 96
66 97
66 98
66 102
66 104
66 105
66 114
66 131
66 132
66 134
66 152
66 153
66 159
66 161
66 165
66 168
66 170
66 186
66 189
66 191
66 192
66 194
66 202
66 204
66 211
66 214
66 219
66 220
66 222
66 225
66 235
66 254
66 258
66 262
66 271
66 275
66 276
66 287
66 290
66 292
66 300
66 306
66 309
66 310
66 311
66 316
66 322
66 328
66 331
66 335
66 339
66 346
67 72
67 78
67 87
67 94
67 103
67 105
67 117
67 122
67 123
67 125
67 129
67 131
67 136
67 140
67 145
67 159
67 164
67 170
67 182
67 184
67 188
67 192
67 193
67 195
67 209
67 213
67 223
67 226
67 227
67 230
67 233
67 239
67 247
67 251
67 255
67 259
67 267
67 268
67 270
67 273
67 274
67 275
67 288
67 293
67 300
67 303
67 306
67 310
67 319
67 320
67 322
67 325
67 330
67 335
67 338
67 339
67 340
67 344
68 70
68 77
68 83
68 87
68 90
68 99
68 106
68 107
68 110
68 121
68 123
68 126
68 128
68 130
68 143
68 144
68 154
68 155
68 164
68 166
68 175
68 179
68 184
68 185
68 202
68 204
68 208
68 212
68 219
68 220
68 223
68 224
68 233
68 240
68 246
68 261
68 264
68 265
68 266
68 271
68 280
68 283
68 285
68 287
68 290
68 299
68 301
68 310
68 313
68 314
68 322
68 324
68 330
68 338
68 339
68 340
69 80
69 84
69 98
69 102
69 105
69 107
69 110
69 115
69 124
69 126
69 139
69 141
69 144
69 146
69 149
69 150
69 154
69 170
69 173
69 174
69 185
69 186
69 187
69 198
69 209
69 212
69 219
69 221
69 222
69 229
69 230
69 231
69 232
69 235
69 237
69 242
69 244
69 246
69 255
69 256
69 258
69 260
69 261
69 269
69 270
69 274
69 280
69 284
69 289
69 296
69 302
69 317
69 323
69 329
69 335
69 342
70 71
70 72
70 79
70 89
70 90
70 94
70 96
70 108
70 115
70 119
70 121
70 123
70 125
70 130
70 138
70 139
70 140
70 144
70 160
70 177
70 178
70 180
70 181
70 184
70 189
70 194
70 195
70 202
70 203
70 211
70 212
70 213
70 222
70 233
70 238
70 240
70 241
70 260
70 262
70 263
70 266
70 271
70 272
70 275
70 295
70 297
70 298
70 300
70 310
70 321
70 322
70 328
70 329
70 330
70 332
70 333
70 339
70 342
70 343
71 75
71 77
71 84
71 85
71 99
71 100
71 102
71 103
71 106
71 117
71 119
71 121
71 126
71 135
71 137
71 139
71 140
71 162
71 166
71 175
71 184
71 185
71 194
71 201
71 207
71 209
71 213
71 214
71 220
71 226
71 238
71 245
71 246
71 251
71 252
71 254
71 257
71 258
71 268
71 280
71 283
71 284
71 291
71 295
71 303
71 305
71 330
71 337
71 339
71 346
72 80
72 83
72 90
72 94
72 98
72 102
72 105
72 113
72 115
72 121
72 126
72 130
72 140
72 141
72 145
72 149
72 156
72 158
72 166
72 168
72 177
72 178
72 182
72 185
72 190
72 193
72 198
72 200
72 205
72 207
72 213
72 215
72 228
72 237
72 242
72 243
72 247
72 252
72 258
72 262
72 282
72 290
72 294
72 297
72 300
72 309
72 312
72 328
72 337
72 338
72 340
72 342
73 83
73 84
73 86
73 91
73 94
73 99
73 101
73 111
73 116
73 118
73 135
73 144
73 153
73 158
73 159
73 162
73 165
73 173
73 182
73 183
73 185
73 194
73 197
73 200
73 208
73 214
73 223
73 224
73 236
73 249
73 253
73 257
73 264
73 281
73 283
73 284
73 291
73 297
73 300
73 304
73 308
73 319
73 320
73 324
73 325
73 326
73 335
73 336
73 337
73 341
73 343
73 347
74 76
74 77
74 80
74 81
74 82
74 83
74 89
74 95
74 96
74 107
74 110
74 121
74 123
74 126
74 130
74 133
74 135
74 137
74 139
74 140
74 144
74 145
74 162
74 167
74 169
74 173
74 185
74 186
74 191
74 192
74 197
74 199
74 202
74 206
74 213
74 216
74 217
74 223
74 224
74 237
74 243
74 250
74 260
74 261
74 264
74 272
74 274
74 276
74 278
74 283
74 289
74 302
74 307
74 311
74 312
74 314
74 317
74 321
74 325
74 326
74 331
74 342
74 345
74 347
74 348
74 349
75 81
75 82
75 83
75 84
75 88
75 90
75 97
75 98
75 107
75 113
75 114
75 123
75 126
75 132
75 136
75 151
75 154
75 174
75 179
75 180
75 182
75 183
75 184
75 185
75 188
75 193
75 198
75 201
75 203
75 204
75 230
75 231
75 232
75 235
75 241
75 246
75 251
75 254
75 259
75 261
75 262
75 273
75 275
75 282
75 283
75 287
75 289
75 290
75 296
75 304
75 305
75 309
75 317
75 320
75 321
75 322
75 341
75 348
75 349
76 86
76 95
76 96
76 98
76 99
76 118
76 121
76 126
76 127
76 128
76 129
76 135
76 138
76 140
76 150
76 151
76 152
76 155
76 156
76 157
76 159
76 161
76 162
76 163
76 164
76 165
76 174
76 175
76 176
76 184
76 188
76 189
76 195
76 196
76 198
76 211
76 213
76 214
76 222
76 225
76 229
76 231
76 243
76 245
76 251
76 252
76 253
76 254
76 256
76 258
76 262
76 270
76 278
76 293
76 296
76 317
76 319
76 320
76 324
77 79
77 88
77 94
77 97
77 102
77 103
77 117
77 120
77 123
77 124
77 132
77 137
77 138
77 139
77 143
77 145
77 151
77 156
77 164
77 165
77 167
77 171
77 177
77 179
77 183
77 188
77 197
77 207
77 208
77 214
77 217
77 219
77 232
77 237
77 238
77 239
77 244
77 245
77 247
77 252
77 259
77 265
77 269
77 277
77 283
77 287
77 291
77 296
77 297
77 299
77 301
77 306
77 313
77 314
77 316
77 318
77 330
77 331
77 332
77 333
77 346
77 349
78 79
78 83
78 86
78 95
78 97
78 98
78 99
78 105
78 106
78 108
78 110
78 115
78 119
78 124
78 125
78 128
78 130
78 132
78 133
78 139
78 163
78 165
78 168
78 174
78 180
78 185
78 191
78 199
78 203
78 207
78 224
78 225
78 227
78 234
78 240
78 241
78 243
78 244
78 248
78 260
78 263
78 273
78 275
78 279
78 281
78 289
78 308
78 317
78 320
78 322
78 328
78 334
78 339
78 340
78 348
79 86
79 90
79 98
79 101
79 104
79 113
79 118
79 119
79 120
79 131
79 134
79 142
79 147
79 148
79 151
79 155
79 157
79 166
79 169
79 173
79 182
79 200
79 215
79 231
79 233
79 234
79 235
79 236
79 243
79 249
79 251
79 264
79 274
79 281
79 282
79 283
79 286
79 289
79 290
79 292
79 293
79 299
79 313
79 318
79 329
79 332
79 333
79 334
79 335
79 338
79 343
79 349
80 84
80 85
80 96
80 102
80 104
80 106
80 108
80 116
80 123
80 124
80 139
80 140
80 141
80 145
80 147
80 151
80 152
80 156
80 162
80 164
80 171
80 177
80 179
80 187
80 191
80 201
80 203
80 207
80 211
80 227
80 230
80 242
80 248
80 272
80 273
80 275
80 282
80 285
80 287
80 291
80 299
80 313
80 316
80 317
80 320
80 322
80 324
80 329
80 335
80 338
80 339
81 86
81 88
81 93
81 96
81 100
81 102
81 104
81 110
81 113
81 120
81 131
81 138
81 141
81 143
81 145
81 149
81 151
81 154
81 160
81 164
81 170
81 175
81 178
81 189
81 193
81 197
81 198
81 208
81 216
81 223
81 225
81 228
81 229
81 231
81 251
81 254
81 262
81 268
81 276
81 285
81 292
81 298
81 301
81 306
81 308
81 315
81 316
81 319
81 320
81 324
81 327
81 330
81 333
81 349
82 90
82 95
82 99
82 102
82 111
82 113
82 117
82 125
82 128
82 133
82 136
82 143
82 153
82 154
82 163
82 166
82 180
82 186
82 194
82 197
82 201
82 202
82 206
82 210
82 213
82 214
82 233
82 238
82 251
82 254
82 255
82 263
82 272
82 277
82 278
82 279
82 284
82 287
82 299
82 306
82 307
82 316
82 321
82 333
82 338
82 339
82 348
83 87
83 90
83 99
83 100
83 103
83 109
83 113
83 114
83 130
83 131
83 133
83 135
83 137
83 143
83 149
83 158
83 167
83 171
83 178
83 181
83 188
83 191
83 193
83 195
83 202
83 205
83 210
83 212
83 214
83 215
83 218
83 229
83 232
83 242
83 244
83 245
83 250
83 252
83 258
83 259
83 262
83 263
83 268
83 271
83 272
83 278
83 291
83 294
83 310
83 311
83 320
83 322
83 326
83 330
83 335
83 336
83 343
84 93
84 100
84 101
84 109
84 114
84 119
84 121
84 137
84 140
84 143
84 153
84 155
84 156
84 162
84 169
84 170
84 174
84 176
84 184
84 189
84 191
84 198
84 202
84 220
84 221
84 222
84 226
84 228
84 230
84 233
84 242
84 246
84 247
84 250
84 257
84 258
84 259
84 268
84 271
84 272
84 274
84 281
84 290
84 294
84 321
84 324
84 330
84 331
84 335
84 339
85 86
85 95
85 100
85 102
85 114
85 116
85 120
85 124
85 127
85 138
85 139
85 140
85 148
85 149
85 151
85 153
85 157
85 159
85 163
85 164
85 167
85 169
85 173
85 177
85 178
85 179
85 185
85 192
85 194
85 201
85 204
85 208
85 213
85 215
85 222
85 225
85 227
85 229
85 234
85 238
85 245
85 247
85 249
85 265
85 267
85 269
85 276
85 284
85 287
85 296
85 302
85 303
85 305
85 312
85 313
85 314
85 318
85 319
85 323
85 325
85 335
85 337
85 340
85 341
85 342
85 343
85 346
86 90
86 94
86 97
86 100
86 103
86 111
86 115
86 116
86 118
86 121
86 148
86 149
86 156
86 160
86 163
86 175
86 179
86 182
86 186
86 189
86 204
86 209
86 219
86 220
86 223
86 235
86 236
86 241
86 251
86 256
86 261
86 262
86 268
86 271
86 273
86 278
86 282
86 285
86 294
86 296
86 299
86 300
86 305
86 319
86 320
86 321
86 326
86 328
86 329
86 344
86 347
87 90
87 91
87 98
87 101
87 104
87 106
87 113
87 116
87 123
87 126
87 131
87 138
87 139
87 143
87 148
87 149
87 154
87 164
87 167
87 184
87 188
87 195
87 198
87 199
87 200
87 201
87 205
87 208
87 210
87 215
87 219
87 224
87 226
87 228
87 233
87 247
87 248
87 249
87 250
87 255
87 259
87 260
87 262
87 275
87 276
87 293
87 303
87 305
87 306
87 312
87 313
87 321
87 322
87 333
87 339
88 102
88 103
88 112
88 117
88 125
88 138
88 139
88 141
88 143
88 151
88 154
88 156
88 162
88 165
88 168
88 169
88 171
88 178
88 185
88 186
88 195
88 199
88 217
88 231
88 240
88 245
88 246
88 247
88 250
88 252
88 255
88 258
88 269
88 270
88 272
88 276
88 280
88 285
88 300
88 301
88 304
88 306
88 327
88 329
88 341
88 343
88 347
88 348
89 94
89 100
89 101
89 110
89 114
89 121
89 131
89 144
89 145
89 147
89 150
89 155
89 157
89 165
89 171
89 181
89 184
89 186
89 194
89 199
89 203
89 212
89 213
89 221
89 222
89 230
89 236
89 242
89 248
89 267
89 268
89 273
89 278
89 283
89 285
89 290
89 292
89 294
89 296
89 304
89 314
89 319
89 320
89 324
89 333
89 341
89 343
90 92
90 93
90 99
90 106
90 117
90 119
90 130
90 136
90 152
90 154
90 176
90 191
90 198
90 200
90 209
90 210
90 227
90 228
90 229
90 239
90 246
90 248
90 258
90 267
90 275
90 279
90 285
90 290
90 292
90 294
90 310
90 312
90 319
90 322
90 329
90 330
90 333
90 334
90 335
90 346
90 349
91 93
91 107
91 114
91 130
91 133
91 137
91 139
91 146
91 162
91 186
91 187
91 190
91 193
91 200
91 201
91 205
91 207
91 225
91 228
91 230
91 234
91 243
91 244
91 245
91 247
91 249
91 252
91 253
91 272
91 273
91 274
91 280
91 282
91 293
91 302
91 305
91 310
91 315
91 319
91 326
91 332
91 334
91 336
91 339
91 342
91 343
91 347
92 102
92 104
92 106
92 111
92 113
92 114
92 116
92 118
92 123
92 131
92 145
92 152
92 156
92 163
92 165
92 173
92 181
92 185
92 188
92 189
92 191
92 194
92 195
92 198
92 200
92 204
92 208
92 218
92 222
92 228
92 234
92 236
92 237
92 238
92 240
92 243
92 246
92 249
92 250
92 252
92 253
92 260
92 270
92 295
92 300
92 302
92 318
92 320
92 327
92 328
92 332
92 340
92 341
92 342
93 101
93 110
93 114
93 131
93 133
93 138
93 140
93 144
93 145
93 166
93 167
93 169
93 171
93 174
93 178
93 181
93 183
93 185
93 197
93 201
93 202
93 206
93 207
93 209
93 233
93 236
93 238
93 241
93 245
93 246
93 247
93 260
93 265
93 266
93 268
93 279
93 298
93 299
93 307
93 308
93 309
93 318
93 328
93 334
93 335
93 336
93 348
93 349
94 101
94 108
94 115
94 122
94 126
94 128
94 131
94 135
94 138
94 144
94 147
94 152
94 155
94 160
94 167
94 173
94 180
94 192
94 194
94 197
94 201
94 207
94 209
94 212
94 219
94 221
94 238
94 242
94 243
94 244
94 248
94 251
94 254
94 255
94 256
94 283
94 295
94 298
94 300
94 307
94 312
94 314
94 315
94 318
94 321
94 327
94 337
94 338
94 346
94 347
94 348
95 96
95 105
95 107
95 109
95 117
95 119
95 126
95 130
95 138
95 139
95 144
95 147
95 150
95 152
95 156
95 160
95 161
95 174
95 180
95 188
95 190
95 194
95 201
95 211
95 216
95 224
95 226
95 228
95 251
95 253
95 254
95 257
95 260
95 262
95 266
95 270
95 271
95 289
95 292
95 293
95 298
95 301
95 302
95 305
95 306
95 314
95 320
95 327
95 331
95 336
95 340
95 344
95 347
96 103
96 104
96 108
96 114
96 115
96 117
96 119
96 134
96 135
96 142
96 143
96 146
96 159
96 163
96 165
96 168
96 169
96 175
96 182
96 185
96 187
96 189
96 197
96 198
96 214
96 217
96 220
96 226
96 230
96 231
96 232
96 236
96 249
96 256
96 262
96 266
96 268
96 269
96 277
96 287
96 296
96 299
96 300
96 301
96 304
96 305
96 309
96 316
96 317
96 318
96 328
96 341
96 349
97 101
97 112
97 117
97 126
97 134
97 135
97 138
97 139
97 140
97 143
97 147
97 148
97 150
97 151
97 153
97 156
97 169
97 183
97 194
97 198
97 199
97 202
97 203
97 206
97 207
97 213
97 215
97 217
97 221
97 224
97 225
97 228
97 232
97 235
97 238
97 246
97 250
97 251
97 255
97 257
97 258
97 263
97 266
97 276
97 279
97 284
97 289
97 291
97 292
97 298
97 302
97 306
97 307
97 313
97 314
97 317
97 321
97 328
97 329
97 331
97 335
97 337
97 345
97 347
98 101
98 111
98 115
98 129
98 133
98 137
98 138
98 139
98 143
98 144
98 147
98 152
98 154
98 173
98 186
98 188
98 196
98 200
98 202
98 217
98 220
98 222
98 223
98 242
98 244
98 253
98 258
98 260
98 263
98 265
98 267
98 268
98 274
98 277
98 282
98 285
98 287
98 289
98 294
98 295
98 297
98 298
98 302
98 306
98 307
98 316
98 330
98 333
98 335
98 348
99 100
99 103
99 107
99 108
99 117
99 121
99 126
99 130
99 132
99 137
99 148
99 158
99 160
99 161
99 167
99 173
99 174
99 175
99 181
99 188
99 190
99 197
99 202
99 204
99 206
99 213
99 214
99 217
99 220
99 223
99 234
99 239
99 243
99 244
99 248
99 249
99 252
99 255
99 256
99 267
99 278
99 285
99 289
99 290
99 305
99 314
99 320
99 325
99 329
99 334
99 339
99 348
100 105
100 108
100 117
100 122
100 142
100 146
100 151
100 154
100 156
100 161
100 163
100 165
100 167
100 172
100 173
100 178
100 185
100 189
100 190
100 194
100 197
100 202
100 212
100 219
100 234
100 242
100 245
100 247
100 250
100 253
100 255
100 256
100 270
100 274
100 276
100 277
100 284
100 285
100 287
100 290
100 293
100 295
100 296
100 304
100 309
100 315
100 316
100 325
100 333
100 336
100 341
100 345
101 105
101 107
101 112
101 130
101 136
101 138
101 139
101 140
101 142
101 145
101 149
101 163
101 166
101 176
101 178
101 179
101 181
101 183
101 193
101 194
101 199
101 204
101 206
101 242
101 244
101 245
101 248
101 251
101 256
101 263
101 271
101 273
101 274
101 275
101 293
101 296
101 303
101 304
101 307
101 313
101 324
101 330
101 334
101 338
101 341
101 345
101 349
102 105
102 106
102 112
102 128
102 145
102 161
102 170
102 178
102 181
102 187
102 191
102 192
102 194
102 195
102 201
102 207
102 208
102 210
102 211
102 214
102 215
102 232
102 235
102 238
102 240
102 252
102 254
102 255
102 258
102 260
102 263
102 278
102 280
102 287
102 288
102 290
102 294
102 307
102 308
102 317
102 328
102 331
102 338
102 340
102 347
103 104
103 118
103 120
103 125
103 130
103 133
103 139
103 140
103 141
103 145
103 150
103 151
103 152
103 153
103 163
103 164
103 165
103 170
103 171
103 172
103 173
103 177
103 179
103 188
103 190
103 193
103 214
103 226
103 232
103 236
103 238
103 239
103 243
103 251
103 257
103 263
103 265
103 266
103 270
103 281
103 286
103 291
103 293
103 294
103 296
103 305
103 313
103 315
103 319
103 321
103 322
103 334
103 335
103 336
103 337
103 338
103 340
103 345
103 348
104 110
104 112
104 114
104 118
104 121
104 122
104 130
104 133
104 135
104 154
104 156
104 160
104 163
104 170
104 175
104 177
104 183
104 190
104 192
104 208
104 209
104 219
104 221
104 226
104 234
104 236
104 237
104 242
104 243
104 265
104 266
104 299
104 303
104 305
104 309
104 311
104 312
104 315
104 325
104 326
104 333
104 341
104 348
105 106
105 114
105 115
105 117
105 123
105 125
105 127
105 129
105 136
105 138
105 140
105 148
105 150
105 159
105 163
105 171
105 176
105 177
105 179
105 181
105 186
105 194
105 205
105 209
105 210
105 214
105 218
105 224
105 226
105 232
105 236
105 237
105 238
105 250
105 252
105 253
105 261
105 263
105 265
105 271
105 275
105 277
105 278
105 280
105 283
105 284
105 285
105 290
105 299
105 300
105 328
105 332
105 346
106 113
106 116
106 120
106 121
106 123
106 126
106 128
106 130
106 150
106 158
106 163
106 174
106 176
106 182
106 187
106 189
106 212
106 215
106 221
106 232
106 236
106 239
106 241
106 243
106 244
106 248
106 250
106 252
106 264
106 276
106 278
106 280
106 284
106 295
106 297
106 305
106 307
106 313
106 314
106 316
106 318
106 320
106 322
106 324
106 327
106 329
106 337
106 349
107 111
107 116
107 126
107 127
107 128
107 131
107 133
107 136
107 143
107 150
107 158
107 162
107 175
107 176
107 179
107 184
107 188
107 193
107 195
107 207
107 208
107 212
107 213
107 215
107 217
107 221
107 228
107 231
107 238
107 245
107 246
107 248
107 249
107 260
107 261
107 263
107 272
107 273
107 274
107 277
107 278
107 280
107 282
107 283
107 286
107 287
107 289
107 292
107 299
107 302
107 305
107 306
107 310
107 324
107 329
107 330
107 331
107 334
107 339
107 342
107 347
107 348
108 110
108 115
108 116
108 122
108 123
108 128
108 129
108 140
108 147
108 150
108 155
108 156
108 159
108 160
108 166
108 172
108 173
108 190
108 191
108 197
108 203
108 204
108 205
108 223
108 227
108 234
108 238
108 239
108 241
108 245
108 247
108 253
108 256
108 258
108 266
108 276
108 283
108 284
108 289
108 292
108 293
108 295
108 300
108 308
108 314
108 317
108 322
108 323
108 330
108 334
108 336
108 339
108 344
109 115
109 121
109 122
109 124
109 132
109 143
109 149
109 150
109 155
109 158
109 174
109 176
109 177
109 179
109 182
109 186
109 189
109 191
109 206
109 207
109 223
109 224
109 227
109 228
109 231
109 238
109 245
109 246
109 252
109 254
109 262
109 264
109 268
109 269
109 270
109 278
109 287
109 288
109 294
109 298
109 302
109 309
109 310
109 313
109 317
109 319
109 320
109 321
109 322
109 328
109 329
109 336
109 343
110 111
110 116
110 118
110 125
110 127
110 132
110 134
110 141
110 145
110 148
110 151
110 157
110 158
110 159
110 164
110 169
110 170
110 172
110 177
110 184
110 190
110 204
110 205
110 206
110 208
110 209
110 210
110 215
110 217
110 220
110 225
110 232
110 239
110 242
110 244
110 252
110 266
110 269
110 270
110 272
110 274
110 277
110 280
110 285
110 293
110 299
110 305
110 311
110 323
110 326
110 331
110 333
110 338
111 119
111 120
111 122
111 126
111 134
111 135
111 138
111 143
111 144
111 151
111 154
111 160
111 163
111 164
111 165
111 168
111 177
111 182
111 184
111 194
111 196
111 197
111 208
111 209
111 213
111 214
111 226
111 228
111 236
111 241
111 249
111 257
111 267
111 271
111 274
111 277
111 282
111 283
111 287
111 289
111 291
111 292
111 321
111 325
111 327
111 329
111 330
111 332
111 333
111 337
111 349
112 113
112 120
112 122
112 125
112 130
112 140
112 143
112 150
112 158
112 163
112 164
112 170
112 172
112 175
112 182
112 185
112 187
112 191
112 197
112 202
112 203
112 205
112 208
112 214
112 221
112 234
112 238
112 239
112 241
112 246
112 248
112 251
112 261
112 263
112 267
112 276
112 285
112 287
112 289
112 301
112 304
112 307
112 308
112 334
112 335
112 336
112 337
112 341
113 115
113 117
113 120
113 123
113 126
113 127
113 134
113 137
113 140
113 142
113 148
113 154
113 165
113 170
113 182
113 187
113 197
113 205
113 207
113 211
113 230
113 231
113 232
113 233
113 237
113 239
113 241
113 249
113 251
113 255
113 257
113 258
113 260
113 262
113 268
113 295
113 303
113 315
113 316
113 322
113 330
113 332
113 335
113 340
113 348
114 118
114 119
114 131
114 136
114 148
114 149
114 159
114 161
114 163
114 164
114 165
114 167
114 168
114 180
114 182
114 184
114 186
114 190
114 191
114 194
114 195
114 200
114 207
114 215
114 220
114 221
114 225
114 231
114 241
114 256
114 257
114 263
114 264
114 271
114 277
114 278
114 294
114 299
114 305
114 311
114 316
114 318
114 320
114 348
115 117
115 118
115 128
115 133
115 138
115 141
115 149
115 154
115 162
115 165
115 194
115 196
115 205
115 206
115 211
115 236
115 237
115 241
115 256
115 265
115 266
115 270
115 274
115 287
115 289
115 295
115 307
115 308
115 309
115 311
115 312
115 316
115 320
115 321
115 324
115 326
115 327
115 330
115 338
115 348
116 129
116 137
116 140
116 147
116 165
116 169
116 174
116 178
116 179
116 182
116 184
116 191
116 193
116 194
116 197
116 201
116 206
116 208
116 211
116 212
116 221
116 228
116 233
116 240
116 242
116 249
116 254
116 265
116 275
116 277
116 278
116 280
116 296
116 303
116 304
116 312
116 315
116 328
116 341
116 342
116 345
116 346
116 347
117 121
117 127
117 132
117 148
117 157
117 158
117 159
117 161
117 169
117 179
117 187
117 190
117 191
117 195
117 201
117 213
117 214
117 215
117 222
117 229
117 234
117 235
117 244
117 248
117 250
117 266
117 268
117 269
117 275
117 283
117 296
117 310
117 318
117 323
117 327
117 330
117 337
118 124
118 133
118 134
118 136
118 138
118 145
118 152
118 154
118 156
118 157
118 164
118 168
118 177
118 180
118 185
118 189
118 197
118 200
118 212
118 214
118 215
118 230
118 234
118 246
118 247
118 256
118 274
118 275
118 278
118 281
118 284
118 288
118 290
118 292
118 293
118 301
118 306
118 307
118 318
118 321
118 324
118 329
118 333
118 338
118 341
118 343
119 123
119 124
119 150
119 156
119 158
119 161
119 162
119 163
119 164
119 166
119 169
119 172
119 184
119 188
119 191
119 196
119 198
119 210
119 215
119 223
119 228
119 229
119 230
119 238
119 241
119 244
119 245
119 247
119 248
119 250
119 252
119 257
119 259
119 270
119 273
119 279
119 286
119 293
119 300
119 301
119 304
119 305
119 306
119 307
119 310
119 312
119 324
119 325
119 326
119 330
119 332
119 337
119 344
119 349
120 124
120 127
120 128
120 131
120 132
120 139
120 143
120 147
120 152
120 162
120 173
120 176
120 179
120 182
120 185
120 187
120 188
120 192
120 203
120 206
120 226
120 227
120 228
120 229
120 235
120 244
120 264
120 266
120 272
120 282
120 286
120 310
120 311
120 312
120 318
120 322
120 328
120 329
120 330
120 339
120 343
121 155
121 158
121 163
121 173
121 178
121 184
121 185
121 196
121 198
121 199
121 211
121 212
121 218
121 221
121 224
121 227
121 229
121 230
121 235
121 256
121 257
121 263
121 264
121 267
121 269
121 273
121 289
121 297
121 298
121 307
121 318
121 325
121 326
121 328
121 331
121 334
121 339
121 343
121 345
122 125
122 127
122 128
122 135
122 137
122 138
122 139
122 143
122 148
122 151
122 163
122 171
122 172
122 174
122 185
122 190
122 193
122 197
122 200
122 201
122 202
122 208
122 209
122 210
122 223
122 230
122 231
122 250
122 256
122 258
122 264
122 265
122 270
122 273
122 279
122 281
122 284
122 285
122 289
122 298
122 299
122 302
122 303
122 305
122 306
122 315
122 319
122 336
123 125
123 127
123 132
123 139
123 141
123 142
123 146
123 148
123 158
123 163
123 164
123 173
123 178
123 183
123 188
123 190
123 196
123 207
123 208
123 218
123 222
123 230
123 233
123 241
123 253
123 258
123 259
123 273
123 276
123 287
123 292
123 293
123 295
123 312
123 313
123 320
123 322
123 335
123 336
123 344
124 126
124 127
124 130
124 133
124 138
124 140
124 142
124 144
124 145
124 149
124 151
124 159
124 172
124 173
124 176
124 178
124 191
124 194
124 197
124 198
124 199
124 200
124 204
124 212
124 214
124 222
124 225
124 231
124 234
124 235
124 241
124 246
124 250
124 253
124 261
124 262
124 266
124 269
124 270
124 273
124 284
124 286
124 311
124 316
124 317
124 318
124 320
124 328
124 332
124 343
124 344
125 126
125 136
125 147
125 149
125 152
125 159
125 160
125 162
125 165
125 186
125 188
125 189
125 194
125 195
125 196
125 199
125 212
125 214
125 220
125 225
125 229
125 230
125 234
125 242
125 245
125 246
125 262
125 268
125 269
125 272
125 276
125 278
125 288
125 291
125 294
125 302
125 305
125 307
125 308
125 318
125 321
125 324
125 328
125 341
125 343
126 130
126 134
126 138
126 151
126 152
126 154
126 156
126 157
126 162
126 165
126 168
126 177
126 179
126 181
126 185
126 194
126 195
126 196
126 202
126 223
126 225
126 229
126 235
126 248
126 250
126 267
126 268
126 271
126 287
126 288
126 296
126 301
126 303
126 312
126 314
126 317
126 327
126 328
126 330
126 337
126 338
126 341
126 342
126 346
126 348
127 135
127 137
127 144
127 146
127 149
127 152
127 156
127 157
127 166
127 172
127 176
127 179
127 180
127 184
127 187
127 196
127 212
127 214
127 217
127 219
127 230
127 231
127 238
127 239
127 246
127 265
127 269
127 273
127 274
127 275
127 282
127 283
127 285
127 287
127 288
127 292
127 300
127 306
127 313
127 318
127 329
127 331
127 333
127 341
127 342
128 135
128 150
128 155
128 158
128 167
128 169
128 175
128 183
128 185
128 190
128 195
128 197
128 199
128 210
128 213
128 220
128 225
128 235
128 237
128 238
128 242
128 244
128 245
128 247
128 261
128 262
128 267
128 269
128 272
128 281
128 288
128 294
128 301
128 306
128 312
128 318
128 320
128 325
128 326
128 330
128 335
128 344
128 346
129 142
129 143
129 150
129 162
129 163
129 164
129 177
129 183
129 185
129 195
129 197
129 199
129 207
129 217
129 221
129 234
129 238
129 240
129 241
129 248
129 250
129 254
129 271
129 275
129 282
129 290
129 292
129 293
129 298
129 299
129 304
129 305
129 316
129 319
129 322
129 324
129 326
129 344
129 349
130 132
130 135
130 142
130 144
130 147
130 153
130 154
130 164
130 172
130 173
130 176
130 179
130 182
130 186
130 189
130 190
130 194
130 195
130 197
130 202
130 206
130 208
130 209
130 215
130 216
130 224
130 231
130 235
130 239
130 245
130 247
130 249
130 252
130 255
130 258
130 259
130 261
130 273
130 274
130 280
130 284
130 287
130 288
130 291
130 298
130 300
130 304
130 307
130 308
130 309
130 312
130 313
130 324
130 329
130 330
130 342
130 345
131 135
131 137
131 138
131 150
131 152
131 156
131 158
131 165
131 167
131 168
131 169
131 174
131 186
131 188
131 189
131 190
131 191
131 197
131 199
131 208
131 216
131 218
131 220
131 227
131 230
131 233
131 247
131 261
131 262
131 265
131 266
131 269
131 271
131 276
131 278
131 286
131 287
131 288
131 294
131 295
131 296
131 302
131 304
131 308
131 310
131 311
131 313
131 325
131 327
131 334
131 337
131 342
131 343
131 346
132 135
132 139
132 141
132 143
132 144
132 147
132 148
132 149
132 151
132 153
132 165
132 168
132 169
132 172
132 176
132 177
132 182
132 183
132 184
132 188
132 189
132 190
132 191
132 197
132 202
132 203
132 209
132 212
132 220
132 221
132 229
132 234
132 241
132 244
132 250
132 262
132 266
132 271
132 284
132 285
132 286
132 289
132 305
132 306
132 311
132 312
132 313
132 314
132 321
132 322
132 323
132 331
132 332
132 335
132 349
133 137
133 141
133 150
133 153
133 158
133 159
133 164
133 179
133 184
133 186
133 194
133 200
133 202
133 207
133 208
133 211
133 212
133 226
133 228
133 238
133 241
133 244
133 245
133 251
133 254
133 256
133 264
133 265
133 266
133 269
133 275
133 278
133 279
133 281
133 282
133 285
133 291
133 293
133 305
133 309
133 310
133 314
133 318
133 322
133 323
133 324
133 326
133 328
133 335
133 337
133 339
133 341
133 349
134 137
134 138
134 148
134 156
134 160
134 163
134 165
134 174
134 186
134 192
134 199
134 205
134 221
134 225
134 230
134 239
134 249
134 269
134 277
134 290
134 293
134 300
134 301
134 310
134 314
134 316
134 326
134 327
134 329
134 330
134 332
134 338
134 340
135 143
135 152
135 157
135 158
135 173
135 174
135 175
135 182
135 185
135 188
135 208
135 210
135 217
135 219
135 228
135 236
135 240
135 258
135 260
135 266
135 267
135 269
135 286
135 289
135 290
135 298
135 299
135 310
135 318
135 322
135 326
135 328
135 335
135 341
135 344
135 347
136 141
136 149
136 151
136 164
136 167
136 178
136 183
136 190
136 198
136 208
136 211
136 219
136 222
136 223
136 226
136 227
136 232
136 235
136 238
136 249
136 253
136 262
136 269
136 270
136 274
136 280
136 286
136 287
136 288
136 301
136 307
136 309
136 310
136 316
136 318
136 323
136 324
136 326
136 329
136 338
136 342
136 345
136 348
137 138
137 142
137 147
137 150
137 152
137 153
137 161
137 162
137 163
137 167
137 170
137 172
137 173
137 176
137 178
137 182
137 197
137 201
137 207
137 210
137 222
137 228
137 246
137 248
137 249
137 257
137 260
137 261
137 265
137 267
137 268
137 277
137 278
137 279
137 285
137 289
137 301
137 306
137 308
137 310
137 311
137 312
137 314
137 321
137 322
137 330
137 332
137 340
137 342
137 345
138 141
138 144
138 147
138 148
138 156
138 163
138 166
138 168
138 171
138 175
138 178
138 180
138 185
138 187
138 189
138 190
138 193
138 200
138 205
138 210
138 212
138 216
138 217
138 218
138 219
138 221
138 224
138 226
138 230
138 234
138 236
138 239
138 257
138 267
138 276
138 280
138 284
138 286
138 300
138 305
138 308
138 317
138 333
138 334
138 340
138 341
138 342
138 347
139 150
139 155
139 159
139 160
139 161
139 164
139 166
139 168
139 169
139 175
139 177
139 199
139 206
139 210
139 212
139 213
139 214
139 215
139 221
139 223
139 236
139 246
139 247
139 248
139 249
139 251
139 261
139 264
139 278
139 293
139 297
139 298
139 307
139 320
139 329
139 330
139 331
139 338
139 343
139 347
139 348
140 144
140 157
140 160
140 165
140 167
140 169
140 176
140 179
140 181
140 188
140 194
140 198
140 214
140 219
140 227
140 229
140 230
140 233
140 243
140 244
140 245
140 250
140 252
140 256
140 258
140 263
140 267
140 268
140 269
140 274
140 277
140 280
140 281
140 290
140 291
140 297
140 301
140 303
140 304
140 319
140 321
140 324
140 327
140 332
140 344
140 348
141 146
141 152
141 153
141 161
141 170
141 183
141 188
141 192
141 202
141 207
141 219
141 223
141 238
141 242
141 252
141 257
141 259
141 261
141 262
141 265
141 266
141 270
141 272
141 279
141 287
141 289
141 292
141 297
141 298
141 301
141 305
141 309
141 319
141 333
141 340
141 342
141 343
141 347
142 146
142 147
142 161
142 164
142 187
142 197
142 199
142 200
142 204
142 210
142 218
142 236
142 239
142 243
142 244
142 250
142 252
142 257
142 261
142 262
142 271
142 274
142 275
142 280
142 282
142 287
142 291
142 292
142 293
142 296
142 303
142 305
142 307
142 309
142 314
142 320
142 322
142 328
142 330
142 337
143 145
143 146
143 150
143 156
143 165
143 172
143 174
143 179
143 187
143 209
143 228
143 231
143 235
143 237
143 243
143 251
143 258
143 270
143 272
143 273
143 277
143 287
143 292
143 297
143 299
143 304
143 311
143 317
143 322
143 331
143 335
143 336
144 145
144 147
144 158
144 161
144 163
144 179
144 188
144 189
144 191
144 204
144 210
144 237
144 242
144 248
144 255
144 283
144 290
144 291
144 294
144 296
144 301
144 302
144 308
144 309
144 311
144 314
144 319
144 323
144 338
144 342
144 347
145 148
145 152
145 159
145 166
145 167
145 176
145 181
145 182
145 198
145 209
145 224
145 238
145 252
145 269
145 280
145 287
145 288
145 292
145 302
145 304
145 307
145 314
145 315
145 316
145 318
145 321
145 325
145 329
145 331
145 333
145 334
145 336
146 150
146 157
146 160
146 168
146 169
146 174
146 175
146 178
146 200
146 202
146 205
146 208
146 217
146 223
146 225
146 232
146 233
146 236
146 240
146 241
146 242
146 250
146 263
146 268
146 269
146 271
146 275
146 277
146 279
146 284
146 288
146 291
146 295
146 299
146 306
146 312
146 315
146 324
146 335
146 347
146 348
147 148
147 161
147 170
147 192
147 195
147 196
147 201
147 205
147 206
147 208
147 217
147 220
147 221
147 222
147 226
147 233
147 236
147 238
147 239
147 240
147 248
147 249
147 251
147 256
147 260
147 262
147 267
147 269
147 281
147 287
147 289
147 291
147 304
147 310
147 320
147 326
147 330
147 336
147 340
147 342
147 343
148 150
148 151
148 156
148 162
148 163
148 170
148 175
148 179
148 205
148 207
148 208
148 209
148 210
148 212
148 213
148 221
148 222
148 224
148 229
148 238
148 246
148 252
148 255
148 261
148 263
148 275
148 276
148 283
148 288
148 294
148 296
148 309
148 312
148 313
148 318
148 325
148 331
148 341
148 347
149 152
149 158
149 169
149 171
149 180
149 188
149 195
149 196
149 200
149 201
149 205
149 208
149 211
149 219
149 221
149 223
149 229
149 240
149 251
149 252
149 255
149 260
149 264
149 265
149 271
149 278
149 279
149 281
149 283
149 284
149 286
149 294
149 296
149 302
149 303
149 312
149 316
149 317
149 324
149 335
149 336
149 345
149 347
150 158
150 160
150 169
150 183
150 186
150 191
150 204
150 217
150 223
150 225
150 234
150 235
150 236
150 238
150 240
150 251
150 253
150 255
150 256
150 257
150 267
150 276
150 287
150 288
150 293
150 294
150 311
150 314
150 315
150 316
150 317
150 324
150 325
150 332
150 334
150 337
150 343
150 348
151 158
151 161
151 171
151 172
151 176
151 177
151 179
151 188
151 191
151 195
151 214
151 221
151 230
151 231
151 234
151 239
151 248
151 252
151 255
151 259
151 263
151 267
151 268
151 269
151 270
151 271
151 272
151 275
151 278
151 280
151 291
151 296
151 300
151 309
151 316
151 326
151 328
151 330
151 342
151 343
152 155
152 157
152 159
152 162
152 173
152 187
152 194
152 207
152 211
152 214
152 215
152 226
152 228
152 230
152 242
152 244
152 247
152 249
152 251
152 269
152 282
152 290
152 293
152 297
152 298
152 303
152 305
152 317
152 318
152 320
152 324
152 327
152 329
152 340
152 343
152 348
153 155
153 157
153 158
153 164
153 169
153 171
153 173
153 174
153 177
153 178
153 186
153 206
153 208
153 209
153 210
153 213
153 215
153 216
153 227
153 232
153 236
153 238
153 243
153 245
153 248
153 254
153 256
153 257
153 262
153 264
153 266
153 267
153 282
153 283
153 290
153 300
153 302
153 308
153 321
153 323
153 330
153 333
153 349
154 156
154 159
154 167
154 171
154 181
154 185
154 194
154 203
154 211
154 219
154 223
154 232
154 237
154 253
154 259
154 266
154 267
154 268
154 269
154 270
154 285
154 290
154 295
154 300
154 303
154 305
154 311
154 315
154 317
154 324
154 325
154 335
154 336
154 339
154 340
154 349
155 172
155 174
155 175
155 184
155 190
155 192
155 196
155 197
155 210
155 225
155 229
155 233
155 236
155 241
155 260
155 275
155 283
155 288
155 303
155 306
155 315
155 318
155 320
155 322
155 326
155 333
155 342
155 348
156 157
156 161
156 170
156 174
156 178
156 180
156 199
156 201
156 202
156 204
156 206
156 217
156 218
156 225
156 226
156 237
156 242
156 244
156 245
156 248
156 254
156 267
156 268
156 273
156 285
156 286
156 293
156 297
156 298
156 305
156 317
156 322
156 326
156 329
156 331
156 332
156 337
156 343
157 169
157 171
157 186
157 193
157 194
157 200
157 213
157 214
157 218
157 221
157 229
157 251
157 253
157 255
157 257
157 260
157 264
157 266
157 279
157 281
157 284
157 291
157 292
157 293
157 296
157 297
157 298
157 299
157 301
157 313
157 319
157 324
157 327
157 328
157 337
157 338
157 341
157 349
158 162
158 163
158 172
158 179
158 183
158 184
158 185
158 189
158 209
158 212
158 215
158 223
158 225
158 226
158 230
158 241
158 243
158 247
158 249
158 250
158 253
158 255
158 256
158 259
158 266
158 273
158 275
158 276
158 278
158 285
158 287
158 290
158 292
158 298
158 300
158 301
158 302
158 303
158 312
158 315
158 316
158 320
158 321
158 324
158 336
158 341
159 161
159 163
159 164
159 166
159 167
159 170
159 179
159 184
159 191
159 195
159 200
159 201
159 206
159 226
159 229
159 230
159 237
159 241
159 247
159 249
159 256
159 261
159 266
159 269
159 273
159 279
159 284
159 295
159 302
159 306
159 313
159 314
159 321
159 326
159 329
159 333
159 336
159 343
159 348
160 163
160 164
160 165
160 167
160 170
160 171
160 174
160 184
160 185
160 190
160 199
160 205
160 213
160 224
160 226
160 227
160 228
160 241
160 243
160 252
160 255
160 256
160 260
160 262
160 265
160 268
160 271
160 273
160 275
160 278
160 280
160 289
160 294
160 296
160 299
160 302
160 306
160 307
160 317
160 319
160 324
160 325
160 330
160 337
160 341
160 343
160 349
161 163
161 168
161 169
161 171
161 172
161 176
161 178
161 181
161 183
161 184
161 187
161 190
161 194
161 197
161 200
161 206
161 213
161 219
161 223
161 224
161 226
161 230
161 232
161 237
161 243
161 246
161 249
161 250
161 263
161 265
161 267
161 271
161 273
161 278
161 284
161 285
161 289
161 291
161 302
161 307
161 310
161 311
161 322
161 330
161 333
162 163
162 167
162 171
162 175
162 180
162 187
162 188
162 193
162 194
162 212
162 214
162 230
162 235
162 238
162 239
162 242
162 244
162 250
162 259
162 261
162 265
162 268
162 270
162 274
162 277
162 279
162 282
162 287
162 290
162 293
162 300
162 304
162 305
162 307
162 311
162 328
162 330
162 331
162 334
162 336
163 167
163 169
163 171
163 178
163 180
163 184
163 191
163 193
163 196
163 197
163 205
163 211
163 215
163 222
163 224
163 225
163 247
163 252
163 261
163 266
163 270
163 274
163 275
163 276
163 279
163 288
163 291
163 295
163 296
163 305
163 306
163 311
163 314
163 318
163 320
163 321
163 326
163 327
163 328
163 329
163 336
163 342
163 345
163 346
163 347
164 171
164 175
164 176
164 177
164 180
164 187
164 188
164 197
164 206
164 217
164 218
164 224
164 229
164 234
164 236
164 241
164 251
164 255
164 267
164 268
164 284
164 289
164 290
164 300
164 302
164 303
164 306
164 307
164 311
164 315
164 318
164 322
164 329
164 337
164 344
165 178
165 179
165 193
165 197
165 200
165 202
165 206
165 208
165 213
165 219
165 220
165 230
165 233
165 238
165 245
165 251
165 264
165 266
165 273
165 277
165 280
165 284
165 285
165 288
165 291
165 293
165 303
165 312
165 313
165 333
165 337
165 340
165 341
166 174
166 175
166 177
166 180
166 181
166 195
166 213
166 214
166 223
166 224
166 227
166 234
166 235
166 238
166 242
166 246
166 249
166 250
166 252
166 256
166 263
166 266
166 275
166 280
166 286
166 292
166 304
166 306
166 309
166 313
166 315
166 323
166 328
166 336
166 338
166 340
167 169
167 175
167 176
167 179
167 182
167 183
167 187
167 189
167 191
167 193
167 194
167 199
167 214
167 224
167 233
167 237
167 240
167 246
167 252
167 258
167 259
167 260
167 265
167 274
167 282
167 291
167 298
167 302
167 312
167 322
167 327
167 328
167 330
167 331
167 344
167 346
168 169
168 177
168 182
168 190
168 193
168 194
168 198
168 199
168 221
168 222
168 227
168 237
168 243
168 248
168 252
168 269
168 274
168 276
168 280
168 281
168 288
168 291
168 293
168 299
168 303
168 307
168 312
168 315
168 316
168 317
168 318
168 327
168 341
168 343
168 345
169 172
169 181
169 182
169 183
169 185
169 192
169 193
169 196
169 200
169 202
169 206
169 210
169 211
169 213
169 216
169 224
169 231
169 235
169 237
169 243
169 245
169 257
169 259
169 260
169 261
169 262
169 264
169 267
169 271
169 275
169 277
169 278
169 279
169 284
169 310
169 312
169 316
169 321
169 323
169 324
169 335
169 339
169 340
169 344
170 172
170 183
170 204
170 209
170 214
170 217
170 226
170 228
170 232
170 234
170 239
170 242
170 243
170 247
170 249
170 251
170 255
170 256
170 257
170 260
170 267
170 268
170 272
170 274
170 288
170 296
170 298
170 305
170 307
170 310
170 312
170 314
170 317
170 320
170 322
170 325
170 326
170 336
170 339
170 348
171 183
171 187
171 189
171 190
171 191
171 193
171 195
171 198
171 204
171 210
171 211
171 213
171 218
171 220
171 228
171 230
171 231
171 232
171 233
171 234
171 245
171 251
171 252
171 254
171 268
171 271
171 275
171 276
171 285
171 286
171 291
171 300
171 301
171 303
171 325
171 331
171 335
171 336
171 344
171 346
172 175
172 178
172 182
172 183
172 186
172 187
172 189
172 193
172 201
172 219
172 228
172 229
172 239
172 244
172 252
172 253
172 260
172 261
172 266
172 273
172 276
172 277
172 282
172 287
172 295
172 305
172 309
172 312
172 327
172 330
172 332
172 335
172 342
172 345
172 346
173 174
173 180
173 184
173 187
173 194
173 196
173 199
173 200
173 205
173 206
173 207
173 212
173 215
173 222
173 234
173 237
173 238
173 243
173 246
173 251
173 260
173 263
173 268
173 273
173 277
173 278
173 280
173 285
173 286
173 290
173 293
173 315
173 316
173 318
173 321
173 334
173 338
173 343
174 178
174 187
174 197
174 198
174 199
174 204
174 205
174 207
174 218
174 222
174 225
174 235
174 243
174 245
174 248
174 249
174 261
174 262
174 265
174 269
174 285
174 290
174 301
174 302
174 311
174 323
174 330
174 331
174 332
174 333
174 335
174 340
174 348
175 178
175 179
175 180
175 187
175 196
175 200
175 206
175 212
175 224
175 225
175 226
175 227
175 231
175 236
175 241
175 243
175 244
175 250
175 256
175 262
175 264
175 267
175 271
175 272
175 276
175 283
175 286
175 291
175 293
175 295
175 307
175 311
175 315
175 319
175 323
176 182
176 185
176 195
176 198
176 200
176 202
176 203
176 204
176 207
176 220
176 225
176 234
176 235
176 241
176 254
176 255
176 262
176 272
176 280
176 282
176 283
176 288
176 300
176 302
176 304
176 305
176 307
176 309
176 310
176 311
176 317
176 318
176 322
176 328
176 337
177 178
177 185
177 186
177 191
177 192
177 198
177 200
177 209
177 211
177 212
177 233
177 237
177 241
177 243
177 247
177 254
177 256
177 267
177 268
177 269
177 272
177 281
177 283
177 284
177 289
177 292
177 303
177 308
177 312
177 314
177 320
177 334
177 337
177 339
177 342
177 344
177 349
178 180
178 194
178 196
178 197
178 198
178 209
178 217
178 218
178 225
178 228
178 233
178 235
178 237
178 250
178 253
178 259
178 265
178 269
178 274
178 280
178 281
178 288
178 290
178 301
178 302
178 303
178 311
178 314
178 316
178 318
178 321
178 333
178 335
178 340
178 345
178 346
178 349
179 180
179 189
179 191
179 196
179 215
179 218
179 221
179 222
179 224
179 228
179 238
179 242
179 243
179 245
179 246
179 258
179 276
179 279
179 288
179 291
179 292
179 297
179 298
179 304
179 316
179 320
179 322
179 323
179 327
179 328
179 336
179 346
180 182
180 193
180 195
180 205
180 212
180 217
180 243
180 246
180 248
180 265
180 281
180 283
180 284
180 290
180 299
180 300
180 305
180 309
180 312
180 313
180 323
180 340
180 347
180 348
181 186
181 193
181 195
181 200
181 201
181 207
181 212
181 214
181 222
181 226
181 231
181 235
181 239
181 243
181 244
181 247
181 250
181 252
181 256
181 261
181 266
181 269
181 271
181 274
181 285
181 296
181 324
181 338
181 341
181 342
181 347
181 348
182 193
182 198
182 199
182 201
182 205
182 209
182 210
182 215
182 217
182 222
182 231
182 232
182 237
182 238
182 247
182 256
182 262
182 263
182 267
182 270
182 278
182 281
182 287
182 288
182 293
182 298
182 300
182 301
182 325
182 328
182 333
182 339
182 340
182 348
183 191
183 195
183 201
183 203
183 204
183 211
183 216
183 217
183 218
183 228
183 231
183 235
183 237
183 241
183 251
183 260
183 265
183 274
183 276
183 282
183 284
183 285
183 287
183 294
183 297
183 302
183 303
183 306
183 308
183 309
183 319
183 329
183 330
183 344
184 185
184 194
184 195
184 197
184 201
184 210
184 215
184 226
184 231
184 232
184 234
184 239
184 240
184 241
184 247
184 252
184 254
184 264
184 266
184 267
184 272
184 273
184 275
184 278
184 280
184 285
184 288
184 291
184 292
184 300
184 307
184 315
184 317
184 327
184 340
184 342
184 347
184 349
185 186
185 188
185 190
185 200
185 211
185 218
185 226
185 234
185 242
185 243
185 247
185 248
185 252
185 253
185 255
185 285
185 294
185 297
185 304
185 313
185 316
185 321
185 328
185 332
185 333
185 343
186 187
186 188
186 189
186 197
186 204
186 206
186 210
186 215
186 223
186 224
186 228
186 230
186 232
186 235
186 236
186 240
186 251
186 257
186 258
186 259
186 275
186 284
186 286
186 299
186 303
186 309
186 312
186 315
186 316
186 324
186 325
186 328
186 329
186 337
186 338
186 343
187 188
187 189
187 195
187 201
187 208
187 219
187 223
187 231
187 235
187 236
187 243
187 249
187 251
187 253
187 254
187 255
187 263
187 264
187 265
187 268
187 281
187 290
187 293
187 294
187 301
187 314
187 316
187 317
187 327
187 328
187 329
187 332
187 334
187 335
187 339
188 189
188 208
188 210
188 214
188 216
188 219
188 221
188 243
188 244
188 246
188 249
188 250
188 251
188 256
188 268
188 271
188 272
188 281
188 295
188 300
188 303
188 306
188 310
188 312
188 314
188 319
188 325
188 333
188 339
188 341
188 342
189 194
189 196
189 199
189 201
189 202
189 204
189 209
189 210
189 215
189 216
189 221
189 227
189 228
189 236
189 238
189 239
189 240
189 248
189 249
189 251
189 252
189 253
189 258
189 262
189 271
189 273
189 277
189 293
189 295
189 307
189 313
189 317
189 320
189 324
189 334
189 335
189 339
189 340
189 344
189 348
190 191
190 193
190 195
190 199
190 205
190 208
190 220
190 222
190 225
190 229
190 233
190 236
190 238
190 264
190 273
190 283
190 287
190 291
190 296
190 297
190 298
190 300
190 319
190 323
190 325
190 326
190 328
190 329
190 330
190 331
190 336
190 342
190 343
190 348
191 194
191 202
191 213
191 215
191 222
191 230
191 231
191 234
191 242
191 252
191 254
191 256
191 260
191 265
191 267
191 274
191 286
191 289
191 299
191 312
191 324
191 330
191 337
191 344
191 348
192 195
192 196
192 198
192 200
192 202
192 206
192 213
192 216
192 221
192 226
192 235
192 253
192 256
192 258
192 268
192 270
192 275
192 281
192 298
192 301
192 310
192 316
192 321
192 324
192 330
192 339
192 342
192 347
192 348
193 194
193 196
193 198
193 204
193 211
193 220
193 228
193 235
193 242
193 252
193 261
193 278
193 285
193 303
193 311
193 316
193 330
193 331
193 334
193 335
193 345
193 348
194 203
194 206
194 212
194 230
194 234
194 240
194 241
194 246
194 252
194 255
194 262
194 266
194 271
194 276
194 279
194 292
194 306
194 311
194 312
194 315
194 321
194 324
194 325
194 326
194 331
194 338
194 344
195 200
195 205
195 221
195 226
195 229
195 234
195 245
195 254
195 258
195 260
195 262
195 275
195 278
195 294
195 295
195 301
195 304
195 320
195 322
195 331
195 332
195 335
195 336
195 345
195 349
196 199
196 200
196 206
196 216
196 221
196 228
196 232
196 234
196 238
196 240
196 250
196 259
196 265
196 273
196 282
196 289
196 296
196 298
196 303
196 310
196 318
196 330
196 333
196 335
196 336
197 198
197 201
197 203
197 212
197 214
197 221
197 235
197 237
197 244
197 246
197 250
197 252
197 264
197 265
197 267
197 275
197 283
197 295
197 299
197 303
197 304
197 310
197 315
197 316
197 319
197 324
197 326
197 328
197 334
197 335
197 336
197 346
197 347
198 199
198 200
198 207
198 215
198 219
198 224
198 226
198 230
198 232
198 233
198 238
198 240
198 241
198 242
198 250
198 251
198 253
198 261
198 263
198 264
198 266
198 267
198 269
198 276
198 287
198 288
198 292
198 293
198 294
198 295
198 303
198 312
198 319
198 321
198 325
198 332
198 333
198 338
198 342
198 343
198 346
198 349
199 201
199 206
199 227
199 230
199 231
199 236
199 237
199 241
199 242
199 243
199 256
199 279
199 280
199 282
199 284
199 289
199 292
199 298
199 307
199 308
199 321
199 324
199 330
199 331
199 334
199 338
199 348
200 201
200 203
200 211
200 215
200 220
200 222
200 225
200 236
200 239
200 243
200 245
200 249
200 265
200 269
200 272
200 277
200 306
200 311
200 334
200 336
200 339
200 340
200 345
200 346
201 202
201 203
201 218
201 224
201 227
201 230
201 235
201 236
201 241
201 247
201 256
201 259
201 266
201 272
201 274
201 276
201 277
201 278
201 279
201 282
201 285
201 288
201 289
201 293
201 294
201 295
201 297
201 301
201 307
201 310
201 322
201 326
201 327
201 340
201 342
201 345
201 347
202 203
202 204
202 215
202 216
202 219
202 221
202 226
202 240
202 241
202 243
202 245
202 247
202 249
202 250
202 257
202 263
202 267
202 272
202 273
202 282
202 287
202 289
202 291
202 295
202 296
202 297
202 299
202 302
202 306
202 308
202 314
202 317
202 318
202 325
202 335
202 337
202 340
203 208
203 213
203 224
203 238
203 241
203 254
203 262
203 266
203 273
203 288
203 292
203 297
203 298
203 331
203 333
203 334
203 336
203 341
203 344
204 208
204 213
204 217
204 225
204 226
204 232
204 245
204 278
204 285
204 287
204 293
204 295
204 306
204 315
204 316
204 333
204 334
204 336
204 337
204 344
205 223
205 227
205 231
205 236
205 240
205 245
205 247
205 269
205 271
205 277
205 279
205 282
205 283
205 286
205 287
205 292
205 298
205 304
205 309
205 314
205 325
205 330
205 331
205 348
206 211
206 214
206 215
206 216
206 222
206 226
206 227
206 244
206 247
206 248
206 250
206 263
206 273
206 274
206 275
206 277
206 282
206 283
206 284
206 292
206 297
206 298
206 305
206 310
206 313
206 315
206 331
206 334
206 335
206 336
206 345
207 217
207 221
207 230
207 236
207 237
207 239
207 241
207 243
207 249
207 254
207 260
207 263
207 265
207 271
207 272
207 279
207 281
207 295
207 298
207 303
207 304
207 320
207 327
207 336
207 337
207 348
208 209
208 216
208 221
208 233
208 235
208 237
208 238
208 241
208 251
208 279
208 286
208 289
208 301
208 306
208 307
208 309
208 313
208 314
208 315
208 323
208 337
208 347
209 217
209 220
209 221
209 223
209 227
209 228
209 231
209 237
209 241
209 242
209 248
209 251
209 255
209 258
209 264
209 271
209 272
209 286
209 298
209 309
209 312
209 313
209 317
209 323
209 334
209 342
210 214
210 218
210 220
210 223
210 224
210 226
210 231
210 236
210 241
210 249
210 258
210 262
210 266
210 269
210 273
210 276
210 279
210 281
210 291
210 309
210 311
210 312
210 313
210 321
210 325
210 330
210 331
210 335
210 338
210 339
210 345
210 348
211 212
211 217
211 230
211 231
211 233
211 237
211 239
211 241
211 242
211 249
211 255
211 260
211 264
211 272
211 275
211 283
211 288
211 295
211 297
211 300
211 319
211 320
211 325
211 334
211 338
211 340
211 347
211 349
212 215
212 230
212 233
212 234
212 235
212 240
212 247
212 249
212 258
212 259
212 260
212 261
212 269
212 272
212 274
212 275
212 286
212 297
212 298
212 313
212 320
212 326
212 327
212 338
212 340
212 341
212 343
212 345
213 218
213 224
213 231
213 235
213 236
213 237
213 240
213 241
213 244
213 245
213 247
213 264
213 267
213 280
213 282
213 285
213 299
213 303
213 304
213 307
213 308
213 309
213 324
213 332
213 338
213 339
213 345
214 215
214 217
214 222
214 228
214 233
214 236
214 237
214 240
214 248
214 263
214 268
214 273
214 276
214 278
214 280
214 281
214 289
214 292
214 302
214 303
214 305
214 309
214 317
214 319
214 326
214 330
214 332
214 334
214 339
214 344
215 216
215 227
215 228
215 230
215 233
215 234
215 237
215 248
215 250
215 253
215 259
215 260
215 264
215 266
215 267
215 275
215 278
215 279
215 283
215 285
215 295
215 300
215 301
215 307
215 309
215 319
215 320
215 326
215 335
215 337
215 338
215 341
215 348
216 219
216 220
216 222
216 226
216 229
216 233
216 236
216 237
216 248
216 252
216 253
216 266
216 270
216 274
216 277
216 278
216 290
216 291
216 294
216 295
216 297
216 300
216 303
216 306
216 309
216 312
216 316
216 322
216 335
216 342
216 343
217 220
217 224
217 225
217 236
217 237
217 242
217 244
217 261
217 266
217 271
217 272
217 278
217 282
217 288
217 294
217 298
217 302
217 305
217 306
217 309
217 310
217 311
217 312
217 320
217 324
217 333
217 336
217 341
217 344
218 221
218 222
218 223
218 225
218 228
218 229
218 230
218 231
218 247
218 249
218 255
218 263
218 276
218 281
218 283
218 292
218 298
218 318
218 324
218 331
218 339
218 348
219 225
219 245
219 248
219 256
219 262
219 266
219 270
219 272
219 275
219 279
219 283
219 284
219 287
219 289
219 300
219 303
219 304
219 305
219 312
219 319
219 321
219 322
219 330
219 331
219 340
220 222
220 229
220 255
220 256
220 274
220 277
220 290
220 309
220 319
220 324
220 337
221 226
221 228
221 230
221 235
221 246
221 249
221 260
221 268
221 277
221 283
221 285
221 289
221 292
221 299
221 301
221 317
221 330
221 333
221 338
221 339
221 342
221 344
222 225
222 232
222 233
222 234
222 240
222 245
222 249
222 267
222 268
222 269
222 271
222 278
222 281
222 282
222 283
222 286
222 291
222 293
222 309
222 314
222 319
222 320
222 322
222 324
222 326
222 327
222 332
222 333
222 339
222 344
222 349
223 226
223 229
223 236
223 241
223 248
223 251
223 252
223 253
223 257
223 260
223 272
223 280
223 282
223 288
223 298
223 299
223 300
223 305
223 306
223 308
223 315
223 320
223 324
223 330
223 333
223 334
223 339
223 343
223 346
224 225
224 236
224 252
224 253
224 261
224 264
224 265
224 276
224 288
224 290
224 292
224 299
224 309
224 314
224 318
224 319
224 329
224 330
224 332
224 344
225 230
225 240
225 243
225 247
225 254
225 260
225 262
225 263
225 266
225 268
225 269
225 285
225 289
225 296
225 300
225 302
225 304
225 312
225 314
225 321
225 326
225 328
225 329
225 330
225 334
225 340
225 343
225 349
226 234
226 235
226 240
226 244
226 247
226 251
226 254
226 256
226 265
226 266
226 271
226 282
226 284
226 288
226 289
226 295
226 297
226 302
226 305
226 308
226 318
226 327
226 328
226 333
226 334
226 335
226 339
226 349
227 230
227 231
227 234
227 235
227 243
227 253
227 255
227 262
227 263
227 273
227 277
227 294
227 296
227 302
227 303
227 308
227 314
227 317
227 324
227 327
227 328
227 332
227 333
227 336
227 339
227 345
228 235
228 254
228 276
228 283
228 286
228 290
228 300
228 302
228 304
228 310
228 332
228 333
228 336
228 337
228 345
228 346
229 233
229 241
229 251
229 253
229 256
229 258
229 262
229 265
229 268
229 271
229 275
229 285
229 291
229 292
229 300
229 302
229 305
229 306
229 309
229 313
229 315
229 324
229 331
229 336
229 342
229 344
230 238
230 244
230 252
230 261
230 262
230 263
230 264
230 270
230 280
230 289
230 290
230 291
230 292
230 295
230 297
230 304
230 307
230 310
230 322
230 331
230 334
230 336
230 344
231 241
231 245
231 252
231 255
231 256
231 258
231 260
231 263
231 265
231 269
231 276
231 278
231 280
231 281
231 286
231 288
231 294
231 305
231 306
231 308
231 310
231 312
231 324
231 326
231 330
231 332
231 348
232 236
232 241
232 255
232 260
232 263
232 265
232 271
232 272
232 281
232 291
232 296
232 315
232 329
232 330
232 331
232 337
232 339
232 346
233 236
233 238
233 239
233 243
233 264
233 265
233 268
233 271
233 272
233 280
233 282
233 289
233 291
233 293
233 294
233 295
233 299
233 301
233 306
233 316
233 317
233 321
233 332
233 339
233 341
233 343
234 239
234 241
234 244
234 249
234 255
234 266
234 276
234 280
234 283
234 306
234 307
234 308
234 310
234 317
234 320
234 322
234 323
234 328
234 345
234 349
235 237
235 244
235 245
235 255
235 257
235 259
235 260
235 262
235 265
235 266
235 267
235 270
235 273
235 274
235 278
235 279
235 282
235 283
235 284
235 290
235 299
235 304
235 316
235 322
235 324
235 326
235 333
235 335
235 343
235 348
236 237
236 243
236 255
236 257
236 258
236 264
236 266
236 268
236 272
236 281
236 283
236 286
236 287
236 301
236 302
236 303
236 304
236 307
236 318
236 327
236 348
237 249
237 253
237 262
237 266
237 281
237 282
237 283
237 289
237 292
237 295
237 304
237 312
237 318
237 323
237 325
237 326
237 327
237 330
237 331
237 336
237 341
238 239
238 243
238 245
238 246
238 247
238 250
238 253
238 261
238 263
238 270
238 274
238 277
238 283
238 289
238 295
238 301
238 302
238 310
238 323
238 326
238 327
238 335
238 337
238 343
238 344
238 348
239 245
239 257
239 259
239 260
239 261
239 263
239 266
239 268
239 269
239 275
239 277
239 282
239 289
239 291
239 299
239 300
239 302
239 303
239 311
239 327
239 329
239 330
239 334
239 337
239 339
239 340
239 345
240 243
240 249
240 252
240 254
240 257
240 264
240 270
240 272
240 275
240 276
240 277
240 281
240 285
240 287
240 290
240 294
240 299
240 301
240 302
240 315
240 318
240 321
240 337
240 345
240 349
241 242
241 253
241 259
241 266
241 279
241 292
241 294
241 298
241 304
241 311
241 327
241 334
241 337
241 339
241 347
242 245
242 246
242 252
242 255
242 269
242 270
242 276
242 277
242 283
242 300
242 305
242 308
242 310
242 312
242 314
242 318
242 326
242 327
242 330
242 332
242 337
242 338
242 343
243 247
243 257
243 259
243 261
243 265
243 268
243 280
243 282
243 286
243 287
243 289
243 293
243 300
243 314
243 315
243 316
243 318
243 321
243 322
243 328
243 329
243 333
244 248
244 254
244 259
244 260
244 262
244 264
244 267
244 272
244 274
244 276
244 280
244 286
244 288
244 291
244 292
244 299
244 301
244 306
244 307
244 311
244 314
244 323
244 330
244 336
244 345
244 346
244 347
245 254
245 255
245 257
245 260
245 261
245 263
245 273
245 274
245 277
245 280
245 283
245 284
245 288
245 295
245 298
245 303
245 315
245 319
245 320
245 322
245 323
245 325
245 331
245 334
245 335
245 343
246 248
246 258
246 264
246 265
246 272
246 275
246 276
246 284
246 288
246 292
246 293
246 299
246 310
246 311
246 320
246 321
246 334
246 335
246 336
246 338
246 348
247 249
247 252
247 256
247 258
247 263
247 265
247 267
247 283
247 287
247 288
247 289
247 303
247 306
247 309
247 313
247 316
247 317
247 322
247 324
247 328
247 329
247 332
247 341
247 343
247 347
248 251
248 259
248 269
248 270
248 275
248 282
248 297
248 302
248 303
248 304
248 307
248 313
248 315
248 317
248 320
248 321
248 327
248 332
248 334
248 335
248 341
248 344
248 345
248 347
249 257
249 259
249 264
249 271
249 274
249 276
249 281
249 284
249 288
249 294
249 306
249 312
249 319
249 333
249 336
249 337
249 344
249 346
250 258
250 263
250 268
250 269
250 274
250 287
250 294
250 307
250 315
250 318
250 322
250 323
250 339
250 342
250 346
250 347
251 252
251 253
251 254
251 267
251 290
251 297
251 301
251 314
251 320
251 323
251 326
251 334
251 340
251 345
252 260
252 261
252 265
252 269
252 270
252 273
252 274
252 278
252 284
252 285
252 287
252 288
252 290
252 294
252 295
252 296
252 304
252 305
252 309
252 315
252 317
252 318
252 320
252 326
252 332
252 334
252 335
252 345
253 255
253 257
253 262
253 264
253 267
253 271
253 279
253 286
253 288
253 289
253 292
253 298
253 305
253 306
253 309
253 314
253 315
253 325
253 328
253 341
254 255
254 271
254 273
254 275
254 279
254 281
254 287
254 302
254 304
254 319
254 333
254 335
254 340
254 342
254 349
255 261
255 266
255 271
255 273
255 275
255 286
255 289
255 291
255 294
255 298
255 303
255 307
255 311
255 317
255 328
255 334
255 335
255 341
255 349
256 260
256 262
256 264
256 265
256 266
256 269
256 270
256 272
256 275
256 283
256 285
256 289
256 294
256 299
256 323
256 326
256 328
256 329
256 341
256 344
256 346
256 348
257 261
257 262
257 265
257 285
257 286
257 288
257 293
257 305
257 309
257 313
257 315
257 317
257 324
257 325
257 327
257 331
257 342
258 262
258 266
258 271
258 274
258 277
258 278
258 284
258 285
258 290
258 294
258 298
258 300
258 302
258 303
258 305
258 311
258 313
258 314
258 318
258 323
258 326
258 327
258 328
258 338
258 347
258 348
259 261
259 268
259 270
259 274
259 278
259 281
259 282
259 298
259 312
259 314
259 322
259 326
259 327
259 329
259 338
259 342
259 344
260 261
260 268
260 272
260 275
260 280
260 281
260 287
260 290
260 303
260 307
260 314
260 323
260 333
260 343
261 265
261 267
261 269
261 273
261 274
261 284
261 288
261 292
261 293
261 300
261 301
261 307
261 319
261 324
261 325
261 326
261 329
261 331
261 332
261 336
261 340
261 347
261 348
262 271
262 276
262 284
262 291
262 293
262 295
262 301
262 303
262 316
262 319
262 332
262 335
262 342
262 349
263 274
263 277
263 282
263 290
263 294
263 300
263 302
263 304
263 307
263 308
263 310
263 314
263 315
263 317
263 318
263 319
263 337
263 343
263 344
263 347
264 268
264 276
264 284
264 288
264 292
264 294
264 295
264 298
264 309
264 311
264 312
264 324
264 325
264 329
264 332
264 333
264 336
264 347
265 266
265 269
265 270
265 275
265 278
265 280
265 283
265 288
265 289
265 295
265 297
265 298
265 304
265 306
265 307
265 308
265 311
265 314
265 326
265 329
266 276
266 277
266 281
266 288
266 290
266 307
266 318
266 319
266 333
266 341
266 344
267 273
267 278
267 279
267 281
267 285
267 295
267 305
267 308
267 311
267 315
267 317
267 329
267 335
267 343
267 348
268 272
268 280
268 291
268 294
268 298
268 314
268 320
268 325
268 326
268 327
268 330
268 334
268 344
268 348
269 272
269 289
269 299
269 304
269 310
269 313
269 317
269 333
269 338
270 274
270 281
270 298
270 300
270 306
270 307
270 318
270 319
270 330
270 335
270 337
270 349
271 286
271 291
271 297
271 303
271 315
271 316
271 320
271 321
271 322
271 329
271 345
271 348
272 283
272 288
272 289
272 291
272 293
272 297
272 299
272 305
272 314
272 316
272 317
272 330
272 336
272 341
272 347
273 283
273 299
273 306
273 308
273 310
273 316
273 328
273 344
273 345
274 276
274 288
274 296
274 297
274 303
274 305
274 309
274 310
274 318
274 321
274 326
274 333
274 346
274 349
275 279
275 280
275 281
275 284
275 285
275 293
275 297
275 299
275 313
275 315
275 323
275 326
275 327
275 335
275 337
275 339
275 340
275 349
276 279
276 296
276 298
276 301
276 305
276 308
276 327
276 332
276 336
276 337
276 344
277 283
277 284
277 295
277 296
277 300
277 301
277 307
277 309
277 311
277 315
277 323
277 328
277 335
277 339
277 344
277 346
277 347
277 349
278 279
278 281
278 287
278 297
278 300
278 304
278 308
278 309
278 310
278 312
278 316
278 317
278 323
278 327
278 329
278 334
278 336
278 337
278 338
278 341
278 347
278 348
279 280
279 287
279 288
279 292
279 297
279 307
279 318
279 320
279 323
279 327
279 332
279 333
279 347
280 292
280 293
280 296
280 297
280 304
280 305
280 310
280 315
280 322
280 323
280 332
280 333
280 337
280 338
280 341
280 342
280 343
280 344
280 347
281 284
281 288
281 295
281 297
281 322
281 323
281 329
281 334
281 338
281 341
281 342
281 345
282 290
282 293
282 299
282 306
282 311
282 313
282 314
282 322
282 323
282 326
282 335
282 339
283 287
283 299
283 305
283 315
283 316
283 317
283 335
283 336
283 340
283 341
283 344
284 285
284 287
284 295
284 297
284 301
284 306
284 308
284 319
284 324
284 326
284 338
285 289
285 294
285 295
285 296
285 302
285 307
285 313
285 325
285 326
285 329
285 330
285 342
285 344
286 288
286 298
286 300
286 304
286 305
286 309
286 310
286 319
286 320
286 327
286 328
286 340
286 345
287 288
287 290
287 292
287 295
287 300
287 307
287 308
287 315
287 316
287 327
287 329
287 332
287 344
287 345
287 346
288 295
288 297
288 310
288 311
288 313
288 316
288 321
288 327
288 338
288 348
289 294
289 303
289 313
289 315
289 321
289 327
289 328
289 332
289 333
289 339
289 340
289 346
289 348
290 303
290 304
290 314
290 323
290 328
290 331
290 341
290 348
291 297
291 299
291 301
291 306
291 307
291 313
291 315
291 319
291 321
291 323
291 325
291 326
291 330
291 334
291 343
291 345
292 295
292 296
292 301
292 305
292 307
292 309
292 312
292 313
292 320
292 322
292 327
292 331
292 337
292 340
292 343
293 303
293 306
293 308
293 315
293 318
293 320
293 324
293 325
293 336
293 340
293 342
294 297
294 299
294 301
294 303
294 309
294 312
294 314
294 321
294 322
294 324
294 326
294 329
294 332
294 343
294 345
294 348
294 349
295 322
295 324
295 327
295 330
295 333
295 337
295 339
296 299
296 307
296 312
296 314
296 318
296 320
296 329
296 331
296 337
296 339
297 305
297 307
297 314
297 315
297 323
297 336
297 349
298 299
298 301
298 305
298 309
298 310
298 315
298 335
298 342
298 344
298 347
299 301
299 307
299 318
299 323
299 329
299 332
299 337
299 340
299 345
299 349
300 301
300 305
300 313
300 316
300 317
300 318
300 321
300 327
300 328
300 335
300 339
300 345
300 346
301 302
301 303
301 316
301 319
301 320
301 322
301 327
301 328
301 331
301 341
301 343
301 346
302 303
302 308
302 309
302 311
302 314
302 329
302 334
302 342
302 343
303 305
303 317
303 322
303 332
303 333
303 336
303 346
303 347
304 307
304 313
304 314
304 316
304 321
304 327
304 328
304 329
304 330
304 332
304 335
304 338
304 349
305 316
305 320
305 321
305 323
305 326
305 328
305 332
305 333
305 334
305 340
305 345
306 307
306 311
306 312
306 321
306 325
306 326
306 344
307 311
307 331
307 345
308 314
308 328
308 334
308 338
308 343
308 348
309 313
309 314
309 319
309 322
309 324
309 334
309 335
309 336
309 338
309 341
309 344
310 312
310 320
310 325
310 331
310 339
310 340
310 343
311 314
311 319
311 323
311 329
311 333
311 340
311 345
312 315
312 322
312 323
312 324
312 328
312 333
312 340
312 345
312 347
312 348
312 349
313 318
313 322
313 328
313 329
313 340
313 345
313 347
314 319
314 321
314 323
314 324
314 326
314 333
314 339
314 348
315 320
315 325
315 327
315 330
315 339
315 346
315 349
316 324
316 325
316 328
316 331
316 342
316 348
317 318
317 330
317 334
317 335
317 336
317 343
317 349
318 319
318 324
318 349
319 320
319 341
319 345
319 346
319 349
320 321
320 322
320 327
320 328
320 331
320 338
320 342
320 347
320 348
321 327
321 328
321 332
321 333
321 334
321 339
322 324
322 325
322 329
322 333
322 339
322 344
322 348
323 330
323 332
323 339
323 344
324 331
324 337
324 341
324 344
324 345
324 347
325 341
325 342
325 343
326 327
326 333
326 334
326 336
326 342
326 345
326 346
326 347
327 349
328 332
328 334
328 335
328 337
328 339
328 348
329 336
329 338
329 340
329 349
330 332
330 343
330 346
331 344
331 348
332 333
332 335
332 340
332 343
332 344
333 334
333 340
333 343
335 342
335 344
335 346
335 347
335 349
337 347
338 342
338 347
338 348
339 341
339 348
341 344
341 346
341 348
342 347
342 348
343 346
343 347
344 349
348 349
