138 493
0 35
35 4
35 5
35 6
35 10
35 12
35 15
35 17
35 19
35 20
35 25
35 27
35 32
35 82
35 51
35 36
35 47
35 70
35 136
35 132
35 124
35 78
35 50
35 75
35 99
35 63
35 126
35 58
35 114
35 44
35 98
35 80
35 134
35 90
35 135
35 65
35 115
35 76
35 79
35 107
35 105
35 92
35 71
35 94
35 73
35 102
35 84
35 88
35 117
35 137
1 44
44 5
44 17
44 73
44 114
44 63
44 135
44 94
44 81
44 60
44 137
44 126
2 73
73 5
73 6
73 10
73 13
73 15
73 16
73 17
73 18
73 19
73 20
73 28
73 29
73 32
73 43
73 45
73 58
73 59
73 64
73 67
73 71
73 82
73 107
73 129
73 126
73 115
73 98
73 80
73 90
73 135
73 118
73 116
73 122
73 91
73 77
73 84
73 88
73 137
73 134
73 94
73 74
73 104
3 17
17 5
17 6
17 7
17 8
17 10
17 12
17 14
17 15
17 107
17 38
17 67
17 45
17 129
17 78
17 27
17 71
17 50
17 75
17 99
17 30
17 40
17 62
17 25
17 32
17 18
17 88
17 77
17 43
17 58
17 82
17 106
17 115
17 98
17 80
17 90
17 113
17 112
17 120
17 61
17 39
17 89
17 34
17 63
17 22
17 84
17 52
17 117
17 131
17 87
17 79
17 49
17 95
17 20
17 86
17 54
17 122
17 91
17 134
17 94
17 28
17 74
17 19
17 104
17 135
17 137
17 126
17 102
5 135
5 20
135 6
135 8
135 18
135 19
135 20
135 25
135 58
135 63
135 77
135 80
135 82
135 84
135 88
135 90
135 92
135 94
135 98
135 107
135 114
135 115
135 134
135 137
20 19
20 67
20 77
20 137
20 43
20 91
6 115
6 98
6 80
6 134
6 90
6 137
6 117
115 23
115 36
115 48
115 51
115 69
115 71
115 76
115 80
115 90
115 94
115 98
115 105
115 108
115 111
115 130
115 136
115 127
115 134
115 137
115 132
98 50
98 75
98 77
98 80
98 90
98 94
98 99
98 137
98 134
80 137
80 134
80 90
134 8
134 13
134 16
134 19
134 28
134 58
134 59
134 64
134 77
134 82
134 84
134 88
134 90
134 94
134 107
134 116
134 118
134 128
134 137
90 137
137 8
137 15
137 18
137 19
137 28
137 32
137 45
137 46
137 52
137 53
137 57
137 58
137 63
137 67
137 71
137 77
137 82
137 84
137 88
137 94
137 107
137 111
137 117
137 119
137 125
137 126
137 129
137 133
117 52
117 84
117 125
7 131
8 88
8 82
88 18
88 32
88 57
88 71
88 77
88 82
88 84
88 107
88 125
82 58
82 62
9 97
9 94
97 94
97 123
94 11
94 19
94 21
94 24
94 25
94 28
94 29
94 32
94 33
94 36
94 37
94 46
94 50
94 53
94 60
94 63
94 64
94 69
94 71
94 75
94 76
94 78
94 81
94 92
94 93
94 109
94 119
94 114
94 121
94 96
94 108
94 123
94 99
94 103
94 107
94 105
11 103
11 60
103 60
60 33
60 93
60 99
60 81
12 102
13 77
77 16
77 18
77 19
77 32
77 122
77 91
15 19
15 32
19 16
19 67
19 45
19 129
19 32
19 91
19 29
19 28
32 53
32 63
32 119
32 99
32 71
107 71
107 84
107 105
67 45
67 129
45 129
78 27
78 71
27 71
71 21
71 23
71 24
71 29
71 31
71 36
71 37
71 46
71 48
71 53
71 55
71 56
71 63
71 66
71 69
71 101
71 83
71 109
71 119
71 99
71 130
71 108
71 121
71 111
71 72
71 100
71 110
71 76
71 132
71 105
71 84
71 92
50 75
50 99
75 99
99 33
99 53
99 93
99 109
40 126
25 63
61 39
61 63
39 63
89 34
89 63
34 63
63 53
63 119
84 52
84 57
84 133
84 125
52 133
49 95
54 122
54 91
122 91
28 126
28 29
29 26
29 68
21 53
53 119
53 69
53 56
53 66
53 76
24 121
121 42
68 85
31 56
31 69
31 72
31 100
31 76
56 69
56 72
56 100
56 76
69 72
69 100
69 76
72 100
72 76
100 76
76 36
76 66
119 111
33 93
51 105
136 48
136 108
132 41
132 48
132 105
132 108
132 110
132 127
132 130
114 92
114 96
92 96
46 83
83 101
48 130
57 125
59 116
