85 219
0 1
0 5
0 6
0 7
1 2
1 7
1 8
1 9
2 3
2 9
3 4
3 9
3 10
3 11
4 11
4 22
5 6
5 12
5 13
5 44
6 7
6 13
6 14
6 15
7 8
7 15
7 17
8 9
8 10
8 17
8 18
8 19
9 10
10 11
10 19
10 20
10 21
11 21
11 22
12 43
12 44
13 14
13 44
13 45
13 46
14 15
14 16
14 30
14 46
14 47
15 16
15 17
16 17
16 28
16 29
16 30
17 18
17 27
17 28
18 19
18 26
18 27
19 20
19 26
20 21
20 23
20 24
20 25
20 26
21 22
21 23
22 23
22 31
23 24
23 31
23 32
23 33
24 25
24 33
25 26
25 33
25 35
25 36
26 27
26 36
26 38
27 28
27 38
28 29
28 38
28 39
29 30
29 39
29 41
29 42
30 42
30 47
30 48
31 32
31 63
32 33
32 62
32 63
33 34
33 35
33 63
33 64
34 35
34 37
34 64
34 65
35 36
35 37
36 37
36 38
37 38
37 65
37 66
37 68
38 39
38 40
38 68
38 69
39 40
39 41
39 70
40 69
40 70
41 42
41 49
41 70
41 71
42 48
42 49
42 50
43 44
43 51
43 52
43 53
44 45
44 51
44 56
45 46
45 56
45 57
46 47
46 57
47 48
47 57
47 58
48 50
48 58
48 59
49 50
49 71
49 72
50 59
50 60
50 72
51 53
51 56
51 80
52 53
52 54
52 84
53 54
53 55
53 80
54 55
54 82
54 83
54 84
55 80
55 81
55 82
56 57
56 79
56 80
57 58
57 79
58 59
58 60
58 78
58 79
59 60
60 61
60 72
60 75
60 77
60 78
61 72
61 73
61 75
61 77
62 63
63 64
64 65
65 66
66 67
66 68
67 68
68 69
69 70
70 71
71 72
72 73
73 74
73 75
74 75
75 76
75 77
76 77
77 78
78 79
79 80
80 81
81 82
82 83
83 84
