274 669
0 2
0 3
0 11
0 72
0 130
0 155
0 161
0 206
0 262
1 10
1 29
1 42
1 54
1 78
1 79
1 199
4 124
4 135
4 195
4 249
5 6
5 14
5 131
5 140
5 150
5 205
5 220
6 143
7 22
7 24
7 30
7 97
7 134
7 150
7 210
8 19
8 22
8 25
8 97
8 100
8 112
8 128
8 197
8 273
9 34
9 173
9 203
10 24
10 29
10 35
10 42
10 54
10 59
10 81
10 183
10 186
10 187
10 199
10 210
10 228
10 272
11 72
11 115
11 130
11 155
11 161
11 206
11 217
11 262
12 46
12 47
12 68
12 105
12 112
12 125
12 128
12 134
12 182
12 197
12 265
13 45
13 67
13 87
13 159
13 170
13 194
13 208
13 242
13 246
14 15
14 148
14 150
14 205
14 215
14 220
14 225
15 16
15 56
15 57
15 58
15 148
15 150
15 160
15 205
15 225
15 250
16 120
17 130
17 141
17 155
17 192
17 241
17 263
18 20
18 71
18 86
18 98
18 207
19 25
19 41
19 100
19 112
19 273
20 71
20 86
20 98
20 100
20 184
20 207
20 273
21 213
21 250
22 24
22 30
22 97
22 134
22 150
22 205
22 210
22 257
23 24
24 59
24 97
24 210
25 41
25 100
25 108
25 112
26 60
26 267
27 196
27 233
28 144
28 181
28 246
28 255
29 35
29 42
29 54
29 186
29 199
29 228
29 272
30 67
30 79
30 91
30 97
30 210
30 259
31 221
31 236
31 237
31 241
32 61
32 109
32 145
32 180
32 200
32 203
32 230
33 195
34 173
34 203
35 42
35 54
35 59
35 81
35 228
35 272
36 37
37 38
37 47
37 52
37 55
37 142
37 167
37 212
37 214
38 39
38 48
38 167
38 227
40 41
42 54
42 186
42 199
42 228
42 272
43 61
43 85
43 98
43 184
43 186
43 187
43 189
43 230
43 240
44 121
44 271
45 67
45 208
45 216
45 224
45 242
45 246
45 255
46 47
46 49
46 197
47 48
47 50
47 52
47 135
47 160
47 188
47 212
47 257
48 51
48 103
48 204
52 53
52 55
52 135
52 142
52 167
52 188
52 212
52 214
52 244
52 257
53 204
54 78
54 91
54 199
54 259
54 272
55 117
55 142
55 167
55 212
55 214
59 81
59 183
59 187
59 210
59 228
59 273
60 121
61 109
61 145
61 180
61 189
61 200
61 230
62 63
62 74
62 153
62 161
62 268
63 164
63 223
64 65
64 66
64 87
64 159
67 91
67 208
67 242
67 246
68 105
68 113
68 134
68 197
69 129
69 133
69 260
70 122
70 139
70 147
70 153
70 163
70 164
71 86
71 98
71 184
71 207
71 230
72 130
72 155
72 206
72 262
73 217
73 232
74 161
75 78
76 79
77 80
78 79
78 91
79 80
79 91
79 92
79 153
79 268
80 163
81 210
81 228
81 273
82 83
82 162
82 263
84 129
84 133
84 179
84 269
85 98
85 180
85 184
85 186
85 187
85 189
85 230
86 98
86 207
87 136
87 159
87 170
87 194
88 89
89 256
90 245
90 270
91 92
92 93
92 146
92 153
92 268
94 95
95 96
95 270
97 210
98 168
98 180
98 184
98 187
98 189
98 207
98 230
98 252
99 120
99 140
99 215
100 112
100 128
100 273
101 198
101 255
102 103
103 120
103 138
103 193
103 258
104 234
104 236
105 112
105 134
105 137
105 197
106 226
106 240
107 237
107 239
108 113
109 145
109 189
109 200
109 203
109 226
109 229
109 230
110 153
111 153
112 113
112 128
112 134
112 197
114 146
114 234
114 261
115 217
115 262
116 242
117 125
117 126
117 154
117 182
118 260
118 267
119 120
120 143
120 193
120 254
122 123
122 175
124 191
124 213
124 225
124 249
124 250
125 126
125 154
125 182
125 265
125 270
126 154
126 270
127 231
128 197
129 179
129 269
130 141
130 155
130 192
130 206
130 239
130 241
130 262
130 263
131 143
132 137
132 138
133 196
133 271
134 150
134 197
134 205
134 257
135 188
135 213
135 249
136 159
136 172
136 194
136 246
136 247
138 254
139 153
139 162
139 164
139 261
139 263
140 205
140 216
141 155
141 192
141 241
141 263
142 167
142 204
142 212
142 214
143 191
143 220
144 181
144 246
144 255
145 180
145 189
145 226
145 230
145 240
146 147
146 153
146 234
146 261
146 268
147 175
147 261
148 149
148 225
148 250
149 193
150 151
150 152
150 160
150 205
150 213
150 220
150 257
151 160
153 268
154 182
155 161
155 192
155 206
155 241
155 262
155 263
156 172
156 181
156 194
156 247
157 158
158 174
159 170
159 194
159 263
160 201
160 212
160 257
161 162
161 217
161 262
162 223
163 175
163 268
164 165
164 166
167 204
167 212
167 214
168 207
168 252
169 247
169 256
170 194
171 172
172 181
172 194
173 203
173 252
174 182
175 176
175 177
175 178
179 226
179 233
179 269
180 184
180 189
180 230
180 252
181 194
181 198
181 246
181 255
182 265
183 184
183 187
183 210
183 228
183 273
184 185
184 186
184 187
184 189
184 230
184 252
186 187
186 189
186 228
187 189
187 228
187 230
188 195
188 212
189 190
189 230
189 240
191 193
192 241
192 263
193 251
194 246
195 204
198 202
198 246
198 255
199 272
200 230
200 252
203 252
204 227
204 244
204 258
205 215
206 262
207 252
208 242
208 246
209 243
209 247
210 259
210 273
211 212
212 214
212 227
212 257
212 266
213 225
213 249
213 250
216 243
217 218
217 219
217 232
217 262
221 236
221 237
221 241
222 236
223 262
224 246
225 249
225 250
226 229
226 233
226 269
228 272
230 252
231 245
233 269
234 235
234 236
234 239
234 261
235 239
235 261
236 237
236 241
237 238
237 239
237 241
238 261
241 263
242 243
242 246
243 247
243 256
246 247
246 255
248 249
249 250
250 251
252 253
255 256
257 258
257 264
259 272
