550 825
266 268
266 395
266 325
268 260
268 64
166 190
166 294
166 392
190 125
190 11
209 408
209 491
209 228
408 455
408 533
104 453
104 43
104 137
453 304
453 447
9 490
9 131
9 54
490 118
490 116
44 420
44 138
44 160
420 151
420 215
306 340
306 437
306 371
340 51
340 484
180 201
180 217
180 165
201 223
201 197
280 288
280 502
280 46
288 473
288 397
45 394
45 133
45 377
394 492
394 88
206 500
206 160
206 501
500 193
500 32
321 487
321 349
321 196
487 20
487 345
455 330
455 77
208 528
208 61
208 333
528 517
528 163
50 91
50 187
50 294
91 396
91 106
112 331
112 231
112 397
331 438
331 192
84 498
84 383
84 341
498 165
498 128
4 249
4 207
4 536
249 218
249 332
151 67
151 199
0 108
0 194
0 72
108 114
108 125
289 372
289 532
289 37
372 457
372 274
127 301
127 62
127 404
301 272
301 98
433 493
433 452
433 316
493 14
493 283
118 140
118 286
305 344
305 101
305 17
344 246
344 334
286 492
286 60
492 479
424 444
424 72
424 311
444 191
444 270
65 255
65 491
65 61
255 335
255 225
154 193
154 511
154 185
193 79
283 316
283 389
316 129
8 386
8 482
8 342
386 194
386 248
296 542
296 549
296 521
542 400
542 263
92 465
92 31
92 117
465 54
465 451
323 379
323 12
323 363
379 495
379 33
133 7
133 115
5 60
5 300
5 547
60 300
346 399
346 275
346 405
399 204
399 391
517 29
517 55
52 428
52 426
52 439
428 434
428 264
479 426
479 236
14 145
14 257
145 187
145 134
39 229
39 62
39 143
229 463
229 219
328 341
328 144
328 407
341 123
54 132
27 93
27 357
27 138
93 488
93 254
203 426
203 24
203 110
178 253
178 111
178 16
253 170
253 181
221 233
221 313
221 401
233 290
233 128
412 429
412 272
412 449
429 157
429 177
70 171
70 534
70 276
171 299
171 176
7 235
7 507
189 271
189 540
189 81
271 434
271 548
347 467
347 173
347 509
467 53
467 183
155 544
155 385
155 152
544 393
544 107
194 38
298 425
298 382
298 397
425 494
425 156
318 440
318 365
318 470
440 390
440 432
257 540
257 521
129 244
129 364
244 355
244 205
354 362
354 380
354 258
362 279
362 332
254 522
254 287
522 214
522 256
308 502
308 473
308 167
502 458
47 470
47 279
47 211
470 516
380 250
380 164
107 332
107 213
40 431
40 449
40 247
431 152
431 527
241 421
241 503
241 21
421 291
421 195
163 529
163 140
529 162
529 195
56 128
56 359
56 149
449 366
22 382
22 422
22 281
382 237
355 42
355 25
86 156
86 443
86 119
156 230
348 403
348 415
348 264
403 137
403 195
191 447
191 181
447 396
220 263
220 284
220 74
263 400
272 546
62 533
170 51
170 12
11 516
11 218
516 23
460 519
460 186
460 507
519 407
519 20
10 273
10 515
10 471
273 319
273 384
159 262
159 186
159 175
262 483
262 251
138 468
468 226
468 416
232 484
232 369
232 314
484 476
96 224
96 102
96 533
224 205
224 496
250 136
250 41
41 117
41 68
117 85
376 385
376 234
376 526
385 512
540 416
390 548
390 79
548 509
81 196
81 168
158 409
158 520
158 35
409 69
409 378
175 489
175 317
489 365
489 442
534 418
534 121
405 524
405 539
524 442
524 537
258 523
258 274
523 225
523 313
114 469
114 302
469 77
469 182
207 100
207 375
122 482
122 261
122 485
482 310
198 310
198 295
198 228
310 423
269 361
269 481
269 438
361 282
361 312
24 197
24 290
204 168
204 53
512 515
512 278
515 146
205 116
235 377
235 434
377 507
99 215
99 102
99 161
215 330
352 395
352 315
352 64
395 438
90 157
90 73
90 16
157 339
437 435
437 162
357 349
357 411
42 466
42 335
293 327
293 508
293 281
327 97
327 414
79 413
413 169
413 350
100 546
100 527
297 474
297 478
297 184
474 383
474 503
12 350
343 450
343 68
343 326
450 88
450 113
320 448
320 87
320 417
448 217
448 307
226 441
226 337
441 57
441 353
144 213
144 223
213 430
371 530
371 541
530 142
530 324
291 322
291 406
187 349
350 543
80 466
80 418
80 276
466 314
110 238
110 199
238 130
238 511
219 392
219 63
392 509
51 418
364 78
364 538
67 336
67 497
98 367
98 89
367 72
367 130
491 216
136 541
136 172
247 374
247 46
374 49
374 227
147 259
147 200
147 15
259 46
259 430
473 3
304 499
304 83
499 302
499 527
28 177
28 391
28 538
177 15
165 411
411 88
71 404
71 363
71 462
404 148
237 427
237 33
427 243
427 457
478 19
478 214
35 63
35 103
63 137
23 345
23 402
345 101
109 116
109 314
109 402
234 435
234 312
396 334
218 545
36 302
36 464
36 547
239 463
239 334
239 183
463 139
459 494
459 200
459 48
494 16
103 212
103 200
212 462
212 275
210 436
210 309
210 174
436 486
436 353
68 256
19 148
19 13
66 410
66 356
66 504
410 169
410 384
317 388
317 295
483 356
483 329
75 477
75 265
75 503
477 161
477 173
176 300
176 242
134 89
134 513
169 18
59 160
59 443
59 246
53 358
85 261
85 368
261 17
520 97
520 549
363 78
174 366
174 43
366 230
135 545
135 102
135 432
545 461
240 311
240 172
240 140
311 26
105 123
105 518
105 243
123 265
125 115
192 518
192 120
518 417
55 256
55 505
290 497
277 476
277 464
277 1
476 188
141 445
141 532
141 339
445 57
445 181
378 388
378 508
388 172
375 401
375 324
401 464
481 13
481 139
281 446
446 38
446 398
279 179
131 251
131 142
251 29
360 510
360 514
360 82
510 248
510 442
393 368
393 82
265 179
1 150
1 126
150 217
150 230
43 351
547 541
521 497
33 514
295 223
167 475
167 324
475 539
475 439
83 94
83 488
94 452
94 435
57 415
2 514
2 307
2 227
285 457
285 264
285 416
38 329
152 69
400 76
87 454
87 182
74 121
74 471
121 119
17 506
276 245
164 432
164 211
142 342
25 381
25 423
381 21
381 543
389 292
389 173
359 307
359 526
365 525
329 315
294 101
287 368
287 58
82 97
458 506
458 292
506 162
216 335
216 260
406 486
406 384
486 106
391 124
49 185
49 407
185 313
337 472
337 299
472 242
472 153
303 330
303 454
303 202
356 485
485 373
34 471
34 326
34 333
246 488
225 312
342 452
214 89
111 546
111 20
186 76
243 495
299 284
454 326
508 184
120 231
120 543
231 535
115 132
148 430
13 501
501 124
184 270
282 387
282 168
387 373
387 18
69 270
126 64
126 536
248 369
78 222
199 245
245 513
130 402
267 398
267 95
267 536
398 236
242 153
37 439
37 535
18 451
32 113
32 15
3 538
3 58
30 161
30 531
30 252
539 456
370 495
370 443
370 61
119 513
456 48
456 73
222 461
222 31
461 422
139 196
462 153
358 525
358 252
525 505
132 315
143 333
143 319
319 26
113 353
351 480
351 202
58 260
336 95
336 537
532 6
422 325
451 309
252 338
423 338
322 537
322 504
95 419
73 535
369 106
48 182
505 31
373 6
549 211
274 124
275 414
149 339
149 76
415 278
284 202
77 188
480 21
480 6
383 417
228 278
197 188
496 419
496 236
309 183
292 26
325 29
338 531
504 531
146 526
146 227
511 419
179 414
