850 1275
123 448
123 81
123 769
448 297
448 455
328 508
328 232
328 558
508 722
508 283
431 600
431 109
431 845
600 135
600 564
381 599
381 591
381 512
599 245
599 188
98 576
98 608
98 731
576 76
576 49
296 677
296 148
296 554
677 324
677 405
651 725
651 668
651 746
725 379
725 125
596 789
596 602
596 27
789 595
789 471
671 703
671 374
671 303
703 764
703 90
429 532
429 798
429 280
532 751
532 555
146 180
146 83
146 44
180 62
180 629
343 465
343 311
343 353
465 455
465 154
398 809
398 506
398 138
809 605
809 370
135 844
135 636
844 738
844 257
75 686
75 17
75 783
686 60
686 385
191 717
191 490
191 673
717 580
717 432
672 761
672 449
672 32
761 168
761 82
24 231
24 377
24 216
231 352
231 573
148 675
148 747
675 112
675 836
183 224
183 456
183 649
224 238
224 274
199 577
199 152
199 22
577 621
577 481
294 320
294 652
294 833
320 797
320 763
490 496
490 111
496 166
496 35
319 614
319 610
319 612
614 533
614 91
108 696
108 654
108 404
696 688
696 235
243 475
243 325
243 617
475 517
475 18
590 848
590 52
590 729
848 267
848 182
127 300
127 40
127 278
300 538
300 185
520 640
520 684
520 616
640 552
640 517
51 719
51 281
51 369
719 225
719 76
374 436
374 647
161 298
161 818
161 494
298 584
298 732
221 349
221 525
221 623
349 78
349 253
152 478
152 483
478 37
478 727
621 571
621 413
189 396
189 256
189 535
396 403
396 791
664 775
664 419
664 432
775 14
775 715
2 655
2 437
2 237
655 634
655 817
290 713
290 261
290 839
713 846
713 165
122 491
122 25
122 140
491 752
491 799
66 676
66 218
66 523
676 126
676 467
417 790
417 202
417 649
790 835
790 818
572 813
572 569
572 555
813 569
813 531
440 773
440 82
440 179
773 819
773 50
72 346
72 735
72 366
346 782
346 795
25 445
25 7
104 451
104 643
104 658
451 250
451 598
218 436
218 322
436 727
373 459
373 516
373 80
459 252
459 592
632 799
632 220
632 480
799 445
49 106
49 165
106 424
106 525
489 527
489 340
489 71
527 525
527 460
603 628
603 840
603 549
628 838
628 593
5 822
5 341
5 513
822 262
822 704
133 370
133 32
133 204
370 543
216 633
216 57
633 112
633 30
351 449
351 792
351 566
449 476
69 434
69 316
69 832
434 426
434 694
456 665
456 801
110 736
110 265
110 124
736 347
736 255
384 747
384 226
384 777
747 791
176 718
176 609
176 226
718 778
718 732
818 466
93 683
93 372
93 553
683 620
683 21
463 631
463 120
463 213
631 158
631 476
251 568
251 164
251 698
568 438
568 156
602 570
602 657
129 233
129 452
129 168
233 225
233 537
653 727
653 474
653 629
217 691
217 559
217 526
691 753
691 270
53 359
53 375
53 368
359 624
359 244
168 834
834 16
834 559
295 646
295 806
295 274
646 361
646 566
212 352
212 679
212 548
352 424
225 443
443 42
443 618
226 408
408 402
408 842
462 764
462 131
462 652
764 91
650 735
650 574
650 841
735 4
308 706
308 708
308 670
706 437
706 760
372 387
372 390
539 575
539 409
539 389
575 240
575 198
42 668
42 393
32 831
26 318
26 339
26 198
318 589
318 643
316 771
316 785
137 716
137 128
137 73
716 303
716 693
581 613
581 695
581 730
613 498
613 562
79 366
79 679
79 241
366 760
608 344
608 276
97 234
97 109
97 278
234 419
234 732
102 578
102 497
102 776
578 415
578 406
311 236
311 545
452 751
452 709
835 299
835 441
360 464
360 461
360 562
464 814
464 584
206 406
206 595
206 454
406 9
159 331
159 301
159 126
331 57
331 647
50 424
50 345
115 404
115 184
115 427
404 791
158 114
158 314
65 323
65 301
65 767
323 151
323 502
101 734
101 460
101 699
734 63
734 783
341 752
341 227
752 200
247 336
247 279
247 15
336 400
336 642
645 754
645 29
645 828
754 361
754 519
661 698
661 580
661 521
698 272
81 755
81 395
190 704
190 8
190 260
704 213
187 815
187 309
187 604
815 749
815 700
763 831
763 582
831 144
52 612
52 421
378 611
378 493
378 840
611 579
611 92
657 849
657 383
849 36
849 746
435 507
435 388
435 55
507 41
507 415
643 807
807 153
807 171
335 654
335 705
335 740
654 810
188 263
188 563
263 38
263 510
200 502
200 16
502 484
18 425
18 685
425 586
425 622
6 371
6 582
6 674
371 266
371 45
262 836
262 163
157 540
157 321
157 767
540 107
540 299
798 802
798 227
802 681
802 742
167 181
167 678
167 103
181 797
181 550
40 714
40 228
714 825
714 627
64 842
64 687
64 17
842 197
63 307
63 485
445 399
606 753
606 833
606 99
753 759
130 644
130 222
130 774
644 551
644 383
534 733
534 27
534 519
733 495
733 543
116 745
116 348
116 198
745 365
745 469
357 542
357 70
357 816
542 257
542 61
238 362
238 838
362 728
362 70
14 59
14 62
59 810
59 150
481 1
481 120
35 756
35 561
756 82
756 794
344 173
344 500
229 249
229 682
229 662
249 694
249 277
538 71
538 658
241 488
241 291
488 762
488 166
840 737
120 420
0 812
0 8
0 522
812 757
812 153
36 60
36 193
60 420
767 804
804 174
804 660
28 730
28 585
28 342
730 545
524 817
524 220
524 87
817 726
77 506
77 154
77 556
506 207
567 635
567 808
567 397
635 641
635 505
276 288
276 744
109 418
55 194
55 121
194 711
194 832
232 272
232 31
272 692
288 289
288 678
289 796
289 570
140 479
140 292
143 837
143 674
143 170
837 203
837 479
533 428
533 648
46 267
46 235
46 177
267 333
38 281
38 701
327 774
327 422
327 13
774 302
846 382
846 659
48 721
48 517
48 68
721 170
721 811
678 287
569 707
428 284
428 119
334 526
334 363
334 3
526 173
96 474
96 61
96 801
474 12
321 592
321 84
592 689
518 728
518 486
518 755
728 171
107 748
107 367
748 795
748 86
150 337
150 13
337 616
337 313
528 777
528 258
528 551
777 724
503 604
503 309
503 239
604 681
203 432
203 339
71 556
551 617
617 420
402 1
402 697
87 253
87 94
253 623
246 282
246 306
246 607
282 427
282 772
182 755
182 326
729 7
729 379
202 504
202 392
504 283
504 610
209 629
209 485
209 20
485 731
591 380
591 806
67 401
67 648
67 162
401 607
401 499
227 124
457 586
457 656
457 505
586 386
595 70
45 269
45 697
269 175
269 121
609 171
609 447
154 670
670 149
184 117
184 467
162 265
162 700
265 828
56 363
56 597
56 427
363 430
33 416
33 746
33 254
416 430
416 197
41 505
41 827
365 113
365 313
832 205
29 796
29 83
796 741
252 495
252 694
469 573
469 498
573 409
389 550
389 19
550 74
559 482
766 801
766 89
766 616
16 785
131 784
131 701
784 468
784 509
620 239
620 594
266 54
266 750
88 450
88 707
88 376
450 285
450 297
338 741
338 292
338 347
741 487
193 386
193 412
386 237
498 54
211 291
211 744
211 780
291 744
612 280
105 660
105 637
105 392
660 407
453 583
453 250
453 715
583 329
583 587
579 808
579 10
808 111
779 833
779 708
779 275
89 242
89 771
242 710
242 114
27 479
555 776
666 668
666 781
666 499
326 805
326 662
667 749
667 367
667 223
749 589
637 84
637 499
57 103
652 322
37 618
37 739
618 820
138 441
138 304
441 536
399 536
399 279
553 768
553 379
768 85
768 537
204 471
204 301
471 142
708 458
739 454
739 648
512 690
512 738
304 823
304 426
823 793
823 587
636 197
636 4
147 610
147 693
147 827
726 355
726 394
210 522
210 392
210 125
522 369
783 829
829 215
829 117
223 461
223 477
461 117
388 565
388 702
565 306
565 731
454 195
582 659
659 720
684 598
684 259
112 630
630 257
630 19
250 679
86 119
86 473
119 557
7 410
549 3
549 470
466 605
466 521
605 214
697 663
348 287
348 622
114 149
279 772
397 483
397 285
483 293
656 743
656 215
743 574
743 134
1 185
701 750
750 841
687 665
687 68
547 692
547 838
547 258
692 324
237 795
248 395
248 712
248 134
395 682
455 245
166 447
447 627
574 544
516 22
516 261
634 673
634 705
673 493
195 222
195 277
222 196
437 160
552 760
552 765
793 699
793 625
179 780
179 124
780 128
689 382
689 10
303 236
720 712
720 113
369 472
472 361
472 482
543 545
11 126
11 314
11 560
495 562
30 403
30 674
536 788
712 354
430 460
315 393
315 781
315 21
393 317
274 477
477 259
245 411
132 164
132 662
132 44
164 560
531 511
531 332
259 354
354 286
149 482
95 511
95 391
95 305
511 271
174 564
174 91
299 185
641 458
641 83
145 597
145 128
145 155
597 329
382 375
642 765
642 43
765 58
3 682
21 788
17 778
228 258
228 501
558 658
558 15
307 757
307 758
415 492
322 473
74 333
74 778
501 803
501 422
803 178
803 442
446 723
446 814
446 240
723 786
723 638
797 541
355 541
355 20
541 201
841 476
22 47
62 391
700 845
845 214
244 601
244 571
601 557
601 800
738 580
256 806
256 58
762 792
762 847
792 639
626 788
626 394
626 535
426 619
751 515
85 405
85 787
405 820
12 192
12 264
192 305
192 330
111 353
309 709
325 824
325 561
514 825
514 584
514 497
825 283
239 625
433 571
433 43
433 99
270 693
270 787
561 467
43 830
830 364
830 776
627 163
281 273
411 444
411 285
444 622
444 615
34 494
34 219
34 178
494 324
76 90
458 118
711 560
711 173
80 280
80 647
400 407
400 219
407 220
380 843
380 207
843 310
843 261
207 19
500 759
500 118
759 160
422 810
144 537
144 740
707 367
240 271
814 593
468 391
468 275
358 423
358 293
358 480
423 821
423 757
786 800
786 681
213 306
836 364
205 177
205 685
781 680
284 151
284 356
230 493
230 724
230 268
847 598
847 473
172 487
172 546
172 470
487 235
403 208
151 9
827 410
175 800
175 625
165 340
8 615
254 418
254 312
418 619
340 414
310 39
310 594
585 819
585 688
819 548
113 680
680 421
492 186
492 139
690 277
690 273
15 23
387 816
387 412
314 155
313 515
125 811
811 619
201 58
201 100
410 513
470 278
293 824
816 529
390 821
390 141
821 141
376 368
376 39
607 84
564 699
92 705
92 409
649 663
163 44
333 368
264 722
264 186
722 509
297 383
438 587
438 394
715 23
90 100
186 826
177 523
523 377
724 529
208 4
208 332
73 178
73 414
375 665
61 615
414 353
413 669
413 275
669 142
669 385
509 782
385 623
103 521
100 136
286 685
286 347
214 364
419 805
805 329
236 588
136 638
136 588
638 702
153 305
160 695
624 529
624 121
530 771
530 196
530 412
118 826
826 639
737 548
737 554
688 302
54 47
377 439
515 758
758 770
139 312
139 302
312 442
557 513
486 639
486 196
702 709
740 820
10 566
317 839
317 78
839 563
356 663
356 710
480 544
156 345
156 47
345 20
563 78
31 350
31 442
350 292
350 342
99 94
271 695
588 769
134 554
824 23
142 484
770 510
770 589
772 330
710 155
170 273
94 330
593 9
39 510
13 769
169 342
169 268
169 787
421 439
782 546
556 268
215 68
484 828
497 742
570 339
219 742
546 794
439 255
255 260
260 287
141 544
332 785
594 794
519 535
