600 900
92 479
92 64
92 390
479 403
479 433
126 355
126 242
126 455
355 224
355 548
33 164
33 445
33 124
164 66
164 278
399 550
399 536
399 30
550 242
550 314
215 302
215 59
215 416
302 430
302 26
146 468
146 170
146 280
468 155
468 358
200 588
200 1
200 71
588 62
588 420
37 134
37 177
37 387
134 349
134 217
175 275
175 582
175 69
275 55
275 466
321 469
321 251
321 327
469 557
469 515
46 112
46 206
46 400
112 288
112 297
54 214
54 562
54 449
214 151
214 524
498 501
498 11
498 429
501 298
501 162
10 427
10 255
10 195
427 281
427 145
105 207
105 505
105 64
207 177
207 462
88 136
88 374
88 464
136 524
136 65
14 577
14 81
14 229
577 191
577 543
374 591
374 346
71 303
71 431
303 404
303 590
1 378
1 555
378 144
378 193
460 502
460 420
460 357
502 519
502 309
100 348
100 234
100 451
348 542
348 497
129 155
129 230
129 496
155 410
317 453
317 442
317 262
453 285
453 429
174 544
174 73
174 500
544 25
544 473
69 122
69 499
122 407
122 404
147 450
147 148
147 318
450 332
450 361
354 511
354 319
354 320
511 526
511 43
7 138
7 295
7 483
138 252
138 28
405 584
405 425
405 525
584 488
584 328
300 400
300 539
300 99
400 8
43 231
43 232
231 269
231 53
326 538
326 250
326 589
538 130
538 422
258 394
258 142
258 580
394 363
394 173
35 227
35 27
35 230
227 142
227 477
266 407
266 482
266 599
407 434
412 461
412 512
412 480
461 446
461 583
318 454
318 78
454 426
454 432
31 95
31 419
31 325
95 106
95 110
386 570
386 331
386 531
570 163
570 493
357 534
357 272
534 536
534 506
269 276
269 292
475 517
475 213
475 278
517 345
517 223
72 532
72 564
72 506
532 356
532 395
59 459
59 128
459 403
459 262
156 382
156 359
156 290
382 515
382 332
159 555
159 83
159 181
555 262
169 312
169 334
169 137
312 91
312 595
39 373
39 487
39 513
373 15
373 191
148 518
148 17
518 418
518 192
536 441
308 516
308 263
308 13
516 334
516 160
224 8
224 158
118 346
118 488
118 315
346 193
27 237
27 579
237 289
237 223
304 384
304 313
304 264
384 270
384 298
16 335
16 106
16 188
335 259
335 416
153 322
153 330
153 12
322 540
322 340
135 197
135 117
135 228
197 558
197 85
106 163
499 24
499 76
233 351
233 353
233 432
351 470
351 194
319 553
319 393
172 582
172 120
172 103
582 13
439 456
439 383
439 391
456 40
456 471
113 542
113 248
113 163
542 529
176 500
176 533
176 256
500 531
74 443
74 328
74 543
443 560
443 42
120 57
120 481
60 279
60 379
60 228
279 44
279 339
90 567
90 260
90 5
567 507
567 367
199 483
199 213
199 185
483 486
189 271
189 566
189 425
271 381
271 594
265 428
265 446
265 58
428 457
428 563
154 579
154 350
154 140
579 83
418 422
418 561
242 101
195 589
195 58
589 466
420 547
591 99
591 327
352 414
352 578
352 564
414 205
414 397
143 569
143 93
143 185
569 530
569 347
127 552
127 285
127 562
552 284
552 566
3 28
3 110
3 573
28 30
310 417
310 243
310 220
417 341
417 55
359 316
359 144
245 464
245 185
245 208
464 77
368 553
368 556
368 76
553 276
411 505
411 291
411 38
505 283
49 507
49 329
49 397
507 455
307 366
307 15
307 273
366 482
366 94
334 219
36 70
36 576
36 350
70 299
70 57
15 514
514 251
514 58
332 86
117 519
117 47
252 341
252 573
341 161
52 423
52 292
52 19
423 434
423 493
239 240
239 48
239 554
240 29
240 526
213 194
57 551
530 63
530 261
249 281
249 98
249 268
281 107
540 222
540 241
396 489
396 225
396 123
489 238
489 431
316 380
316 115
380 339
380 323
102 509
102 109
102 409
509 487
509 477
149 212
149 377
149 587
212 393
212 29
11 89
11 410
548 586
548 61
586 437
586 84
111 585
111 123
111 168
585 529
585 75
23 243
23 465
23 236
243 401
89 18
89 474
109 268
109 17
42 342
42 431
342 433
342 268
218 320
218 403
218 206
320 512
230 190
170 198
170 305
165 430
165 210
165 139
430 82
121 253
121 369
121 62
253 182
253 96
455 448
482 375
191 286
167 369
167 580
167 472
369 19
114 375
114 449
114 6
375 210
560 336
560 353
447 521
447 478
447 416
521 597
521 535
344 410
344 79
344 103
438 463
438 593
438 467
463 166
463 409
151 531
151 254
305 437
305 289
437 444
66 144
66 372
184 574
184 77
184 145
574 365
574 575
330 451
330 201
67 565
67 406
67 481
565 22
565 402
181 559
181 343
559 267
559 485
130 194
130 56
75 496
75 183
496 372
259 87
259 487
87 250
87 314
250 267
44 276
44 132
324 333
324 424
324 192
333 73
333 576
593 83
593 80
73 490
350 480
480 29
93 311
93 211
311 150
311 289
425 133
236 467
236 385
467 370
110 471
356 299
356 452
55 494
101 235
101 196
61 206
61 96
45 527
45 84
45 204
527 575
527 596
392 473
392 470
392 104
473 38
402 508
402 358
508 533
508 158
347 545
347 558
506 556
556 478
260 494
260 94
404 458
150 547
150 68
383 522
383 9
522 315
522 182
277 513
277 226
277 80
513 292
379 381
379 434
381 124
549 563
549 180
549 596
563 435
309 313
309 229
313 2
248 306
248 537
306 581
306 561
107 178
107 325
178 137
178 301
166 264
166 50
264 401
96 187
187 436
187 524
263 462
263 298
462 48
442 282
442 108
115 140
115 286
190 573
190 56
338 492
338 209
338 173
492 545
492 244
529 599
599 274
557 472
557 528
209 256
209 419
293 331
293 415
293 349
331 133
562 546
180 287
180 280
241 388
241 301
388 387
388 408
371 525
371 413
371 426
525 221
141 221
141 528
141 18
221 21
226 445
226 128
445 53
491 590
491 448
491 583
590 440
137 446
361 471
361 466
6 270
6 372
270 48
288 537
288 78
297 449
297 545
63 228
63 68
393 477
251 76
429 4
285 20
160 282
160 291
282 211
296 490
296 458
296 25
490 413
0 339
0 485
0 592
5 179
5 202
179 377
179 572
291 257
336 535
336 216
535 193
140 246
203 280
203 568
203 283
512 217
13 287
287 208
360 474
360 343
360 183
474 551
192 38
222 79
222 413
472 581
581 86
234 362
234 217
362 364
362 391
68 329
329 18
4 421
4 247
421 451
421 441
99 363
128 211
340 51
340 539
79 188
533 244
526 124
81 295
81 123
295 294
299 256
458 196
119 398
119 201
119 186
398 139
398 157
20 397
20 91
406 50
406 201
9 98
9 486
272 202
272 387
56 238
238 389
168 528
168 503
294 225
294 261
51 546
51 327
546 204
158 389
389 323
325 465
415 364
415 152
343 520
520 216
520 370
85 157
85 541
157 452
494 422
104 274
104 598
274 254
515 595
21 523
21 424
523 568
523 401
543 452
32 510
32 216
32 592
510 91
510 408
103 561
50 125
385 408
385 186
564 261
78 495
495 485
495 131
478 40
504 594
504 188
504 229
594 161
132 484
132 131
484 290
484 267
558 376
225 8
419 587
283 337
363 97
481 145
365 486
365 84
183 273
86 232
257 470
257 580
539 367
448 22
596 476
278 597
142 376
376 476
116 476
116 196
116 390
205 441
205 286
98 598
598 551
364 41
30 34
314 22
40 202
210 575
440 571
440 82
433 2
177 444
497 572
497 247
572 345
47 97
47 64
97 94
349 541
465 576
493 503
537 12
133 592
273 435
204 323
41 436
41 62
436 17
409 247
367 457
457 571
290 435
519 566
503 125
554 597
554 171
315 547
345 131
370 232
254 125
152 424
152 162
571 391
219 198
219 65
337 80
337 358
444 595
26 377
26 395
161 34
395 583
182 65
301 246
488 223
25 244
235 426
235 162
2 34
24 220
24 139
82 587
246 578
568 171
220 19
284 390
284 171
186 12
198 353
208 578
328 53
77 541
108 432
108 255
173 255
