476 714
246 290
246 167
246 264
290 193
290 145
35 97
35 408
35 172
97 295
97 82
120 321
120 469
120 326
321 424
321 155
315 380
315 254
315 409
380 141
380 459
151 299
151 100
151 62
299 361
299 468
247 282
247 109
247 386
282 462
282 370
25 169
25 311
25 374
169 45
169 266
108 185
108 132
108 44
185 383
185 456
125 265
125 289
125 316
265 385
265 203
236 352
236 328
236 260
352 14
352 458
48 292
48 105
48 456
292 224
292 285
387 432
387 33
387 272
432 140
432 238
31 239
31 270
31 195
239 218
239 445
9 337
9 67
9 310
337 331
337 65
451 453
451 145
451 234
453 150
453 224
98 158
98 413
98 219
158 375
158 233
89 189
89 94
89 227
189 51
189 106
58 369
58 363
58 328
369 34
369 371
211 471
211 430
211 349
471 228
471 357
104 345
104 303
104 402
345 316
345 314
133 390
133 243
133 441
390 223
390 260
91 146
91 379
91 347
146 447
146 199
293 342
293 442
293 187
342 318
342 257
317 318
317 459
317 157
318 54
7 421
7 329
7 418
421 88
421 129
179 375
179 111
179 271
375 62
0 382
0 222
0 365
382 131
382 229
12 118
12 448
12 441
118 288
118 425
52 154
52 389
52 22
154 229
154 129
46 269
46 41
46 33
269 430
269 413
6 205
6 45
6 374
205 69
205 23
197 401
197 88
197 304
401 331
401 326
49 274
49 213
49 384
274 1
274 116
18 30
18 76
18 200
30 393
30 14
335 353
335 26
335 218
353 279
353 329
131 465
131 88
465 372
465 201
85 178
85 61
85 285
178 358
178 351
41 428
41 393
428 184
428 168
67 15
67 232
249 466
249 384
249 468
466 350
466 13
331 454
74 443
74 156
74 137
443 137
443 76
430 324
217 361
217 77
217 184
361 38
136 436
136 47
136 195
436 68
436 153
377 462
377 192
377 431
462 244
61 113
61 184
113 411
113 83
24 222
24 426
24 86
222 171
141 313
141 34
173 174
173 304
173 257
174 218
174 437
262 359
262 319
262 467
359 15
359 161
81 347
81 301
81 90
347 148
20 90
20 188
20 232
90 264
379 165
379 461
69 220
69 323
220 190
220 138
271 364
271 96
364 348
364 60
94 420
94 164
420 212
420 191
156 215
156 182
215 143
215 460
304 406
21 36
21 449
21 314
36 159
36 51
51 19
66 187
66 190
66 407
187 102
253 431
253 83
253 366
431 281
223 175
223 368
4 221
4 207
4 427
221 212
221 204
277 397
277 332
277 39
397 73
397 126
8 111
8 213
8 162
111 404
200 272
200 263
272 313
47 429
47 109
429 19
429 444
413 134
411 17
411 144
28 425
28 348
28 115
425 362
303 373
303 105
373 252
373 474
101 427
101 27
101 447
427 134
155 157
155 79
157 289
26 244
26 171
244 107
181 267
181 405
181 296
267 106
267 333
295 231
295 356
60 395
60 286
395 440
395 407
70 287
70 172
70 376
287 27
287 152
33 473
78 300
78 71
78 312
300 176
300 55
65 92
65 183
92 137
92 376
126 349
126 275
349 140
238 438
238 79
438 302
438 243
188 128
188 457
307 370
307 378
307 367
370 360
11 219
11 87
11 99
219 422
167 396
167 439
396 160
396 444
328 298
150 325
150 355
325 412
325 10
336 424
336 320
336 45
424 472
199 446
199 95
446 297
446 50
83 226
354 469
354 330
354 73
469 44
273 404
273 112
273 142
404 422
207 196
207 368
320 16
320 230
301 163
301 255
159 283
159 454
27 266
110 117
110 177
110 362
117 241
117 119
171 298
109 206
17 147
17 119
256 418
256 63
256 394
418 80
309 439
309 340
309 416
439 160
123 410
123 419
123 381
410 332
410 68
374 419
419 122
84 357
84 323
84 202
357 68
190 338
338 177
338 1
16 268
16 124
268 284
268 334
284 245
284 202
330 311
330 63
142 163
142 147
163 194
340 385
340 464
112 311
112 406
149 458
149 398
149 224
458 275
99 210
99 399
210 208
210 100
5 166
5 160
5 71
166 175
166 168
322 386
322 343
322 245
386 233
23 62
23 445
350 37
350 341
1 470
470 103
470 13
314 363
363 355
15 225
225 409
225 366
192 294
192 433
294 50
294 286
175 403
132 252
132 203
252 291
182 248
182 186
213 3
264 313
63 278
34 334
95 464
95 405
329 393
176 86
176 288
105 3
464 334
448 258
448 19
241 242
241 102
165 392
165 279
40 128
40 400
40 283
128 312
405 121
297 143
297 261
54 319
54 263
319 135
2 281
2 251
2 186
281 191
103 333
103 139
333 455
75 122
75 310
75 148
122 426
130 305
130 235
130 232
305 196
305 180
183 460
183 408
460 216
72 107
72 196
72 214
107 42
366 437
257 115
135 392
135 339
392 231
134 275
302 389
302 129
389 93
214 276
214 344
276 57
276 237
145 324
332 29
138 412
138 416
412 475
13 170
170 441
170 450
408 452
437 378
93 251
93 86
251 308
194 186
194 116
426 56
53 233
53 434
53 10
394 226
394 148
87 259
87 240
152 193
152 115
193 209
208 442
208 435
358 77
358 435
119 355
324 414
242 388
242 102
388 198
388 398
398 433
106 326
409 474
474 473
76 37
365 449
365 417
449 360
442 204
140 237
228 261
228 423
201 454
201 414
416 22
50 79
255 434
255 206
434 467
82 403
82 341
100 391
164 306
164 73
306 39
306 96
226 406
212 234
381 121
381 399
362 121
291 383
291 414
383 248
162 38
162 39
227 447
227 116
37 423
440 468
440 143
344 376
344 177
417 3
417 56
348 209
43 402
43 258
43 114
402 57
38 235
258 457
289 245
204 127
234 472
198 475
198 400
288 209
323 339
260 371
457 343
229 346
216 423
216 296
114 286
114 14
124 433
124 298
71 206
259 278
259 444
278 127
59 351
59 463
59 467
351 283
153 367
153 250
367 450
139 203
139 360
44 445
343 368
263 144
270 385
270 64
56 452
452 316
29 346
29 372
346 384
463 461
463 279
250 202
250 475
80 473
80 435
455 230
455 42
235 240
10 450
356 461
356 327
472 459
266 415
415 231
415 327
407 161
254 341
254 168
144 391
180 248
180 64
96 399
77 55
280 327
280 391
280 57
32 243
32 456
32 261
42 400
339 371
64 422
403 55
378 191
296 230
240 308
127 312
172 310
22 285
237 372
195 147
161 308
