800 1200
233 747
233 294
233 478
747 786
747 463
141 673
141 203
141 303
673 613
673 241
131 223
131 338
131 117
223 661
223 174
37 305
37 720
37 153
305 737
305 226
282 383
282 709
282 246
383 419
383 82
155 428
155 697
155 258
428 445
428 611
120 321
120 404
120 360
321 693
321 642
187 649
187 10
187 339
649 454
649 236
298 736
298 594
298 770
736 794
736 535
302 599
302 784
302 486
599 746
599 613
99 765
99 771
99 240
765 528
765 86
531 697
531 466
531 656
697 338
626 678
626 122
626 283
678 67
678 6
519 704
519 644
519 593
704 468
704 624
251 670
251 153
251 545
670 391
670 539
70 320
70 148
70 787
320 378
320 205
156 661
156 499
156 279
661 45
477 707
477 170
477 48
707 377
707 692
406 665
406 686
406 415
665 554
665 252
80 522
80 35
80 509
522 59
522 799
2 194
2 752
2 610
194 790
194 769
245 339
245 729
245 177
339 729
439 708
439 774
439 755
708 621
708 109
741 753
741 533
741 699
753 137
753 457
34 412
34 284
34 604
412 672
412 759
58 769
58 727
58 411
769 569
499 490
499 624
171 637
171 501
171 634
637 645
637 651
410 415
410 310
410 215
415 463
259 530
259 567
259 551
530 722
530 157
357 498
357 13
357 330
498 579
498 365
485 624
485 186
485 743
460 758
460 22
460 301
758 482
758 73
197 280
197 469
197 47
280 783
280 508
425 562
425 395
425 542
562 447
562 723
551 647
551 569
647 25
647 36
378 780
378 503
483 503
483 701
483 74
503 229
198 352
198 508
198 558
352 169
352 579
249 336
249 325
249 693
336 623
336 716
248 618
248 664
248 201
618 270
618 211
354 785
354 724
354 408
785 377
785 571
0 135
0 382
0 489
135 185
135 334
24 721
24 42
24 284
721 77
721 28
113 668
113 658
113 221
668 553
668 60
172 479
172 389
172 114
479 775
479 430
27 399
27 268
27 76
399 553
399 254
382 208
382 390
93 582
93 14
93 105
582 312
582 203
161 744
161 548
161 449
744 103
744 323
716 728
716 684
728 332
728 229
234 585
234 380
234 19
585 438
585 592
54 200
54 431
54 617
200 82
200 95
157 612
157 544
612 648
612 666
243 386
243 655
243 667
386 196
386 674
13 602
13 238
256 743
256 61
256 657
743 609
18 524
18 309
18 573
524 182
524 49
132 555
132 423
132 641
555 95
555 22
115 484
115 381
115 193
484 254
484 595
176 500
176 437
176 51
500 138
500 433
31 472
31 212
31 543
472 50
472 51
269 789
269 189
269 92
789 461
789 577
231 408
231 573
231 189
408 580
212 395
212 6
395 49
316 632
316 313
316 277
632 287
632 712
345 528
345 684
345 782
528 400
313 459
313 56
178 271
178 742
178 145
271 236
271 46
103 328
103 85
775 222
775 331
49 762
438 317
438 523
38 633
38 440
38 787
633 680
633 359
420 698
420 260
420 635
698 367
698 133
274 742
274 232
274 576
742 434
136 265
136 20
136 95
265 414
265 600
67 547
67 778
175 629
175 730
175 559
629 65
629 319
81 347
81 15
81 663
347 267
347 26
372 667
372 490
372 130
667 496
241 574
241 142
574 182
574 715
306 456
306 725
306 266
456 32
456 792
288 506
288 780
288 476
506 521
506 222
77 206
77 413
206 107
206 566
547 757
547 97
757 314
757 262
648 797
648 139
33 554
33 782
33 467
554 737
440 792
440 593
792 279
680 10
680 691
580 398
580 584
219 564
219 367
219 301
564 523
564 116
404 726
404 660
726 391
726 225
246 289
246 457
289 538
289 11
182 437
559 749
559 492
749 52
749 520
314 396
314 705
396 189
396 740
140 518
140 613
140 286
518 208
518 783
334 411
334 448
411 568
780 659
97 158
97 594
86 318
86 294
318 351
318 587
50 188
50 459
497 783
497 371
497 431
323 392
323 14
392 76
392 374
397 705
397 276
397 100
705 104
729 709
204 539
204 143
204 658
539 20
238 452
238 163
452 478
452 735
123 465
123 603
123 431
465 690
465 549
402 774
402 424
402 441
774 427
102 253
102 363
102 78
253 492
253 279
718 760
718 791
718 453
760 375
760 608
144 268
144 36
144 57
268 435
202 340
202 589
202 181
340 727
340 119
52 432
52 745
432 343
432 470
504 660
504 114
504 422
660 645
409 679
409 226
409 481
679 307
679 400
208 78
447 556
447 163
489 239
489 29
148 720
148 1
272 292
272 557
272 416
292 445
292 654
150 168
150 407
150 754
168 512
168 35
107 487
107 324
69 341
69 516
69 273
341 556
341 240
227 549
227 224
227 496
549 494
184 188
184 26
184 203
188 40
414 210
414 557
250 362
250 560
250 619
362 87
362 583
511 793
511 147
511 307
793 442
793 214
533 417
533 112
478 364
557 277
51 619
44 275
44 588
44 201
275 699
275 735
61 364
61 126
364 130
180 303
180 635
180 193
303 167
315 509
315 151
315 548
509 101
300 646
300 620
300 164
646 480
646 654
453 461
453 149
461 96
359 552
359 517
552 92
552 209
55 689
55 563
55 213
689 476
689 343
658 361
211 299
211 491
299 419
299 92
501 196
501 142
164 614
164 771
614 224
614 600
147 543
147 401
543 510
645 579
260 703
260 602
596 653
596 695
596 368
653 138
653 379
185 426
185 64
426 295
426 622
446 696
446 110
446 516
696 343
696 304
662 738
662 644
662 480
738 218
738 746
122 607
122 4
571 727
571 296
244 332
244 127
244 32
332 540
794 502
794 427
62 441
62 7
62 776
441 536
466 781
466 247
781 450
781 471
216 508
216 525
216 748
459 319
42 481
42 488
481 258
5 68
5 374
5 191
68 590
68 720
563 681
563 21
162 308
162 394
162 370
308 706
308 737
57 762
57 186
762 118
703 779
703 575
7 761
7 8
761 338
761 505
293 462
293 229
293 717
462 541
462 772
290 713
290 560
290 516
713 750
713 730
186 330
317 570
317 350
709 777
699 391
276 581
276 30
371 656
371 304
656 435
740 295
740 181
514 714
514 565
514 329
714 126
714 254
333 791
333 534
333 640
791 545
196 435
536 634
536 627
634 83
385 572
385 763
385 12
572 620
572 365
684 76
39 84
39 221
39 398
84 443
84 768
560 756
691 764
691 510
764 59
764 133
170 513
170 717
513 389
513 158
262 358
262 597
358 287
358 627
650 732
650 145
650 798
732 474
732 384
387 767
387 734
387 98
767 445
767 96
228 365
228 35
228 199
264 687
264 535
264 283
687 594
687 558
541 252
541 739
782 770
270 143
270 617
239 374
239 368
72 773
72 105
72 450
773 100
773 179
43 310
43 79
43 125
310 606
255 346
255 565
255 25
346 73
346 286
240 595
595 443
87 281
87 100
48 681
48 183
681 603
210 790
210 89
278 469
278 615
278 638
469 527
159 625
159 89
159 772
625 261
625 488
786 17
786 468
109 139
109 393
139 261
444 510
444 75
444 106
4 611
4 700
611 261
224 575
417 502
417 117
502 101
550 766
550 616
550 436
766 237
766 443
664 788
664 66
788 351
788 311
454 578
454 529
600 119
257 540
257 418
257 663
540 217
777 366
777 553
96 356
267 450
267 424
492 322
11 106
11 266
106 675
226 657
146 160
146 474
146 739
160 683
160 3
797 601
797 104
565 434
221 277
335 724
335 213
335 694
724 556
91 620
91 655
91 455
490 111
607 130
607 47
690 784
690 669
213 685
83 85
83 390
101 685
15 458
15 291
134 307
134 118
134 1
25 597
590 799
590 40
128 641
128 598
128 112
641 199
326 495
326 401
326 772
495 517
495 449
770 643
337 644
337 351
337 349
535 448
717 111
149 430
149 778
700 344
700 706
377 381
181 643
643 682
427 546
546 591
546 561
356 751
356 692
751 375
751 207
458 609
458 473
329 635
329 712
252 470
190 328
190 677
190 442
328 544
258 217
116 388
116 284
388 735
388 608
45 108
45 60
108 114
108 630
14 8
129 745
129 433
129 324
745 166
6 9
9 731
9 376
380 592
380 179
548 47
423 795
423 669
795 451
795 173
730 263
177 205
177 330
569 755
592 266
527 763
527 752
763 651
112 521
521 587
127 567
127 512
430 327
143 195
36 195
90 353
90 342
90 584
353 544
353 464
375 74
85 222
64 471
64 173
471 675
567 416
20 294
142 418
418 583
669 124
734 712
734 348
390 756
295 291
312 401
312 702
363 230
363 88
752 798
494 790
494 79
319 675
609 370
706 117
525 573
525 405
784 468
537 776
537 542
537 79
776 779
463 384
384 46
512 621
621 628
601 94
601 642
663 23
457 694
694 722
105 639
639 19
639 235
755 16
53 183
53 671
53 622
183 75
311 725
311 230
725 622
209 476
209 787
192 652
192 610
192 605
652 217
652 291
394 768
394 376
768 692
22 570
507 636
507 657
507 73
636 235
636 604
616 237
616 66
779 603
750 263
750 41
400 137
480 215
19 589
589 167
153 124
3 236
3 369
746 778
682 505
682 437
94 487
94 464
542 163
111 263
538 754
538 165
754 360
448 71
695 237
695 628
322 515
322 98
199 619
630 733
630 169
75 568
379 608
379 1
309 759
309 491
523 576
17 281
17 393
342 416
342 685
677 327
677 799
701 110
701 56
232 195
232 666
167 672
368 482
482 407
654 659
659 576
381 558
16 30
16 355
30 191
393 493
493 731
493 218
722 235
366 651
366 151
56 126
615 676
615 191
676 273
676 505
349 715
349 98
715 566
152 686
152 578
152 591
686 166
398 711
367 121
584 526
623 429
623 710
173 360
436 719
436 723
719 242
719 285
283 40
591 405
287 145
138 28
65 403
65 532
403 88
403 285
389 467
638 710
638 702
710 118
424 165
486 370
486 631
154 597
154 218
154 125
578 124
631 671
631 532
671 8
433 373
327 606
242 12
242 369
32 526
606 581
733 121
733 405
413 137
413 63
26 429
429 711
581 688
688 361
688 593
666 304
230 610
421 568
421 350
421 570
517 604
474 702
110 756
169 350
449 748
598 451
598 28
59 487
759 640
286 617
723 475
473 63
473 491
586 640
586 796
586 29
655 119
711 88
273 683
683 296
74 373
376 515
475 534
475 545
534 369
285 693
361 627
63 297
731 207
515 739
605 214
605 10
642 561
771 23
419 455
207 575
89 21
798 71
583 602
165 470
532 488
66 348
348 628
587 297
297 577
125 281
46 674
467 588
12 422
325 214
325 561
78 434
179 529
526 373
60 151
166 215
71 296
247 796
247 301
796 220
422 121
82 529
220 201
220 41
158 174
174 331
355 41
355 104
225 344
225 451
193 464
344 324
21 29
407 588
133 23
205 496
331 455
674 520
748 577
520 566
672 442
