87 406
0 19
0 13
0 3
0 78
0 65
0 82
19 3
19 11
19 13
19 73
19 31
19 45
19 33
19 86
19 58
19 70
19 20
19 48
19 82
19 78
19 65
13 3
13 8
13 10
13 11
13 73
13 31
13 45
13 33
13 20
13 48
13 39
13 75
13 82
13 78
13 65
3 1
3 11
3 86
3 18
3 73
3 31
3 54
3 45
3 33
3 20
3 17
3 58
3 48
3 82
3 78
3 65
78 1
78 20
78 48
78 65
78 82
65 1
65 15
65 18
65 20
65 23
65 31
65 33
65 34
65 38
65 41
65 42
65 45
65 48
65 52
65 54
65 73
65 80
65 86
65 85
65 66
65 75
65 82
65 79
82 1
82 2
82 4
82 5
82 6
82 7
82 8
82 9
82 10
82 11
82 14
82 15
82 16
82 17
82 18
82 20
82 21
82 22
82 23
82 24
82 25
82 27
82 28
82 29
82 30
82 31
82 32
82 33
82 34
82 35
82 36
82 37
82 38
82 39
82 40
82 41
82 42
82 43
82 44
82 45
82 46
82 47
82 48
82 49
82 50
82 51
82 52
82 53
82 54
82 55
82 56
82 57
82 58
82 60
82 61
82 62
82 63
82 64
82 66
82 67
82 68
82 69
82 70
82 71
82 72
82 73
82 74
82 75
82 76
82 77
82 79
82 80
82 81
82 83
82 85
82 86
1 31
1 54
1 73
1 45
1 6
1 33
1 71
1 28
1 22
1 42
1 41
1 80
1 52
1 18
1 38
1 85
1 15
1 55
1 86
1 32
1 57
1 75
1 66
1 34
1 53
1 10
1 79
31 11
31 18
31 20
31 86
31 69
31 45
31 73
31 54
31 33
54 18
54 33
54 45
54 86
54 69
54 73
73 11
73 18
73 20
73 33
73 45
73 69
73 86
45 11
45 18
45 20
45 33
45 86
45 70
45 69
6 34
6 18
6 86
6 32
6 33
6 57
33 4
33 11
33 18
33 20
33 30
33 86
33 34
33 70
33 57
33 69
71 2
71 18
71 22
71 28
71 32
71 34
71 42
71 57
71 66
71 86
28 22
28 34
28 86
28 32
28 66
22 2
22 18
22 42
22 34
22 86
22 66
22 32
42 12
42 18
42 26
42 41
42 80
42 52
42 86
42 84
42 59
41 9
41 15
41 18
41 21
41 86
41 80
41 52
41 76
41 62
41 66
80 18
80 52
80 86
52 18
52 86
18 12
18 16
18 50
18 26
18 84
18 59
18 34
18 70
18 36
18 83
18 86
18 57
18 44
18 72
18 49
18 67
18 68
18 51
18 48
38 29
85 34
15 66
15 76
15 62
15 21
15 75
55 34
86 2
86 16
86 32
86 34
86 36
86 44
86 49
86 57
86 66
86 72
86 83
32 2
32 66
32 57
57 2
57 16
57 34
57 36
57 44
57 49
57 70
57 68
57 83
57 72
75 8
75 10
75 30
75 34
75 39
75 43
75 53
75 66
75 79
66 10
66 23
66 30
66 34
66 53
66 79
34 53
10 8
10 39
79 23
2 21
21 76
21 62
11 20
11 67
11 35
11 51
17 70
17 58
17 48
58 48
58 70
48 7
48 14
48 60
48 70
48 67
48 68
48 51
4 30
4 77
30 43
5 46
7 70
70 68
8 39
8 56
39 56
67 27
67 50
67 51
67 68
35 51
51 68
12 26
12 84
12 59
26 84
26 59
84 50
84 59
59 50
14 60
76 62
16 36
16 83
16 44
16 72
16 49
36 83
36 44
36 72
36 49
83 44
83 49
83 72
44 72
44 49
72 49
50 27
50 68
68 27
