120 638
0 15
0 19
0 93
0 79
0 56
0 61
0 88
0 112
0 4
0 20
0 14
15 64
15 61
15 79
15 93
15 46
15 56
15 112
15 88
15 25
15 26
15 33
19 17
19 112
19 88
19 61
19 79
19 46
19 93
19 56
19 64
19 55
19 66
93 46
93 50
93 56
93 61
93 79
93 115
93 112
93 117
93 116
79 18
79 34
79 46
79 61
79 88
79 112
79 85
56 22
56 36
56 46
56 106
56 61
56 112
56 88
61 46
61 88
61 113
61 102
61 95
88 27
88 34
88 46
88 58
88 87
88 112
112 26
112 32
112 46
112 48
112 107
4 55
4 25
4 71
4 37
4 31
4 84
4 75
4 33
4 52
20 6
20 9
20 82
20 117
20 119
20 24
20 74
20 47
14 52
14 94
14 51
14 64
14 58
14 107
14 38
14 65
14 36
14 111
14 87
1 23
1 29
1 76
1 91
1 40
1 54
1 5
1 53
23 5
23 13
23 53
23 29
23 91
23 59
23 76
29 10
29 12
29 91
29 76
29 53
29 54
29 40
29 92
76 12
76 13
76 53
76 59
76 91
76 92
76 86
91 5
91 25
91 53
91 59
91 86
40 5
40 10
40 12
40 13
40 86
40 54
40 59
54 5
54 10
54 12
54 13
54 59
54 86
5 10
5 86
5 12
5 13
5 59
53 10
53 12
53 13
2 99
2 43
2 104
2 90
2 41
2 102
2 89
2 21
2 66
2 30
2 114
2 70
99 7
99 17
99 44
99 51
99 52
99 70
99 72
99 85
99 87
99 97
99 103
99 111
43 21
43 22
43 41
43 87
43 89
43 104
43 66
43 90
43 96
43 102
43 75
104 21
104 41
104 42
104 66
104 89
104 90
104 102
104 116
104 111
90 21
90 32
90 41
90 66
90 89
90 102
90 97
90 110
41 16
41 21
41 66
41 102
41 89
41 105
102 16
102 21
102 62
102 66
102 89
89 18
89 21
89 38
89 66
21 38
21 66
21 73
66 87
66 103
30 8
30 16
30 24
30 57
30 32
30 78
30 50
30 69
30 105
30 109
114 16
114 31
114 35
114 57
114 68
114 100
114 110
114 113
70 7
70 17
70 52
70 97
70 72
70 103
70 80
70 118
70 85
3 37
3 84
3 48
3 49
3 60
3 62
3 98
3 95
3 83
3 106
3 11
37 7
37 8
37 22
37 26
37 32
37 105
37 50
37 57
37 69
37 115
37 80
84 31
84 48
84 60
84 74
84 77
84 78
84 98
84 100
84 108
48 35
48 75
48 49
48 95
48 62
48 60
48 98
48 106
48 108
49 24
49 95
49 106
49 60
49 62
49 98
49 50
49 77
60 18
60 109
60 62
60 95
60 106
60 77
60 98
62 105
62 95
62 106
62 92
62 98
98 77
98 95
98 100
98 106
95 77
95 92
95 106
83 17
83 26
83 47
83 55
83 63
83 92
106 39
106 77
106 109
11 116
11 18
11 42
11 101
11 22
11 87
11 34
11 96
11 67
11 28
55 25
55 33
55 87
55 67
55 108
55 75
55 92
55 71
25 108
25 92
25 63
25 33
25 71
25 75
25 50
71 26
71 33
71 67
71 75
71 87
71 108
71 96
71 82
31 27
31 113
31 68
31 77
31 100
31 109
31 78
31 35
75 26
75 33
75 57
75 64
75 78
75 108
33 16
33 36
33 87
33 108
33 92
33 105
33 64
52 7
52 17
52 97
52 103
52 72
52 85
52 111
10 13
10 59
10 86
10 12
86 12
86 13
86 59
12 59
12 13
13 59
6 65
6 82
6 117
6 47
6 9
6 119
6 24
6 74
6 63
6 27
6 50
65 39
65 44
65 45
65 58
65 81
65 118
65 94
65 73
65 80
65 67
82 9
82 24
82 47
82 74
82 119
82 117
117 9
117 24
117 47
117 74
117 81
117 119
47 9
47 24
47 119
47 74
47 113
9 24
9 74
9 63
9 34
9 119
9 35
119 24
119 27
119 63
119 74
119 108
24 74
24 27
74 27
63 35
63 113
63 69
63 118
27 16
27 57
27 78
27 67
27 108
50 8
50 32
50 69
50 105
50 109
7 72
7 17
7 85
7 103
7 97
7 45
72 17
72 39
72 51
72 87
72 103
72 85
72 107
17 92
17 85
17 26
17 97
85 44
85 81
85 103
85 97
103 36
103 45
103 81
103 97
103 101
97 35
97 38
97 51
97 110
45 39
45 44
45 118
45 110
45 80
45 73
45 81
45 101
8 32
8 68
8 57
8 115
8 16
8 69
8 100
8 118
32 16
32 105
32 109
32 115
32 68
68 16
68 67
68 78
68 100
68 110
57 67
57 115
57 105
57 109
57 69
57 100
115 35
115 69
115 78
115 100
115 105
115 109
115 118
16 100
16 78
69 42
69 78
69 109
100 67
100 109
118 39
118 44
118 73
118 80
118 81
34 18
34 22
34 42
34 116
34 101
34 96
35 110
116 18
116 22
116 38
116 42
116 44
116 96
116 101
18 96
18 22
18 42
18 101
18 28
18 113
42 22
42 101
42 96
42 110
101 22
101 96
101 113
22 26
22 96
22 58
22 94
87 26
87 78
96 110
96 107
67 110
67 108
28 51
28 64
28 38
28 107
28 111
28 36
28 94
28 73
94 26
94 36
94 51
94 58
94 64
94 111
94 107
51 36
51 38
51 44
51 107
51 58
64 26
64 36
64 38
64 58
64 107
64 111
58 36
58 38
58 46
58 111
58 107
107 36
107 111
38 36
38 111
36 111
46 26
78 77
92 105
113 81
73 39
73 44
73 81
73 80
108 77
105 109
80 39
80 44
80 81
39 81
39 44
81 44
