74 301
0 43
0 3
0 68
0 58
0 12
0 28
0 39
0 10
0 49
0 4
0 24
0 9
0 62
0 21
0 8
0 54
0 71
0 48
43 7
43 8
43 13
43 17
43 21
43 30
43 37
43 54
43 48
43 51
3 1
3 68
3 8
3 21
3 48
3 62
3 67
3 59
3 18
3 55
3 26
3 45
3 54
3 72
3 42
3 61
3 46
3 66
3 11
3 56
3 31
3 70
3 44
3 40
68 8
68 21
68 48
68 54
58 4
58 10
58 12
58 24
58 28
58 39
58 48
58 49
58 54
12 4
12 10
12 28
12 39
12 49
12 24
12 48
12 54
28 4
28 10
28 24
28 39
28 49
28 48
28 54
39 4
39 10
39 24
39 49
39 48
39 54
10 4
10 49
10 24
10 48
10 54
49 4
49 24
49 48
49 54
4 24
4 48
4 54
24 48
24 54
9 8
9 71
9 48
9 54
62 21
21 8
21 14
21 17
21 48
21 65
21 60
21 25
21 56
21 40
21 41
21 54
8 2
8 7
8 71
8 65
8 48
8 13
8 37
8 30
8 17
8 52
8 51
8 54
54 1
54 2
54 5
54 11
54 14
54 15
54 16
54 17
54 18
54 19
54 20
54 22
54 23
54 26
54 29
54 30
54 33
54 35
54 38
54 40
54 41
54 45
54 46
54 48
54 51
54 52
54 53
54 65
54 71
54 67
54 59
54 72
54 55
54 61
54 66
54 56
54 63
54 64
71 36
71 48
48 32
48 36
1 45
1 61
1 73
1 42
1 50
1 56
1 40
45 40
45 61
45 56
61 11
61 26
61 40
61 46
61 56
61 66
73 40
73 42
73 50
73 56
42 11
42 40
42 46
42 66
42 72
42 50
42 56
50 40
50 56
56 11
56 18
56 26
56 35
56 40
56 46
56 55
56 67
56 59
56 72
56 66
40 11
40 18
40 26
40 35
40 67
40 59
40 72
40 55
40 46
40 66
2 52
2 51
52 51
51 7
51 13
51 17
51 30
51 37
67 18
67 26
67 55
67 59
67 72
59 18
59 26
59 35
59 55
59 72
18 72
18 55
18 26
55 26
55 72
26 72
72 11
72 46
72 66
46 11
46 66
66 11
31 70
70 44
5 63
5 22
5 20
5 16
5 33
5 38
5 19
63 16
63 19
63 20
63 22
63 33
63 38
22 16
22 19
22 20
22 29
22 33
22 38
20 16
20 19
20 33
20 38
16 27
16 29
16 33
16 38
16 19
33 19
33 38
38 19
6 69
7 13
7 37
7 30
7 17
13 37
13 30
13 17
37 17
37 30
30 17
30 23
17 23
15 64
23 41
34 47
34 57
47 57
