1349 3876
0 1
0 56
0 970
0 1024
1 2
1 56
1 57
2 3
2 57
2 58
3 4
3 58
3 59
4 5
4 59
4 60
5 6
5 60
5 61
6 7
6 61
6 62
7 8
7 62
7 63
8 9
8 63
8 64
9 10
9 64
9 65
10 11
10 65
10 66
11 12
11 66
11 67
12 13
12 67
12 68
13 14
13 68
13 69
14 15
14 69
14 70
15 16
15 70
15 71
16 17
16 71
16 72
17 18
17 72
17 73
18 19
18 20
18 73
19 20
19 210
19 400
19 590
20 21
20 73
20 210
20 263
21 22
21 73
21 89
21 262
21 263
22 23
22 89
22 104
22 261
22 262
23 24
23 104
23 118
23 260
23 261
24 25
24 118
24 131
24 259
24 260
25 26
25 131
25 143
25 258
25 259
26 27
26 143
26 154
26 257
26 258
27 28
27 154
27 164
27 256
27 257
28 29
28 164
28 173
28 255
28 256
29 30
29 173
29 181
29 254
29 255
30 31
30 181
30 188
30 253
30 254
31 32
31 188
31 194
31 252
31 253
32 33
32 194
32 199
32 251
32 252
33 34
33 199
33 203
33 250
33 251
34 35
34 203
34 206
34 249
34 250
35 36
35 206
35 208
35 248
35 249
36 37
36 208
36 209
36 247
36 248
37 38
37 39
37 209
37 246
37 247
38 39
38 246
39 40
39 209
40 41
40 207
40 209
41 42
41 204
41 207
42 43
42 200
42 204
43 44
43 195
43 200
44 45
44 189
44 195
45 46
45 182
45 189
46 47
46 174
46 182
47 48
47 165
47 174
48 49
48 155
48 165
49 50
49 144
49 155
50 51
50 132
50 144
51 52
51 119
51 132
52 53
52 105
52 119
53 54
53 90
53 105
54 55
54 74
54 90
55 56
55 57
55 74
56 57
57 58
57 74
58 59
58 74
58 75
59 60
59 75
59 76
60 61
60 76
60 77
61 62
61 77
61 78
62 63
62 78
62 79
63 64
63 79
63 80
64 65
64 80
64 81
65 66
65 81
65 82
66 67
66 82
66 83
67 68
67 83
67 84
68 69
68 84
68 85
69 70
69 85
69 86
70 71
70 86
70 87
71 72
71 87
71 88
72 73
72 88
72 89
73 89
74 75
74 90
75 76
75 90
75 91
76 77
76 91
76 92
77 78
77 92
77 93
78 79
78 93
78 94
79 80
79 94
79 95
80 81
80 95
80 96
81 82
81 96
81 97
82 83
82 97
82 98
83 84
83 98
83 99
84 85
84 99
84 100
85 86
85 100
85 101
86 87
86 101
86 102
87 88
87 102
87 103
88 89
88 103
88 104
89 104
90 91
90 105
91 92
91 105
91 106
92 93
92 106
92 107
93 94
93 107
93 108
94 95
94 108
94 109
95 96
95 109
95 110
96 97
96 110
96 111
97 98
97 111
97 112
98 99
98 112
98 113
99 100
99 113
99 114
100 101
100 114
100 115
101 102
101 115
101 116
102 103
102 116
102 117
103 104
103 117
103 118
104 118
105 106
105 119
106 107
106 119
106 120
107 108
107 120
107 121
108 109
108 121
108 122
109 110
109 122
109 123
110 111
110 123
110 124
111 112
111 124
111 125
112 113
112 125
112 126
113 114
113 126
113 127
114 115
114 127
114 128
115 116
115 128
115 129
116 117
116 129
116 130
117 118
117 130
117 131
118 131
119 120
119 132
120 121
120 132
120 133
121 122
121 133
121 134
122 123
122 134
122 135
123 124
123 135
123 136
124 125
124 136
124 137
125 126
125 137
125 138
126 127
126 138
126 139
127 128
127 139
127 140
128 129
128 140
128 141
129 130
129 141
129 142
130 131
130 142
130 143
131 143
132 133
132 144
133 134
133 144
133 145
134 135
134 145
134 146
135 136
135 146
135 147
136 137
136 147
136 148
137 138
137 148
137 149
138 139
138 149
138 150
139 140
139 150
139 151
140 141
140 151
140 152
141 142
141 152
141 153
142 143
142 153
142 154
143 154
144 145
144 155
145 146
145 155
145 156
146 147
146 156
146 157
147 148
147 157
147 158
148 149
148 158
148 159
149 150
149 159
149 160
150 151
150 160
150 161
151 152
151 161
151 162
152 153
152 162
152 163
153 154
153 163
153 164
154 164
155 156
155 165
156 157
156 165
156 166
157 158
157 166
157 167
158 159
158 167
158 168
159 160
159 168
159 169
160 161
160 169
160 170
161 162
161 170
161 171
162 163
162 171
162 172
163 164
163 172
163 173
164 173
165 166
165 174
166 167
166 174
166 175
167 168
167 175
167 176
168 169
168 176
168 177
169 170
169 177
169 178
170 171
170 178
170 179
171 172
171 179
171 180
172 173
172 180
172 181
173 181
174 175
174 182
175 176
175 182
175 183
176 177
176 183
176 184
177 178
177 184
177 185
178 179
178 185
178 186
179 180
179 186
179 187
180 181
180 187
180 188
181 188
182 183
182 189
183 184
183 189
183 190
184 185
184 190
184 191
185 186
185 191
185 192
186 187
186 192
186 193
187 188
187 193
187 194
188 194
189 190
189 195
190 191
190 195
190 196
191 192
191 196
191 197
192 193
192 197
192 198
193 194
193 198
193 199
194 199
195 196
195 200
196 197
196 200
196 201
197 198
197 201
197 202
198 199
198 202
198 203
199 203
200 201
200 204
201 202
201 204
201 205
202 203
202 205
202 206
203 206
204 205
204 207
205 206
205 207
205 208
206 208
207 208
207 209
208 209
210 211
210 263
210 400
210 437
211 212
211 263
211 279
211 437
211 454
212 213
212 279
212 294
212 454
212 470
213 214
213 294
213 308
213 470
213 485
214 215
214 308
214 321
214 485
214 499
215 216
215 321
215 333
215 499
215 512
216 217
216 333
216 344
216 512
216 524
217 218
217 344
217 354
217 524
217 535
218 219
218 354
218 363
218 535
218 545
219 220
219 363
219 371
219 545
219 554
220 221
220 371
220 378
220 554
220 562
221 222
221 378
221 384
221 562
221 569
222 223
222 384
222 389
222 569
222 575
223 224
223 389
223 393
223 575
223 580
224 225
224 393
224 396
224 580
224 584
225 226
225 396
225 398
225 584
225 587
226 227
226 398
226 399
226 587
226 589
227 228
227 229
227 399
227 436
227 589
228 229
228 436
229 230
229 399
230 231
230 397
230 399
231 232
231 394
231 397
232 233
232 390
232 394
233 234
233 385
233 390
234 235
234 379
234 385
235 236
235 372
235 379
236 237
236 364
236 372
237 238
237 355
237 364
238 239
238 345
238 355
239 240
239 334
239 345
240 241
240 322
240 334
241 242
241 309
241 322
242 243
242 295
242 309
243 244
243 280
243 295
244 245
244 264
244 280
245 246
245 247
245 264
246 247
247 248
247 264
248 249
248 264
248 265
249 250
249 265
249 266
250 251
250 266
250 267
251 252
251 267
251 268
252 253
252 268
252 269
253 254
253 269
253 270
254 255
254 270
254 271
255 256
255 271
255 272
256 257
256 272
256 273
257 258
257 273
257 274
258 259
258 274
258 275
259 260
259 275
259 276
260 261
260 276
260 277
261 262
261 277
261 278
262 263
262 278
262 279
263 279
264 265
264 280
265 266
265 280
265 281
266 267
266 281
266 282
267 268
267 282
267 283
268 269
268 283
268 284
269 270
269 284
269 285
270 271
270 285
270 286
271 272
271 286
271 287
272 273
272 287
272 288
273 274
273 288
273 289
274 275
274 289
274 290
275 276
275 290
275 291
276 277
276 291
276 292
277 278
277 292
277 293
278 279
278 293
278 294
279 294
280 281
280 295
281 282
281 295
281 296
282 283
282 296
282 297
283 284
283 297
283 298
284 285
284 298
284 299
285 286
285 299
285 300
286 287
286 300
286 301
287 288
287 301
287 302
288 289
288 302
288 303
289 290
289 303
289 304
290 291
290 304
290 305
291 292
291 305
291 306
292 293
292 306
292 307
293 294
293 307
293 308
294 308
295 296
295 309
296 297
296 309
296 310
297 298
297 310
297 311
298 299
298 311
298 312
299 300
299 312
299 313
300 301
300 313
300 314
301 302
301 314
301 315
302 303
302 315
302 316
303 304
303 316
303 317
304 305
304 317
304 318
305 306
305 318
305 319
306 307
306 319
306 320
307 308
307 320
307 321
308 321
309 310
309 322
310 311
310 322
310 323
311 312
311 323
311 324
312 313
312 324
312 325
313 314
313 325
313 326
314 315
314 326
314 327
315 316
315 327
315 328
316 317
316 328
316 329
317 318
317 329
317 330
318 319
318 330
318 331
319 320
319 331
319 332
320 321
320 332
320 333
321 333
322 323
322 334
323 324
323 334
323 335
324 325
324 335
324 336
325 326
325 336
325 337
326 327
326 337
326 338
327 328
327 338
327 339
328 329
328 339
328 340
329 330
329 340
329 341
330 331
330 341
330 342
331 332
331 342
331 343
332 333
332 343
332 344
333 344
334 335
334 345
335 336
335 345
335 346
336 337
336 346
336 347
337 338
337 347
337 348
338 339
338 348
338 349
339 340
339 349
339 350
340 341
340 350
340 351
341 342
341 351
341 352
342 343
342 352
342 353
343 344
343 353
343 354
344 354
345 346
345 355
346 347
346 355
346 356
347 348
347 356
347 357
348 349
348 357
348 358
349 350
349 358
349 359
350 351
350 359
350 360
351 352
351 360
351 361
352 353
352 361
352 362
353 354
353 362
353 363
354 363
355 356
355 364
356 357
356 364
356 365
357 358
357 365
357 366
358 359
358 366
358 367
359 360
359 367
359 368
360 361
360 368
360 369
361 362
361 369
361 370
362 363
362 370
362 371
363 371
364 365
364 372
365 366
365 372
365 373
366 367
366 373
366 374
367 368
367 374
367 375
368 369
368 375
368 376
369 370
369 376
369 377
370 371
370 377
370 378
371 378
372 373
372 379
373 374
373 379
373 380
374 375
374 380
374 381
375 376
375 381
375 382
376 377
376 382
376 383
377 378
377 383
377 384
378 384
379 380
379 385
380 381
380 385
380 386
381 382
381 386
381 387
382 383
382 387
382 388
383 384
383 388
383 389
384 389
385 386
385 390
386 387
386 390
386 391
387 388
387 391
387 392
388 389
388 392
388 393
389 393
390 391
390 394
391 392
391 394
391 395
392 393
392 395
392 396
393 396
394 395
394 397
395 396
395 397
395 398
396 398
397 398
397 399
398 399
400 401
400 437
400 590
400 627
401 402
401 437
401 438
401 627
401 644
402 403
402 438
402 439
402 644
402 660
403 404
403 439
403 440
403 660
403 675
404 405
404 440
404 441
404 675
404 689
405 406
405 441
405 442
405 689
405 702
406 407
406 442
406 443
406 702
406 714
407 408
407 443
407 444
407 714
407 725
408 409
408 444
408 445
408 725
408 735
409 410
409 445
409 446
409 735
409 744
410 411
410 446
410 447
410 744
410 752
411 412
411 447
411 448
411 752
411 759
412 413
412 448
412 449
412 759
412 765
413 414
413 449
413 450
413 765
413 770
414 415
414 450
414 451
414 770
414 774
415 416
415 451
415 452
415 774
415 777
416 417
416 452
416 453
416 777
416 779
417 418
417 419
417 453
417 626
417 779
418 419
418 626
418 816
419 420
419 453
420 421
420 453
420 469
421 422
421 469
421 484
422 423
422 484
422 498
423 424
423 498
423 511
424 425
424 511
424 523
425 426
425 523
425 534
426 427
426 534
426 544
427 428
427 544
427 553
428 429
428 553
428 561
429 430
429 561
429 568
430 431
430 568
430 574
431 432
431 574
431 579
432 433
432 579
432 583
433 434
433 583
433 586
434 435
434 586
434 588
435 436
435 588
435 589
436 589
437 438
437 454
438 439
438 454
438 455
439 440
439 455
439 456
440 441
440 456
440 457
441 442
441 457
441 458
442 443
442 458
442 459
443 444
443 459
443 460
444 445
444 460
444 461
445 446
445 461
445 462
446 447
446 462
446 463
447 448
447 463
447 464
448 449
448 464
448 465
449 450
449 465
449 466
450 451
450 466
450 467
451 452
451 467
451 468
452 453
452 468
452 469
453 469
454 455
454 470
455 456
455 470
455 471
456 457
456 471
456 472
457 458
457 472
457 473
458 459
458 473
458 474
459 460
459 474
459 475
460 461
460 475
460 476
461 462
461 476
461 477
462 463
462 477
462 478
463 464
463 478
463 479
464 465
464 479
464 480
465 466
465 480
465 481
466 467
466 481
466 482
467 468
467 482
467 483
468 469
468 483
468 484
469 484
470 471
470 485
471 472
471 485
471 486
472 473
472 486
472 487
473 474
473 487
473 488
474 475
474 488
474 489
475 476
475 489
475 490
476 477
476 490
476 491
477 478
477 491
477 492
478 479
478 492
478 493
479 480
479 493
479 494
480 481
480 494
480 495
481 482
481 495
481 496
482 483
482 496
482 497
483 484
483 497
483 498
484 498
485 486
485 499
486 487
486 499
486 500
487 488
487 500
487 501
488 489
488 501
488 502
489 490
489 502
489 503
490 491
490 503
490 504
491 492
491 504
491 505
492 493
492 505
492 506
493 494
493 506
493 507
494 495
494 507
494 508
495 496
495 508
495 509
496 497
496 509
496 510
497 498
497 510
497 511
498 511
499 500
499 512
500 501
500 512
500 513
501 502
501 513
501 514
502 503
502 514
502 515
503 504
503 515
503 516
504 505
504 516
504 517
505 506
505 517
505 518
506 507
506 518
506 519
507 508
507 519
507 520
508 509
508 520
508 521
509 510
509 521
509 522
510 511
510 522
510 523
511 523
512 513
512 524
513 514
513 524
513 525
514 515
514 525
514 526
515 516
515 526
515 527
516 517
516 527
516 528
517 518
517 528
517 529
518 519
518 529
518 530
519 520
519 530
519 531
520 521
520 531
520 532
521 522
521 532
521 533
522 523
522 533
522 534
523 534
524 525
524 535
525 526
525 535
525 536
526 527
526 536
526 537
527 528
527 537
527 538
528 529
528 538
528 539
529 530
529 539
529 540
530 531
530 540
530 541
531 532
531 541
531 542
532 533
532 542
532 543
533 534
533 543
533 544
534 544
535 536
535 545
536 537
536 545
536 546
537 538
537 546
537 547
538 539
538 547
538 548
539 540
539 548
539 549
540 541
540 549
540 550
541 542
541 550
541 551
542 543
542 551
542 552
543 544
543 552
543 553
544 553
545 546
545 554
546 547
546 554
546 555
547 548
547 555
547 556
548 549
548 556
548 557
549 550
549 557
549 558
550 551
550 558
550 559
551 552
551 559
551 560
552 553
552 560
552 561
553 561
554 555
554 562
555 556
555 562
555 563
556 557
556 563
556 564
557 558
557 564
557 565
558 559
558 565
558 566
559 560
559 566
559 567
560 561
560 567
560 568
561 568
562 563
562 569
563 564
563 569
563 570
564 565
564 570
564 571
565 566
565 571
565 572
566 567
566 572
566 573
567 568
567 573
567 574
568 574
569 570
569 575
570 571
570 575
570 576
571 572
571 576
571 577
572 573
572 577
572 578
573 574
573 578
573 579
574 579
575 576
575 580
576 577
576 580
576 581
577 578
577 581
577 582
578 579
578 582
578 583
579 583
580 581
580 584
581 582
581 584
581 585
582 583
582 585
582 586
583 586
584 585
584 587
585 586
585 587
585 588
586 588
587 588
587 589
588 589
590 591
590 627
591 592
591 627
591 628
592 593
592 628
592 629
593 594
593 629
593 630
594 595
594 630
594 631
595 596
595 631
595 632
596 597
596 632
596 633
597 598
597 633
597 634
598 599
598 634
598 635
599 600
599 635
599 636
600 601
600 636
600 637
601 602
601 637
601 638
602 603
602 638
602 639
603 604
603 639
603 640
604 605
604 640
604 641
605 606
605 641
605 642
606 607
606 642
606 643
607 608
607 609
607 643
608 609
608 780
608 1006
608 1007
609 610
609 643
609 780
609 817
610 611
610 643
610 659
610 817
610 834
611 612
611 659
611 674
611 834
611 850
612 613
612 674
612 688
612 850
612 865
613 614
613 688
613 701
613 865
613 879
614 615
614 701
614 713
614 879
614 892
615 616
615 713
615 724
615 892
615 904
616 617
616 724
616 734
616 904
616 915
617 618
617 734
617 743
617 915
617 925
618 619
618 743
618 751
618 925
618 934
619 620
619 751
619 758
619 934
619 942
620 621
620 758
620 764
620 942
620 949
621 622
621 764
621 769
621 949
621 955
622 623
622 769
622 773
622 955
622 960
623 624
623 773
623 776
623 960
623 964
624 625
624 776
624 778
624 964
624 967
625 626
625 778
625 779
625 967
625 969
626 779
626 816
626 969
627 628
627 644
628 629
628 644
628 645
629 630
629 645
629 646
630 631
630 646
630 647
631 632
631 647
631 648
632 633
632 648
632 649
633 634
633 649
633 650
634 635
634 650
634 651
635 636
635 651
635 652
636 637
636 652
636 653
637 638
637 653
637 654
638 639
638 654
638 655
639 640
639 655
639 656
640 641
640 656
640 657
641 642
641 657
641 658
642 643
642 658
642 659
643 659
644 645
644 660
645 646
645 660
645 661
646 647
646 661
646 662
647 648
647 662
647 663
648 649
648 663
648 664
649 650
649 664
649 665
650 651
650 665
650 666
651 652
651 666
651 667
652 653
652 667
652 668
653 654
653 668
653 669
654 655
654 669
654 670
655 656
655 670
655 671
656 657
656 671
656 672
657 658
657 672
657 673
658 659
658 673
658 674
659 674
660 661
660 675
661 662
661 675
661 676
662 663
662 676
662 677
663 664
663 677
663 678
664 665
664 678
664 679
665 666
665 679
665 680
666 667
666 680
666 681
667 668
667 681
667 682
668 669
668 682
668 683
669 670
669 683
669 684
670 671
670 684
670 685
671 672
671 685
671 686
672 673
672 686
672 687
673 674
673 687
673 688
674 688
675 676
675 689
676 677
676 689
676 690
677 678
677 690
677 691
678 679
678 691
678 692
679 680
679 692
679 693
680 681
680 693
680 694
681 682
681 694
681 695
682 683
682 695
682 696
683 684
683 696
683 697
684 685
684 697
684 698
685 686
685 698
685 699
686 687
686 699
686 700
687 688
687 700
687 701
688 701
689 690
689 702
690 691
690 702
690 703
691 692
691 703
691 704
692 693
692 704
692 705
693 694
693 705
693 706
694 695
694 706
694 707
695 696
695 707
695 708
696 697
696 708
696 709
697 698
697 709
697 710
698 699
698 710
698 711
699 700
699 711
699 712
700 701
700 712
700 713
701 713
702 703
702 714
703 704
703 714
703 715
704 705
704 715
704 716
705 706
705 716
705 717
706 707
706 717
706 718
707 708
707 718
707 719
708 709
708 719
708 720
709 710
709 720
709 721
710 711
710 721
710 722
711 712
711 722
711 723
712 713
712 723
712 724
713 724
714 715
714 725
715 716
715 725
715 726
716 717
716 726
716 727
717 718
717 727
717 728
718 719
718 728
718 729
719 720
719 729
719 730
720 721
720 730
720 731
721 722
721 731
721 732
722 723
722 732
722 733
723 724
723 733
723 734
724 734
725 726
725 735
726 727
726 735
726 736
727 728
727 736
727 737
728 729
728 737
728 738
729 730
729 738
729 739
730 731
730 739
730 740
731 732
731 740
731 741
732 733
732 741
732 742
733 734
733 742
733 743
734 743
735 736
735 744
736 737
736 744
736 745
737 738
737 745
737 746
738 739
738 746
738 747
739 740
739 747
739 748
740 741
740 748
740 749
741 742
741 749
741 750
742 743
742 750
742 751
743 751
744 745
744 752
745 746
745 752
745 753
746 747
746 753
746 754
747 748
747 754
747 755
748 749
748 755
748 756
749 750
749 756
749 757
750 751
750 757
750 758
751 758
752 753
752 759
753 754
753 759
753 760
754 755
754 760
754 761
755 756
755 761
755 762
756 757
756 762
756 763
757 758
757 763
757 764
758 764
759 760
759 765
760 761
760 765
760 766
761 762
761 766
761 767
762 763
762 767
762 768
763 764
763 768
763 769
764 769
765 766
765 770
766 767
766 770
766 771
767 768
767 771
767 772
768 769
768 772
768 773
769 773
770 771
770 774
771 772
771 774
771 775
772 773
772 775
772 776
773 776
774 775
774 777
775 776
775 777
775 778
776 778
777 778
777 779
778 779
780 781
780 817
780 1006
780 1196
781 782
781 817
781 818
781 1196
781 1213
782 783
782 818
782 819
782 1213
782 1229
783 784
783 819
783 820
783 1229
783 1244
784 785
784 820
784 821
784 1244
784 1258
785 786
785 821
785 822
785 1258
785 1271
786 787
786 822
786 823
786 1271
786 1283
787 788
787 823
787 824
787 1283
787 1294
788 789
788 824
788 825
788 1294
788 1304
789 790
789 825
789 826
789 1304
789 1313
790 791
790 826
790 827
790 1313
790 1321
791 792
791 827
791 828
791 1321
791 1328
792 793
792 828
792 829
792 1328
792 1334
793 794
793 829
793 830
793 1334
793 1339
794 795
794 830
794 831
794 1339
794 1343
795 796
795 831
795 832
795 1343
795 1346
796 797
796 832
796 833
796 1346
796 1348
797 798
797 799
797 833
797 1195
797 1348
798 799
798 1195
799 800
799 833
800 801
800 833
800 849
801 802
801 849
801 864
802 803
802 864
802 878
803 804
803 878
803 891
804 805
804 891
804 903
805 806
805 903
805 914
806 807
806 914
806 924
807 808
807 924
807 933
808 809
808 933
808 941
809 810
809 941
809 948
810 811
810 948
810 954
811 812
811 954
811 959
812 813
812 959
812 963
813 814
813 963
813 966
814 815
814 966
814 968
815 816
815 968
815 969
816 969
817 818
817 834
818 819
818 834
818 835
819 820
819 835
819 836
820 821
820 836
820 837
821 822
821 837
821 838
822 823
822 838
822 839
823 824
823 839
823 840
824 825
824 840
824 841
825 826
825 841
825 842
826 827
826 842
826 843
827 828
827 843
827 844
828 829
828 844
828 845
829 830
829 845
829 846
830 831
830 846
830 847
831 832
831 847
831 848
832 833
832 848
832 849
833 849
834 835
834 850
835 836
835 850
835 851
836 837
836 851
836 852
837 838
837 852
837 853
838 839
838 853
838 854
839 840
839 854
839 855
840 841
840 855
840 856
841 842
841 856
841 857
842 843
842 857
842 858
843 844
843 858
843 859
844 845
844 859
844 860
845 846
845 860
845 861
846 847
846 861
846 862
847 848
847 862
847 863
848 849
848 863
848 864
849 864
850 851
850 865
851 852
851 865
851 866
852 853
852 866
852 867
853 854
853 867
853 868
854 855
854 868
854 869
855 856
855 869
855 870
856 857
856 870
856 871
857 858
857 871
857 872
858 859
858 872
858 873
859 860
859 873
859 874
860 861
860 874
860 875
861 862
861 875
861 876
862 863
862 876
862 877
863 864
863 877
863 878
864 878
865 866
865 879
866 867
866 879
866 880
867 868
867 880
867 881
868 869
868 881
868 882
869 870
869 882
869 883
870 871
870 883
870 884
871 872
871 884
871 885
872 873
872 885
872 886
873 874
873 886
873 887
874 875
874 887
874 888
875 876
875 888
875 889
876 877
876 889
876 890
877 878
877 890
877 891
878 891
879 880
879 892
880 881
880 892
880 893
881 882
881 893
881 894
882 883
882 894
882 895
883 884
883 895
883 896
884 885
884 896
884 897
885 886
885 897
885 898
886 887
886 898
886 899
887 888
887 899
887 900
888 889
888 900
888 901
889 890
889 901
889 902
890 891
890 902
890 903
891 903
892 893
892 904
893 894
893 904
893 905
894 895
894 905
894 906
895 896
895 906
895 907
896 897
896 907
896 908
897 898
897 908
897 909
898 899
898 909
898 910
899 900
899 910
899 911
900 901
900 911
900 912
901 902
901 912
901 913
902 903
902 913
902 914
903 914
904 905
904 915
905 906
905 915
905 916
906 907
906 916
906 917
907 908
907 917
907 918
908 909
908 918
908 919
909 910
909 919
909 920
910 911
910 920
910 921
911 912
911 921
911 922
912 913
912 922
912 923
913 914
913 923
913 924
914 924
915 916
915 925
916 917
916 925
916 926
917 918
917 926
917 927
918 919
918 927
918 928
919 920
919 928
919 929
920 921
920 929
920 930
921 922
921 930
921 931
922 923
922 931
922 932
923 924
923 932
923 933
924 933
925 926
925 934
926 927
926 934
926 935
927 928
927 935
927 936
928 929
928 936
928 937
929 930
929 937
929 938
930 931
930 938
930 939
931 932
931 939
931 940
932 933
932 940
932 941
933 941
934 935
934 942
935 936
935 942
935 943
936 937
936 943
936 944
937 938
937 944
937 945
938 939
938 945
938 946
939 940
939 946
939 947
940 941
940 947
940 948
941 948
942 943
942 949
943 944
943 949
943 950
944 945
944 950
944 951
945 946
945 951
945 952
946 947
946 952
946 953
947 948
947 953
947 954
948 954
949 950
949 955
950 951
950 955
950 956
951 952
951 956
951 957
952 953
952 957
952 958
953 954
953 958
953 959
954 959
955 956
955 960
956 957
956 960
956 961
957 958
957 961
957 962
958 959
958 962
958 963
959 963
960 961
960 964
961 962
961 964
961 965
962 963
962 965
962 966
963 966
964 965
964 967
965 966
965 967
965 968
966 968
967 968
967 969
968 969
970 971
970 1024
970 1025
971 972
971 1025
971 1026
972 973
972 1026
972 1027
973 974
973 1027
973 1028
974 975
974 1028
974 1029
975 976
975 1029
975 1030
976 977
976 1030
976 1031
977 978
977 1031
977 1032
978 979
978 1032
978 1033
979 980
979 1033
979 1034
980 981
980 1034
980 1035
981 982
981 1035
981 1036
982 983
982 1036
982 1037
983 984
983 1037
983 1038
984 985
984 1038
984 1039
985 986
985 1039
985 1040
986 987
986 1040
986 1041
987 988
987 989
987 1041
988 989
988 1178
989 990
989 1041
989 1178
989 1212
990 991
990 1041
990 1057
990 1211
990 1212
991 992
991 1057
991 1072
991 1210
991 1211
992 993
992 1072
992 1086
992 1209
992 1210
993 994
993 1086
993 1099
993 1208
993 1209
994 995
994 1099
994 1111
994 1207
994 1208
995 996
995 1111
995 1122
995 1206
995 1207
996 997
996 1122
996 1132
996 1205
996 1206
997 998
997 1132
997 1141
997 1204
997 1205
998 999
998 1141
998 1149
998 1203
998 1204
999 1000
999 1149
999 1156
999 1202
999 1203
1000 1001
1000 1156
1000 1162
1000 1201
1000 1202
1001 1002
1001 1162
1001 1167
1001 1200
1001 1201
1002 1003
1002 1167
1002 1171
1002 1199
1002 1200
1003 1004
1003 1171
1003 1174
1003 1198
1003 1199
1004 1005
1004 1174
1004 1176
1004 1197
1004 1198
1005 1006
1005 1176
1005 1177
1005 1196
1005 1197
1006 1007
1006 1177
1006 1196
1007 1008
1007 1177
1008 1009
1008 1175
1008 1177
1009 1010
1009 1172
1009 1175
1010 1011
1010 1168
1010 1172
1011 1012
1011 1163
1011 1168
1012 1013
1012 1157
1012 1163
1013 1014
1013 1150
1013 1157
1014 1015
1014 1142
1014 1150
1015 1016
1015 1133
1015 1142
1016 1017
1016 1123
1016 1133
1017 1018
1017 1112
1017 1123
1018 1019
1018 1100
1018 1112
1019 1020
1019 1087
1019 1100
1020 1021
1020 1073
1020 1087
1021 1022
1021 1058
1021 1073
1022 1023
1022 1042
1022 1058
1023 1024
1023 1025
1023 1042
1024 1025
1025 1026
1025 1042
1026 1027
1026 1042
1026 1043
1027 1028
1027 1043
1027 1044
1028 1029
1028 1044
1028 1045
1029 1030
1029 1045
1029 1046
1030 1031
1030 1046
1030 1047
1031 1032
1031 1047
1031 1048
1032 1033
1032 1048
1032 1049
1033 1034
1033 1049
1033 1050
1034 1035
1034 1050
1034 1051
1035 1036
1035 1051
1035 1052
1036 1037
1036 1052
1036 1053
1037 1038
1037 1053
1037 1054
1038 1039
1038 1054
1038 1055
1039 1040
1039 1055
1039 1056
1040 1041
1040 1056
1040 1057
1041 1057
1042 1043
1042 1058
1043 1044
1043 1058
1043 1059
1044 1045
1044 1059
1044 1060
1045 1046
1045 1060
1045 1061
1046 1047
1046 1061
1046 1062
1047 1048
1047 1062
1047 1063
1048 1049
1048 1063
1048 1064
1049 1050
1049 1064
1049 1065
1050 1051
1050 1065
1050 1066
1051 1052
1051 1066
1051 1067
1052 1053
1052 1067
1052 1068
1053 1054
1053 1068
1053 1069
1054 1055
1054 1069
1054 1070
1055 1056
1055 1070
1055 1071
1056 1057
1056 1071
1056 1072
1057 1072
1058 1059
1058 1073
1059 1060
1059 1073
1059 1074
1060 1061
1060 1074
1060 1075
1061 1062
1061 1075
1061 1076
1062 1063
1062 1076
1062 1077
1063 1064
1063 1077
1063 1078
1064 1065
1064 1078
1064 1079
1065 1066
1065 1079
1065 1080
1066 1067
1066 1080
1066 1081
1067 1068
1067 1081
1067 1082
1068 1069
1068 1082
1068 1083
1069 1070
1069 1083
1069 1084
1070 1071
1070 1084
1070 1085
1071 1072
1071 1085
1071 1086
1072 1086
1073 1074
1073 1087
1074 1075
1074 1087
1074 1088
1075 1076
1075 1088
1075 1089
1076 1077
1076 1089
1076 1090
1077 1078
1077 1090
1077 1091
1078 1079
1078 1091
1078 1092
1079 1080
1079 1092
1079 1093
1080 1081
1080 1093
1080 1094
1081 1082
1081 1094
1081 1095
1082 1083
1082 1095
1082 1096
1083 1084
1083 1096
1083 1097
1084 1085
1084 1097
1084 1098
1085 1086
1085 1098
1085 1099
1086 1099
1087 1088
1087 1100
1088 1089
1088 1100
1088 1101
1089 1090
1089 1101
1089 1102
1090 1091
1090 1102
1090 1103
1091 1092
1091 1103
1091 1104
1092 1093
1092 1104
1092 1105
1093 1094
1093 1105
1093 1106
1094 1095
1094 1106
1094 1107
1095 1096
1095 1107
1095 1108
1096 1097
1096 1108
1096 1109
1097 1098
1097 1109
1097 1110
1098 1099
1098 1110
1098 1111
1099 1111
1100 1101
1100 1112
1101 1102
1101 1112
1101 1113
1102 1103
1102 1113
1102 1114
1103 1104
1103 1114
1103 1115
1104 1105
1104 1115
1104 1116
1105 1106
1105 1116
1105 1117
1106 1107
1106 1117
1106 1118
1107 1108
1107 1118
1107 1119
1108 1109
1108 1119
1108 1120
1109 1110
1109 1120
1109 1121
1110 1111
1110 1121
1110 1122
1111 1122
1112 1113
1112 1123
1113 1114
1113 1123
1113 1124
1114 1115
1114 1124
1114 1125
1115 1116
1115 1125
1115 1126
1116 1117
1116 1126
1116 1127
1117 1118
1117 1127
1117 1128
1118 1119
1118 1128
1118 1129
1119 1120
1119 1129
1119 1130
1120 1121
1120 1130
1120 1131
1121 1122
1121 1131
1121 1132
1122 1132
1123 1124
1123 1133
1124 1125
1124 1133
1124 1134
1125 1126
1125 1134
1125 1135
1126 1127
1126 1135
1126 1136
1127 1128
1127 1136
1127 1137
1128 1129
1128 1137
1128 1138
1129 1130
1129 1138
1129 1139
1130 1131
1130 1139
1130 1140
1131 1132
1131 1140
1131 1141
1132 1141
1133 1134
1133 1142
1134 1135
1134 1142
1134 1143
1135 1136
1135 1143
1135 1144
1136 1137
1136 1144
1136 1145
1137 1138
1137 1145
1137 1146
1138 1139
1138 1146
1138 1147
1139 1140
1139 1147
1139 1148
1140 1141
1140 1148
1140 1149
1141 1149
1142 1143
1142 1150
1143 1144
1143 1150
1143 1151
1144 1145
1144 1151
1144 1152
1145 1146
1145 1152
1145 1153
1146 1147
1146 1153
1146 1154
1147 1148
1147 1154
1147 1155
1148 1149
1148 1155
1148 1156
1149 1156
1150 1151
1150 1157
1151 1152
1151 1157
1151 1158
1152 1153
1152 1158
1152 1159
1153 1154
1153 1159
1153 1160
1154 1155
1154 1160
1154 1161
1155 1156
1155 1161
1155 1162
1156 1162
1157 1158
1157 1163
1158 1159
1158 1163
1158 1164
1159 1160
1159 1164
1159 1165
1160 1161
1160 1165
1160 1166
1161 1162
1161 1166
1161 1167
1162 1167
1163 1164
1163 1168
1164 1165
1164 1168
1164 1169
1165 1166
1165 1169
1165 1170
1166 1167
1166 1170
1166 1171
1167 1171
1168 1169
1168 1172
1169 1170
1169 1172
1169 1173
1170 1171
1170 1173
1170 1174
1171 1174
1172 1173
1172 1175
1173 1174
1173 1175
1173 1176
1174 1176
1175 1176
1175 1177
1176 1177
1178 1179
1178 1212
1179 1180
1179 1212
1179 1228
1180 1181
1180 1228
1180 1243
1181 1182
1181 1243
1181 1257
1182 1183
1182 1257
1182 1270
1183 1184
1183 1270
1183 1282
1184 1185
1184 1282
1184 1293
1185 1186
1185 1293
1185 1303
1186 1187
1186 1303
1186 1312
1187 1188
1187 1312
1187 1320
1188 1189
1188 1320
1188 1327
1189 1190
1189 1327
1189 1333
1190 1191
1190 1333
1190 1338
1191 1192
1191 1338
1191 1342
1192 1193
1192 1342
1192 1345
1193 1194
1193 1345
1193 1347
1194 1195
1194 1347
1194 1348
1195 1348
1196 1197
1196 1213
1197 1198
1197 1213
1197 1214
1198 1199
1198 1214
1198 1215
1199 1200
1199 1215
1199 1216
1200 1201
1200 1216
1200 1217
1201 1202
1201 1217
1201 1218
1202 1203
1202 1218
1202 1219
1203 1204
1203 1219
1203 1220
1204 1205
1204 1220
1204 1221
1205 1206
1205 1221
1205 1222
1206 1207
1206 1222
1206 1223
1207 1208
1207 1223
1207 1224
1208 1209
1208 1224
1208 1225
1209 1210
1209 1225
1209 1226
1210 1211
1210 1226
1210 1227
1211 1212
1211 1227
1211 1228
1212 1228
1213 1214
1213 1229
1214 1215
1214 1229
1214 1230
1215 1216
1215 1230
1215 1231
1216 1217
1216 1231
1216 1232
1217 1218
1217 1232
1217 1233
1218 1219
1218 1233
1218 1234
1219 1220
1219 1234
1219 1235
1220 1221
1220 1235
1220 1236
1221 1222
1221 1236
1221 1237
1222 1223
1222 1237
1222 1238
1223 1224
1223 1238
1223 1239
1224 1225
1224 1239
1224 1240
1225 1226
1225 1240
1225 1241
1226 1227
1226 1241
1226 1242
1227 1228
1227 1242
1227 1243
1228 1243
1229 1230
1229 1244
1230 1231
1230 1244
1230 1245
1231 1232
1231 1245
1231 1246
1232 1233
1232 1246
1232 1247
1233 1234
1233 1247
1233 1248
1234 1235
1234 1248
1234 1249
1235 1236
1235 1249
1235 1250
1236 1237
1236 1250
1236 1251
1237 1238
1237 1251
1237 1252
1238 1239
1238 1252
1238 1253
1239 1240
1239 1253
1239 1254
1240 1241
1240 1254
1240 1255
1241 1242
1241 1255
1241 1256
1242 1243
1242 1256
1242 1257
1243 1257
1244 1245
1244 1258
1245 1246
1245 1258
1245 1259
1246 1247
1246 1259
1246 1260
1247 1248
1247 1260
1247 1261
1248 1249
1248 1261
1248 1262
1249 1250
1249 1262
1249 1263
1250 1251
1250 1263
1250 1264
1251 1252
1251 1264
1251 1265
1252 1253
1252 1265
1252 1266
1253 1254
1253 1266
1253 1267
1254 1255
1254 1267
1254 1268
1255 1256
1255 1268
1255 1269
1256 1257
1256 1269
1256 1270
1257 1270
1258 1259
1258 1271
1259 1260
1259 1271
1259 1272
1260 1261
1260 1272
1260 1273
1261 1262
1261 1273
1261 1274
1262 1263
1262 1274
1262 1275
1263 1264
1263 1275
1263 1276
1264 1265
1264 1276
1264 1277
1265 1266
1265 1277
1265 1278
1266 1267
1266 1278
1266 1279
1267 1268
1267 1279
1267 1280
1268 1269
1268 1280
1268 1281
1269 1270
1269 1281
1269 1282
1270 1282
1271 1272
1271 1283
1272 1273
1272 1283
1272 1284
1273 1274
1273 1284
1273 1285
1274 1275
1274 1285
1274 1286
1275 1276
1275 1286
1275 1287
1276 1277
1276 1287
1276 1288
1277 1278
1277 1288
1277 1289
1278 1279
1278 1289
1278 1290
1279 1280
1279 1290
1279 1291
1280 1281
1280 1291
1280 1292
1281 1282
1281 1292
1281 1293
1282 1293
1283 1284
1283 1294
1284 1285
1284 1294
1284 1295
1285 1286
1285 1295
1285 1296
1286 1287
1286 1296
1286 1297
1287 1288
1287 1297
1287 1298
1288 1289
1288 1298
1288 1299
1289 1290
1289 1299
1289 1300
1290 1291
1290 1300
1290 1301
1291 1292
1291 1301
1291 1302
1292 1293
1292 1302
1292 1303
1293 1303
1294 1295
1294 1304
1295 1296
1295 1304
1295 1305
1296 1297
1296 1305
1296 1306
1297 1298
1297 1306
1297 1307
1298 1299
1298 1307
1298 1308
1299 1300
1299 1308
1299 1309
1300 1301
1300 1309
1300 1310
1301 1302
1301 1310
1301 1311
1302 1303
1302 1311
1302 1312
1303 1312
1304 1305
1304 1313
1305 1306
1305 1313
1305 1314
1306 1307
1306 1314
1306 1315
1307 1308
1307 1315
1307 1316
1308 1309
1308 1316
1308 1317
1309 1310
1309 1317
1309 1318
1310 1311
1310 1318
1310 1319
1311 1312
1311 1319
1311 1320
1312 1320
1313 1314
1313 1321
1314 1315
1314 1321
1314 1322
1315 1316
1315 1322
1315 1323
1316 1317
1316 1323
1316 1324
1317 1318
1317 1324
1317 1325
1318 1319
1318 1325
1318 1326
1319 1320
1319 1326
1319 1327
1320 1327
1321 1322
1321 1328
1322 1323
1322 1328
1322 1329
1323 1324
1323 1329
1323 1330
1324 1325
1324 1330
1324 1331
1325 1326
1325 1331
1325 1332
1326 1327
1326 1332
1326 1333
1327 1333
1328 1329
1328 1334
1329 1330
1329 1334
1329 1335
1330 1331
1330 1335
1330 1336
1331 1332
1331 1336
1331 1337
1332 1333
1332 1337
1332 1338
1333 1338
1334 1335
1334 1339
1335 1336
1335 1339
1335 1340
1336 1337
1336 1340
1336 1341
1337 1338
1337 1341
1337 1342
1338 1342
1339 1340
1339 1343
1340 1341
1340 1343
1340 1344
1341 1342
1341 1344
1341 1345
1342 1345
1343 1344
1343 1346
1344 1345
1344 1346
1344 1347
1345 1347
1346 1347
1346 1348
1347 1348
