1440 4032
0 1
0 26
0 55
1 2
1 26
1 27
1 55
1 72
2 3
2 27
2 28
2 72
2 79
3 4
3 28
3 29
3 79
3 85
4 5
4 29
4 30
4 85
4 90
5 6
5 30
5 31
5 90
5 94
6 7
6 31
6 32
6 94
6 97
7 8
7 32
7 33
7 97
7 99
8 9
8 10
8 33
8 71
8 99
9 10
9 71
9 116
9 1404
10 11
10 33
10 1404
10 1418
11 12
11 33
11 39
11 1417
11 1418
12 13
12 39
12 44
12 1416
12 1417
13 14
13 44
13 48
13 1415
13 1416
14 15
14 48
14 51
14 1414
14 1415
15 16
15 51
15 53
15 1413
15 1414
16 17
16 53
16 54
16 1412
16 1413
17 18
17 19
17 54
17 1360
17 1412
18 19
18 1360
18 1375
19 20
19 54
20 21
20 52
20 54
21 22
21 49
21 52
22 23
22 45
22 49
23 24
23 40
23 45
24 25
24 34
24 40
25 26
25 27
25 34
26 27
27 28
27 34
28 29
28 34
28 35
29 30
29 35
29 36
30 31
30 36
30 37
31 32
31 37
31 38
32 33
32 38
32 39
33 39
34 35
34 40
35 36
35 40
35 41
36 37
36 41
36 42
37 38
37 42
37 43
38 39
38 43
38 44
39 44
40 41
40 45
41 42
41 45
41 46
42 43
42 46
42 47
43 44
43 47
43 48
44 48
45 46
45 49
46 47
46 49
46 50
47 48
47 50
47 51
48 51
49 50
49 52
50 51
50 52
50 53
51 53
52 53
52 54
53 54
55 56
55 72
56 57
56 72
56 73
57 58
57 73
57 74
58 59
58 74
58 75
59 60
59 75
59 76
60 61
60 76
60 77
61 62
61 77
61 78
62 63
62 64
62 78
63 64
63 100
63 145
64 65
64 78
64 100
64 117
65 66
65 78
65 84
65 117
65 124
66 67
66 84
66 89
66 124
66 130
67 68
67 89
67 93
67 130
67 135
68 69
68 93
68 96
68 135
68 139
69 70
69 96
69 98
69 139
69 142
70 71
70 98
70 99
70 142
70 144
71 99
71 116
71 144
72 73
72 79
73 74
73 79
73 80
74 75
74 80
74 81
75 76
75 81
75 82
76 77
76 82
76 83
77 78
77 83
77 84
78 84
79 80
79 85
80 81
80 85
80 86
81 82
81 86
81 87
82 83
82 87
82 88
83 84
83 88
83 89
84 89
85 86
85 90
86 87
86 90
86 91
87 88
87 91
87 92
88 89
88 92
88 93
89 93
90 91
90 94
91 92
91 94
91 95
92 93
92 95
92 96
93 96
94 95
94 97
95 96
95 97
95 98
96 98
97 98
97 99
98 99
100 101
100 117
100 145
100 162
101 102
101 117
101 118
101 162
101 169
102 103
102 118
102 119
102 169
102 175
103 104
103 119
103 120
103 175
103 180
104 105
104 120
104 121
104 180
104 184
105 106
105 121
105 122
105 184
105 187
106 107
106 122
106 123
106 187
106 189
107 108
107 109
107 123
107 161
107 189
108 109
108 161
108 206
109 110
109 123
110 111
110 123
110 129
111 112
111 129
111 134
112 113
112 134
112 138
113 114
113 138
113 141
114 115
114 141
114 143
115 116
115 143
115 144
116 144
117 118
117 124
118 119
118 124
118 125
119 120
119 125
119 126
120 121
120 126
120 127
121 122
121 127
121 128
122 123
122 128
122 129
123 129
124 125
124 130
125 126
125 130
125 131
126 127
126 131
126 132
127 128
127 132
127 133
128 129
128 133
128 134
129 134
130 131
130 135
131 132
131 135
131 136
132 133
132 136
132 137
133 134
133 137
133 138
134 138
135 136
135 139
136 137
136 139
136 140
137 138
137 140
137 141
138 141
139 140
139 142
140 141
140 142
140 143
141 143
142 143
142 144
143 144
145 146
145 162
146 147
146 162
146 163
147 148
147 163
147 164
148 149
148 164
148 165
149 150
149 165
149 166
150 151
150 166
150 167
151 152
151 167
151 168
152 153
152 154
152 168
153 154
153 190
153 235
154 155
154 168
154 190
154 207
155 156
155 168
155 174
155 207
155 214
156 157
156 174
156 179
156 214
156 220
157 158
157 179
157 183
157 220
157 225
158 159
158 183
158 186
158 225
158 229
159 160
159 186
159 188
159 229
159 232
160 161
160 188
160 189
160 232
160 234
161 189
161 206
161 234
162 163
162 169
163 164
163 169
163 170
164 165
164 170
164 171
165 166
165 171
165 172
166 167
166 172
166 173
167 168
167 173
167 174
168 174
169 170
169 175
170 171
170 175
170 176
171 172
171 176
171 177
172 173
172 177
172 178
173 174
173 178
173 179
174 179
175 176
175 180
176 177
176 180
176 181
177 178
177 181
177 182
178 179
178 182
178 183
179 183
180 181
180 184
181 182
181 184
181 185
182 183
182 185
182 186
183 186
184 185
184 187
185 186
185 187
185 188
186 188
187 188
187 189
188 189
190 191
190 207
190 235
190 252
191 192
191 207
191 208
191 252
191 259
192 193
192 208
192 209
192 259
192 265
193 194
193 209
193 210
193 265
193 270
194 195
194 210
194 211
194 270
194 274
195 196
195 211
195 212
195 274
195 277
196 197
196 212
196 213
196 277
196 279
197 198
197 199
197 213
197 251
197 279
198 199
198 251
198 296
199 200
199 213
200 201
200 213
200 219
201 202
201 219
201 224
202 203
202 224
202 228
203 204
203 228
203 231
204 205
204 231
204 233
205 206
205 233
205 234
206 234
207 208
207 214
208 209
208 214
208 215
209 210
209 215
209 216
210 211
210 216
210 217
211 212
211 217
211 218
212 213
212 218
212 219
213 219
214 215
214 220
215 216
215 220
215 221
216 217
216 221
216 222
217 218
217 222
217 223
218 219
218 223
218 224
219 224
220 221
220 225
221 222
221 225
221 226
222 223
222 226
222 227
223 224
223 227
223 228
224 228
225 226
225 229
226 227
226 229
226 230
227 228
227 230
227 231
228 231
229 230
229 232
230 231
230 232
230 233
231 233
232 233
232 234
233 234
235 236
235 252
236 237
236 252
236 253
237 238
237 253
237 254
238 239
238 254
238 255
239 240
239 255
239 256
240 241
240 256
240 257
241 242
241 257
241 258
242 243
242 244
242 258
243 244
243 280
243 325
244 245
244 258
244 280
244 297
245 246
245 258
245 264
245 297
245 304
246 247
246 264
246 269
246 304
246 310
247 248
247 269
247 273
247 310
247 315
248 249
248 273
248 276
248 315
248 319
249 250
249 276
249 278
249 319
249 322
250 251
250 278
250 279
250 322
250 324
251 279
251 296
251 324
252 253
252 259
253 254
253 259
253 260
254 255
254 260
254 261
255 256
255 261
255 262
256 257
256 262
256 263
257 258
257 263
257 264
258 264
259 260
259 265
260 261
260 265
260 266
261 262
261 266
261 267
262 263
262 267
262 268
263 264
263 268
263 269
264 269
265 266
265 270
266 267
266 270
266 271
267 268
267 271
267 272
268 269
268 272
268 273
269 273
270 271
270 274
271 272
271 274
271 275
272 273
272 275
272 276
273 276
274 275
274 277
275 276
275 277
275 278
276 278
277 278
277 279
278 279
280 281
280 297
280 325
280 342
281 282
281 297
281 298
281 342
281 349
282 283
282 298
282 299
282 349
282 355
283 284
283 299
283 300
283 355
283 360
284 285
284 300
284 301
284 360
284 364
285 286
285 301
285 302
285 364
285 367
286 287
286 302
286 303
286 367
286 369
287 288
287 289
287 303
287 341
287 369
288 289
288 341
288 386
288 476
288 521
289 290
289 303
290 291
290 303
290 309
291 292
291 309
291 314
292 293
292 314
292 318
293 294
293 318
293 321
294 295
294 321
294 323
295 296
295 323
295 324
296 324
297 298
297 304
298 299
298 304
298 305
299 300
299 305
299 306
300 301
300 306
300 307
301 302
301 307
301 308
302 303
302 308
302 309
303 309
304 305
304 310
305 306
305 310
305 311
306 307
306 311
306 312
307 308
307 312
307 313
308 309
308 313
308 314
309 314
310 311
310 315
311 312
311 315
311 316
312 313
312 316
312 317
313 314
313 317
313 318
314 318
315 316
315 319
316 317
316 319
316 320
317 318
317 320
317 321
318 321
319 320
319 322
320 321
320 322
320 323
321 323
322 323
322 324
323 324
325 326
325 342
326 327
326 342
326 343
327 328
327 343
327 344
328 329
328 344
328 345
329 330
329 345
329 346
330 331
330 346
330 347
331 332
331 347
331 348
332 333
332 334
332 348
333 334
333 370
333 415
334 335
334 348
334 370
334 387
335 336
335 348
335 354
335 387
335 394
336 337
336 354
336 359
336 394
336 400
337 338
337 359
337 363
337 400
337 405
338 339
338 363
338 366
338 405
338 409
339 340
339 366
339 368
339 409
339 412
340 341
340 368
340 369
340 412
340 414
341 369
341 386
341 414
342 343
342 349
343 344
343 349
343 350
344 345
344 350
344 351
345 346
345 351
345 352
346 347
346 352
346 353
347 348
347 353
347 354
348 354
349 350
349 355
350 351
350 355
350 356
351 352
351 356
351 357
352 353
352 357
352 358
353 354
353 358
353 359
354 359
355 356
355 360
356 357
356 360
356 361
357 358
357 361
357 362
358 359
358 362
358 363
359 363
360 361
360 364
361 362
361 364
361 365
362 363
362 365
362 366
363 366
364 365
364 367
365 366
365 367
365 368
366 368
367 368
367 369
368 369
370 371
370 387
370 415
370 432
371 372
371 387
371 388
371 432
371 439
372 373
372 388
372 389
372 439
372 445
373 374
373 389
373 390
373 445
373 450
374 375
374 390
374 391
374 450
374 454
375 376
375 391
375 392
375 454
375 457
376 377
376 392
376 393
376 457
376 459
377 378
377 379
377 393
377 431
377 459
378 379
378 431
378 460
379 380
379 393
379 460
379 483
380 381
380 393
380 399
380 482
380 483
381 382
381 399
381 404
381 481
381 482
382 383
382 404
382 408
382 480
382 481
383 384
383 408
383 411
383 479
383 480
384 385
384 411
384 413
384 478
384 479
385 386
385 413
385 414
385 477
385 478
386 414
386 476
386 477
387 388
387 394
388 389
388 394
388 395
389 390
389 395
389 396
390 391
390 396
390 397
391 392
391 397
391 398
392 393
392 398
392 399
393 399
394 395
394 400
395 396
395 400
395 401
396 397
396 401
396 402
397 398
397 402
397 403
398 399
398 403
398 404
399 404
400 401
400 405
401 402
401 405
401 406
402 403
402 406
402 407
403 404
403 407
403 408
404 408
405 406
405 409
406 407
406 409
406 410
407 408
407 410
407 411
408 411
409 410
409 412
410 411
410 412
410 413
411 413
412 413
412 414
413 414
415 416
415 432
416 417
416 432
416 433
417 418
417 433
417 434
418 419
418 434
418 435
419 420
419 435
419 436
420 421
420 436
420 437
421 422
421 437
421 438
422 423
422 424
422 438
423 424
424 425
424 438
425 426
425 438
425 444
426 427
426 444
426 449
427 428
427 449
427 453
428 429
428 453
428 456
429 430
429 456
429 458
430 431
430 458
430 459
431 459
432 433
432 439
433 434
433 439
433 440
434 435
434 440
434 441
435 436
435 441
435 442
436 437
436 442
436 443
437 438
437 443
437 444
438 444
439 440
439 445
440 441
440 445
440 446
441 442
441 446
441 447
442 443
442 447
442 448
443 444
443 448
443 449
444 449
445 446
445 450
446 447
446 450
446 451
447 448
447 451
447 452
448 449
448 452
448 453
449 453
450 451
450 454
451 452
451 454
451 455
452 453
452 455
452 456
453 456
454 455
454 457
455 456
455 457
455 458
456 458
457 458
457 459
458 459
460 461
460 483
461 462
461 483
461 489
462 463
462 489
462 494
463 464
463 494
463 498
464 465
464 498
464 501
465 466
465 501
465 503
466 467
466 503
466 504
467 468
467 469
467 504
468 469
468 505
468 550
469 470
469 504
469 505
469 528
470 471
470 502
470 504
470 527
470 528
471 472
471 499
471 502
471 526
471 527
472 473
472 495
472 499
472 525
472 526
473 474
473 490
473 495
473 524
473 525
474 475
474 484
474 490
474 523
474 524
475 476
475 477
475 484
475 522
475 523
476 477
476 521
476 522
477 478
477 484
478 479
478 484
478 485
479 480
479 485
479 486
480 481
480 486
480 487
481 482
481 487
481 488
482 483
482 488
482 489
483 489
484 485
484 490
485 486
485 490
485 491
486 487
486 491
486 492
487 488
487 492
487 493
488 489
488 493
488 494
489 494
490 491
490 495
491 492
491 495
491 496
492 493
492 496
492 497
493 494
493 497
493 498
494 498
495 496
495 499
496 497
496 499
496 500
497 498
497 500
497 501
498 501
499 500
499 502
500 501
500 502
500 503
501 503
502 503
502 504
503 504
505 506
505 528
505 550
505 573
506 507
506 528
506 534
506 572
506 573
507 508
507 534
507 539
507 571
507 572
508 509
508 539
508 543
508 570
508 571
509 510
509 543
509 546
509 569
509 570
510 511
510 546
510 548
510 568
510 569
511 512
511 548
511 549
511 567
511 568
512 513
512 514
512 549
512 566
512 567
513 514
513 566
513 611
514 515
514 549
515 516
515 547
515 549
516 517
516 544
516 547
517 518
517 540
517 544
518 519
518 535
518 540
519 520
519 529
519 535
520 521
520 522
520 529
521 522
522 523
522 529
523 524
523 529
523 530
524 525
524 530
524 531
525 526
525 531
525 532
526 527
526 532
526 533
527 528
527 533
527 534
528 534
529 530
529 535
530 531
530 535
530 536
531 532
531 536
531 537
532 533
532 537
532 538
533 534
533 538
533 539
534 539
535 536
535 540
536 537
536 540
536 541
537 538
537 541
537 542
538 539
538 542
538 543
539 543
540 541
540 544
541 542
541 544
541 545
542 543
542 545
542 546
543 546
544 545
544 547
545 546
545 547
545 548
546 548
547 548
547 549
548 549
550 551
550 573
551 552
551 573
551 579
552 553
552 579
552 584
553 554
553 584
553 588
554 555
554 588
554 591
555 556
555 591
555 593
556 557
556 593
556 594
557 558
557 559
557 594
558 559
558 595
558 640
559 560
559 594
559 595
559 618
560 561
560 592
560 594
560 617
560 618
561 562
561 589
561 592
561 616
561 617
562 563
562 585
562 589
562 615
562 616
563 564
563 580
563 585
563 614
563 615
564 565
564 574
564 580
564 613
564 614
565 566
565 567
565 574
565 612
565 613
566 567
566 611
566 612
567 568
567 574
568 569
568 574
568 575
569 570
569 575
569 576
570 571
570 576
570 577
571 572
571 577
571 578
572 573
572 578
572 579
573 579
574 575
574 580
575 576
575 580
575 581
576 577
576 581
576 582
577 578
577 582
577 583
578 579
578 583
578 584
579 584
580 581
580 585
581 582
581 585
581 586
582 583
582 586
582 587
583 584
583 587
583 588
584 588
585 586
585 589
586 587
586 589
586 590
587 588
587 590
587 591
588 591
589 590
589 592
590 591
590 592
590 593
591 593
592 593
592 594
593 594
595 596
595 618
595 640
595 663
596 597
596 618
596 624
596 662
596 663
597 598
597 624
597 629
597 661
597 662
598 599
598 629
598 633
598 660
598 661
599 600
599 633
599 636
599 659
599 660
600 601
600 636
600 638
600 658
600 659
601 602
601 638
601 639
601 657
601 658
602 603
602 604
602 639
602 656
602 657
603 604
603 656
603 701
604 605
604 639
605 606
605 637
605 639
606 607
606 634
606 637
607 608
607 630
607 634
608 609
608 625
608 630
609 610
609 619
609 625
610 611
610 612
610 619
611 612
612 613
612 619
613 614
613 619
613 620
614 615
614 620
614 621
615 616
615 621
615 622
616 617
616 622
616 623
617 618
617 623
617 624
618 624
619 620
619 625
620 621
620 625
620 626
621 622
621 626
621 627
622 623
622 627
622 628
623 624
623 628
623 629
624 629
625 626
625 630
626 627
626 630
626 631
627 628
627 631
627 632
628 629
628 632
628 633
629 633
630 631
630 634
631 632
631 634
631 635
632 633
632 635
632 636
633 636
634 635
634 637
635 636
635 637
635 638
636 638
637 638
637 639
638 639
640 641
640 663
641 642
641 663
641 669
642 643
642 669
642 674
643 644
643 674
643 678
644 645
644 678
644 681
645 646
645 681
645 683
646 647
646 683
646 684
647 648
647 649
647 684
648 649
648 685
648 730
649 650
649 684
649 685
649 708
650 651
650 682
650 684
650 707
650 708
651 652
651 679
651 682
651 706
651 707
652 653
652 675
652 679
652 705
652 706
653 654
653 670
653 675
653 704
653 705
654 655
654 664
654 670
654 703
654 704
655 656
655 657
655 664
655 702
655 703
656 657
656 701
656 702
657 658
657 664
658 659
658 664
658 665
659 660
659 665
659 666
660 661
660 666
660 667
661 662
661 667
661 668
662 663
662 668
662 669
663 669
664 665
664 670
665 666
665 670
665 671
666 667
666 671
666 672
667 668
667 672
667 673
668 669
668 673
668 674
669 674
670 671
670 675
671 672
671 675
671 676
672 673
672 676
672 677
673 674
673 677
673 678
674 678
675 676
675 679
676 677
676 679
676 680
677 678
677 680
677 681
678 681
679 680
679 682
680 681
680 682
680 683
681 683
682 683
682 684
683 684
685 686
685 708
685 730
685 753
686 687
686 708
686 714
686 752
686 753
687 688
687 714
687 719
687 751
687 752
688 689
688 719
688 723
688 750
688 751
689 690
689 723
689 726
689 749
689 750
690 691
690 726
690 728
690 748
690 749
691 692
691 728
691 729
691 747
691 748
692 693
692 694
692 729
692 746
692 747
693 694
693 746
693 791
693 828
694 695
694 729
695 696
695 727
695 729
696 697
696 724
696 727
697 698
697 720
697 724
698 699
698 715
698 720
699 700
699 709
699 715
700 701
700 702
700 709
701 702
702 703
702 709
703 704
703 709
703 710
704 705
704 710
704 711
705 706
705 711
705 712
706 707
706 712
706 713
707 708
707 713
707 714
708 714
709 710
709 715
710 711
710 715
710 716
711 712
711 716
711 717
712 713
712 717
712 718
713 714
713 718
713 719
714 719
715 716
715 720
716 717
716 720
716 721
717 718
717 721
717 722
718 719
718 722
718 723
719 723
720 721
720 724
721 722
721 724
721 725
722 723
722 725
722 726
723 726
724 725
724 727
725 726
725 727
725 728
726 728
727 728
727 729
728 729
730 731
730 753
731 732
731 753
731 759
732 733
732 759
732 764
733 734
733 764
733 768
734 735
734 768
734 771
735 736
735 771
735 773
736 737
736 773
736 774
737 738
737 739
737 774
738 739
738 775
739 740
739 774
739 775
739 798
740 741
740 772
740 774
740 797
740 798
741 742
741 769
741 772
741 796
741 797
742 743
742 765
742 769
742 795
742 796
743 744
743 760
743 765
743 794
743 795
744 745
744 754
744 760
744 793
744 794
745 746
745 747
745 754
745 792
745 793
746 747
746 791
746 792
747 748
747 754
748 749
748 754
748 755
749 750
749 755
749 756
750 751
750 756
750 757
751 752
751 757
751 758
752 753
752 758
752 759
753 759
754 755
754 760
755 756
755 760
755 761
756 757
756 761
756 762
757 758
757 762
757 763
758 759
758 763
758 764
759 764
760 761
760 765
761 762
761 765
761 766
762 763
762 766
762 767
763 764
763 767
763 768
764 768
765 766
765 769
766 767
766 769
766 770
767 768
767 770
767 771
768 771
769 770
769 772
770 771
770 772
770 773
771 773
772 773
772 774
773 774
775 776
775 798
776 777
776 798
776 804
777 778
777 804
777 809
778 779
778 809
778 813
779 780
779 813
779 816
780 781
780 816
780 818
781 782
781 818
781 819
782 783
782 784
782 819
783 784
783 829
783 865
784 785
784 819
784 829
784 864
785 786
785 817
785 819
785 863
785 864
786 787
786 814
786 817
786 861
786 863
787 788
787 810
787 814
787 858
787 861
788 789
788 805
788 810
788 854
788 858
789 790
789 799
789 805
789 849
789 854
790 791
790 792
790 799
790 843
790 849
791 792
791 828
791 843
792 793
792 799
793 794
793 799
793 800
794 795
794 800
794 801
795 796
795 801
795 802
796 797
796 802
796 803
797 798
797 803
797 804
798 804
799 800
799 805
800 801
800 805
800 806
801 802
801 806
801 807
802 803
802 807
802 808
803 804
803 808
803 809
804 809
805 806
805 810
806 807
806 810
806 811
807 808
807 811
807 812
808 809
808 812
808 813
809 813
810 811
810 814
811 812
811 814
811 815
812 813
812 815
812 816
813 816
814 815
814 817
815 816
815 817
815 818
816 818
817 818
817 819
818 819
820 821
820 836
820 881
820 918
821 822
821 836
821 837
822 823
822 837
822 838
823 824
823 838
823 839
824 825
824 839
824 840
825 826
825 840
825 841
826 827
826 841
826 842
827 828
827 842
827 843
828 843
829 830
829 864
829 865
829 888
830 831
830 862
830 864
830 887
830 888
831 832
831 859
831 862
831 886
831 887
832 833
832 855
832 859
832 885
832 886
833 834
833 850
833 855
833 884
833 885
834 835
834 844
834 850
834 883
834 884
835 836
835 837
835 844
835 882
835 883
836 837
836 881
836 882
837 838
837 844
838 839
838 844
838 845
839 840
839 845
839 846
840 841
840 846
840 847
841 842
841 847
841 848
842 843
842 848
842 849
843 849
844 845
844 850
845 846
845 850
845 851
846 847
846 851
846 852
847 848
847 852
847 853
848 849
848 853
848 854
849 854
850 851
850 855
851 852
851 855
851 856
852 853
852 856
852 857
853 854
853 857
853 858
854 858
855 856
855 859
856 857
856 859
856 860
857 858
857 860
857 861
858 861
859 860
859 862
860 861
860 862
860 863
861 863
862 863
862 864
863 864
865 866
865 888
866 867
866 888
866 894
867 868
867 894
867 899
868 869
868 899
868 903
869 870
869 903
869 906
870 871
870 906
870 908
871 872
871 908
871 909
872 873
872 874
872 909
873 874
873 919
873 955
874 875
874 909
874 919
874 954
875 876
875 907
875 909
875 953
875 954
876 877
876 904
876 907
876 951
876 953
877 878
877 900
877 904
877 948
877 951
878 879
878 895
878 900
878 944
878 948
879 880
879 889
879 895
879 939
879 944
880 881
880 882
880 889
880 933
880 939
881 882
881 918
881 933
882 883
882 889
883 884
883 889
883 890
884 885
884 890
884 891
885 886
885 891
885 892
886 887
886 892
886 893
887 888
887 893
887 894
888 894
889 890
889 895
890 891
890 895
890 896
891 892
891 896
891 897
892 893
892 897
892 898
893 894
893 898
893 899
894 899
895 896
895 900
896 897
896 900
896 901
897 898
897 901
897 902
898 899
898 902
898 903
899 903
900 901
900 904
901 902
901 904
901 905
902 903
902 905
902 906
903 906
904 905
904 907
905 906
905 907
905 908
906 908
907 908
907 909
908 909
910 911
910 926
910 971
910 1008
911 912
911 926
911 927
912 913
912 927
912 928
913 914
913 928
913 929
914 915
914 929
914 930
915 916
915 930
915 931
916 917
916 931
916 932
917 918
917 932
917 933
918 933
919 920
919 954
919 955
919 978
920 921
920 952
920 954
920 977
920 978
921 922
921 949
921 952
921 976
921 977
922 923
922 945
922 949
922 975
922 976
923 924
923 940
923 945
923 974
923 975
924 925
924 934
924 940
924 973
924 974
925 926
925 927
925 934
925 972
925 973
926 927
926 971
926 972
927 928
927 934
928 929
928 934
928 935
929 930
929 935
929 936
930 931
930 936
930 937
931 932
931 937
931 938
932 933
932 938
932 939
933 939
934 935
934 940
935 936
935 940
935 941
936 937
936 941
936 942
937 938
937 942
937 943
938 939
938 943
938 944
939 944
940 941
940 945
941 942
941 945
941 946
942 943
942 946
942 947
943 944
943 947
943 948
944 948
945 946
945 949
946 947
946 949
946 950
947 948
947 950
947 951
948 951
949 950
949 952
950 951
950 952
950 953
951 953
952 953
952 954
953 954
955 956
955 978
956 957
956 978
956 984
957 958
957 984
957 989
958 959
958 989
958 993
959 960
959 993
959 996
960 961
960 996
960 998
961 962
961 998
961 999
962 963
962 964
962 999
963 964
963 1009
963 1045
964 965
964 999
964 1009
964 1044
965 966
965 997
965 999
965 1043
965 1044
966 967
966 994
966 997
966 1041
966 1043
967 968
967 990
967 994
967 1038
967 1041
968 969
968 985
968 990
968 1034
968 1038
969 970
969 979
969 985
969 1029
969 1034
970 971
970 972
970 979
970 1023
970 1029
971 972
971 1008
971 1023
972 973
972 979
973 974
973 979
973 980
974 975
974 980
974 981
975 976
975 981
975 982
976 977
976 982
976 983
977 978
977 983
977 984
978 984
979 980
979 985
980 981
980 985
980 986
981 982
981 986
981 987
982 983
982 987
982 988
983 984
983 988
983 989
984 989
985 986
985 990
986 987
986 990
986 991
987 988
987 991
987 992
988 989
988 992
988 993
989 993
990 991
990 994
991 992
991 994
991 995
992 993
992 995
992 996
993 996
994 995
994 997
995 996
995 997
995 998
996 998
997 998
997 999
998 999
1000 1001
1000 1016
1000 1061
1000 1098
1000 1188
1000 1241
1001 1002
1001 1016
1001 1017
1002 1003
1002 1017
1002 1018
1003 1004
1003 1018
1003 1019
1004 1005
1004 1019
1004 1020
1005 1006
1005 1020
1005 1021
1006 1007
1006 1021
1006 1022
1007 1008
1007 1022
1007 1023
1008 1023
1009 1010
1009 1044
1009 1045
1009 1068
1010 1011
1010 1042
1010 1044
1010 1067
1010 1068
1011 1012
1011 1039
1011 1042
1011 1066
1011 1067
1012 1013
1012 1035
1012 1039
1012 1065
1012 1066
1013 1014
1013 1030
1013 1035
1013 1064
1013 1065
1014 1015
1014 1024
1014 1030
1014 1063
1014 1064
1015 1016
1015 1017
1015 1024
1015 1062
1015 1063
1016 1017
1016 1061
1016 1062
1017 1018
1017 1024
1018 1019
1018 1024
1018 1025
1019 1020
1019 1025
1019 1026
1020 1021
1020 1026
1020 1027
1021 1022
1021 1027
1021 1028
1022 1023
1022 1028
1022 1029
1023 1029
1024 1025
1024 1030
1025 1026
1025 1030
1025 1031
1026 1027
1026 1031
1026 1032
1027 1028
1027 1032
1027 1033
1028 1029
1028 1033
1028 1034
1029 1034
1030 1031
1030 1035
1031 1032
1031 1035
1031 1036
1032 1033
1032 1036
1032 1037
1033 1034
1033 1037
1033 1038
1034 1038
1035 1036
1035 1039
1036 1037
1036 1039
1036 1040
1037 1038
1037 1040
1037 1041
1038 1041
1039 1040
1039 1042
1040 1041
1040 1042
1040 1043
1041 1043
1042 1043
1042 1044
1043 1044
1045 1046
1045 1068
1046 1047
1046 1068
1046 1074
1047 1048
1047 1074
1047 1079
1048 1049
1048 1079
1048 1083
1049 1050
1049 1083
1049 1086
1050 1051
1050 1086
1050 1088
1051 1052
1051 1088
1051 1089
1052 1053
1052 1054
1052 1089
1053 1054
1053 1099
1053 1135
1054 1055
1054 1089
1054 1099
1054 1134
1055 1056
1055 1087
1055 1089
1055 1133
1055 1134
1056 1057
1056 1084
1056 1087
1056 1131
1056 1133
1057 1058
1057 1080
1057 1084
1057 1128
1057 1131
1058 1059
1058 1075
1058 1080
1058 1124
1058 1128
1059 1060
1059 1069
1059 1075
1059 1119
1059 1124
1060 1061
1060 1062
1060 1069
1060 1113
1060 1119
1061 1062
1061 1098
1061 1113
1062 1063
1062 1069
1063 1064
1063 1069
1063 1070
1064 1065
1064 1070
1064 1071
1065 1066
1065 1071
1065 1072
1066 1067
1066 1072
1066 1073
1067 1068
1067 1073
1067 1074
1068 1074
1069 1070
1069 1075
1070 1071
1070 1075
1070 1076
1071 1072
1071 1076
1071 1077
1072 1073
1072 1077
1072 1078
1073 1074
1073 1078
1073 1079
1074 1079
1075 1076
1075 1080
1076 1077
1076 1080
1076 1081
1077 1078
1077 1081
1077 1082
1078 1079
1078 1082
1078 1083
1079 1083
1080 1081
1080 1084
1081 1082
1081 1084
1081 1085
1082 1083
1082 1085
1082 1086
1083 1086
1084 1085
1084 1087
1085 1086
1085 1087
1085 1088
1086 1088
1087 1088
1087 1089
1088 1089
1090 1091
1090 1106
1090 1151
1090 1189
1091 1092
1091 1106
1091 1107
1091 1189
1091 1224
1092 1093
1092 1107
1092 1108
1092 1223
1092 1224
1093 1094
1093 1108
1093 1109
1093 1221
1093 1223
1094 1095
1094 1109
1094 1110
1094 1218
1094 1221
1095 1096
1095 1110
1095 1111
1095 1214
1095 1218
1096 1097
1096 1111
1096 1112
1096 1209
1096 1214
1097 1098
1097 1112
1097 1113
1097 1203
1097 1209
1098 1113
1098 1188
1098 1203
1099 1100
1099 1134
1099 1135
1099 1158
1100 1101
1100 1132
1100 1134
1100 1157
1100 1158
1101 1102
1101 1129
1101 1132
1101 1156
1101 1157
1102 1103
1102 1125
1102 1129
1102 1155
1102 1156
1103 1104
1103 1120
1103 1125
1103 1154
1103 1155
1104 1105
1104 1114
1104 1120
1104 1153
1104 1154
1105 1106
1105 1107
1105 1114
1105 1152
1105 1153
1106 1107
1106 1151
1106 1152
1107 1108
1107 1114
1108 1109
1108 1114
1108 1115
1109 1110
1109 1115
1109 1116
1110 1111
1110 1116
1110 1117
1111 1112
1111 1117
1111 1118
1112 1113
1112 1118
1112 1119
1113 1119
1114 1115
1114 1120
1115 1116
1115 1120
1115 1121
1116 1117
1116 1121
1116 1122
1117 1118
1117 1122
1117 1123
1118 1119
1118 1123
1118 1124
1119 1124
1120 1121
1120 1125
1121 1122
1121 1125
1121 1126
1122 1123
1122 1126
1122 1127
1123 1124
1123 1127
1123 1128
1124 1128
1125 1126
1125 1129
1126 1127
1126 1129
1126 1130
1127 1128
1127 1130
1127 1131
1128 1131
1129 1130
1129 1132
1130 1131
1130 1132
1130 1133
1131 1133
1132 1133
1132 1134
1133 1134
1135 1136
1135 1158
1136 1137
1136 1158
1136 1164
1137 1138
1137 1164
1137 1169
1138 1139
1138 1169
1138 1173
1139 1140
1139 1173
1139 1176
1140 1141
1140 1176
1140 1178
1141 1142
1141 1178
1141 1179
1142 1143
1142 1144
1142 1179
1143 1144
1144 1145
1144 1179
1145 1146
1145 1177
1145 1179
1146 1147
1146 1174
1146 1177
1147 1148
1147 1170
1147 1174
1148 1149
1148 1165
1148 1170
1149 1150
1149 1159
1149 1165
1150 1151
1150 1152
1150 1159
1151 1152
1152 1153
1152 1159
1153 1154
1153 1159
1153 1160
1154 1155
1154 1160
1154 1161
1155 1156
1155 1161
1155 1162
1156 1157
1156 1162
1156 1163
1157 1158
1157 1163
1157 1164
1158 1164
1159 1160
1159 1165
1160 1161
1160 1165
1160 1166
1161 1162
1161 1166
1161 1167
1162 1163
1162 1167
1162 1168
1163 1164
1163 1168
1163 1169
1164 1169
1165 1166
1165 1170
1166 1167
1166 1170
1166 1171
1167 1168
1167 1171
1167 1172
1168 1169
1168 1172
1168 1173
1169 1173
1170 1171
1170 1174
1171 1172
1171 1174
1171 1175
1172 1173
1172 1175
1172 1176
1173 1176
1174 1175
1174 1177
1175 1176
1175 1177
1175 1178
1176 1178
1177 1178
1177 1179
1178 1179
1180 1181
1180 1196
1180 1225
1180 1279
1181 1182
1181 1196
1181 1197
1181 1225
1181 1242
1182 1183
1182 1197
1182 1198
1182 1242
1182 1249
1183 1184
1183 1198
1183 1199
1183 1249
1183 1255
1184 1185
1184 1199
1184 1200
1184 1255
1184 1260
1185 1186
1185 1200
1185 1201
1185 1260
1185 1264
1186 1187
1186 1201
1186 1202
1186 1264
1186 1267
1187 1188
1187 1202
1187 1203
1187 1267
1187 1269
1188 1203
1188 1241
1188 1269
1189 1190
1189 1224
1190 1191
1190 1222
1190 1224
1191 1192
1191 1219
1191 1222
1192 1193
1192 1215
1192 1219
1193 1194
1193 1210
1193 1215
1194 1195
1194 1204
1194 1210
1195 1196
1195 1197
1195 1204
1196 1197
1197 1198
1197 1204
1198 1199
1198 1204
1198 1205
1199 1200
1199 1205
1199 1206
1200 1201
1200 1206
1200 1207
1201 1202
1201 1207
1201 1208
1202 1203
1202 1208
1202 1209
1203 1209
1204 1205
1204 1210
1205 1206
1205 1210
1205 1211
1206 1207
1206 1211
1206 1212
1207 1208
1207 1212
1207 1213
1208 1209
1208 1213
1208 1214
1209 1214
1210 1211
1210 1215
1211 1212
1211 1215
1211 1216
1212 1213
1212 1216
1212 1217
1213 1214
1213 1217
1213 1218
1214 1218
1215 1216
1215 1219
1216 1217
1216 1219
1216 1220
1217 1218
1217 1220
1217 1221
1218 1221
1219 1220
1219 1222
1220 1221
1220 1222
1220 1223
1221 1223
1222 1223
1222 1224
1223 1224
1225 1226
1225 1242
1225 1279
1225 1314
1226 1227
1226 1242
1226 1243
1226 1313
1226 1314
1227 1228
1227 1243
1227 1244
1227 1311
1227 1313
1228 1229
1228 1244
1228 1245
1228 1308
1228 1311
1229 1230
1229 1245
1229 1246
1229 1304
1229 1308
1230 1231
1230 1246
1230 1247
1230 1299
1230 1304
1231 1232
1231 1247
1231 1248
1231 1293
1231 1299
1232 1233
1232 1234
1232 1248
1232 1278
1232 1293
1233 1234
1233 1278
1233 1331
1234 1235
1234 1248
1235 1236
1235 1248
1235 1254
1236 1237
1236 1254
1236 1259
1237 1238
1237 1259
1237 1263
1238 1239
1238 1263
1238 1266
1239 1240
1239 1266
1239 1268
1240 1241
1240 1268
1240 1269
1241 1269
1242 1243
1242 1249
1243 1244
1243 1249
1243 1250
1244 1245
1244 1250
1244 1251
1245 1246
1245 1251
1245 1252
1246 1247
1246 1252
1246 1253
1247 1248
1247 1253
1247 1254
1248 1254
1249 1250
1249 1255
1250 1251
1250 1255
1250 1256
1251 1252
1251 1256
1251 1257
1252 1253
1252 1257
1252 1258
1253 1254
1253 1258
1253 1259
1254 1259
1255 1256
1255 1260
1256 1257
1256 1260
1256 1261
1257 1258
1257 1261
1257 1262
1258 1259
1258 1262
1258 1263
1259 1263
1260 1261
1260 1264
1261 1262
1261 1264
1261 1265
1262 1263
1262 1265
1262 1266
1263 1266
1264 1265
1264 1267
1265 1266
1265 1267
1265 1268
1266 1268
1267 1268
1267 1269
1268 1269
1270 1271
1270 1286
1270 1315
1270 1368
1271 1272
1271 1286
1271 1287
1271 1315
1271 1332
1272 1273
1272 1287
1272 1288
1272 1332
1272 1339
1273 1274
1273 1288
1273 1289
1273 1339
1273 1345
1274 1275
1274 1289
1274 1290
1274 1345
1274 1350
1275 1276
1275 1290
1275 1291
1275 1350
1275 1354
1276 1277
1276 1291
1276 1292
1276 1354
1276 1357
1277 1278
1277 1292
1277 1293
1277 1357
1277 1359
1278 1293
1278 1331
1278 1359
1279 1280
1279 1314
1280 1281
1280 1312
1280 1314
1281 1282
1281 1309
1281 1312
1282 1283
1282 1305
1282 1309
1283 1284
1283 1300
1283 1305
1284 1285
1284 1294
1284 1300
1285 1286
1285 1287
1285 1294
1286 1287
1287 1288
1287 1294
1288 1289
1288 1294
1288 1295
1289 1290
1289 1295
1289 1296
1290 1291
1290 1296
1290 1297
1291 1292
1291 1297
1291 1298
1292 1293
1292 1298
1292 1299
1293 1299
1294 1295
1294 1300
1295 1296
1295 1300
1295 1301
1296 1297
1296 1301
1296 1302
1297 1298
1297 1302
1297 1303
1298 1299
1298 1303
1298 1304
1299 1304
1300 1301
1300 1305
1301 1302
1301 1305
1301 1306
1302 1303
1302 1306
1302 1307
1303 1304
1303 1307
1303 1308
1304 1308
1305 1306
1305 1309
1306 1307
1306 1309
1306 1310
1307 1308
1307 1310
1307 1311
1308 1311
1309 1310
1309 1312
1310 1311
1310 1312
1310 1313
1311 1313
1312 1313
1312 1314
1313 1314
1315 1316
1315 1332
1315 1368
1315 1403
1316 1317
1316 1332
1316 1333
1316 1402
1316 1403
1317 1318
1317 1333
1317 1334
1317 1400
1317 1402
1318 1319
1318 1334
1318 1335
1318 1397
1318 1400
1319 1320
1319 1335
1319 1336
1319 1393
1319 1397
1320 1321
1320 1336
1320 1337
1320 1388
1320 1393
1321 1322
1321 1337
1321 1338
1321 1382
1321 1388
1322 1323
1322 1324
1322 1338
1322 1367
1322 1382
1323 1324
1323 1367
1323 1411
1324 1325
1324 1338
1325 1326
1325 1338
1325 1344
1326 1327
1326 1344
1326 1349
1327 1328
1327 1349
1327 1353
1328 1329
1328 1353
1328 1356
1329 1330
1329 1356
1329 1358
1330 1331
1330 1358
1330 1359
1331 1359
1332 1333
1332 1339
1333 1334
1333 1339
1333 1340
1334 1335
1334 1340
1334 1341
1335 1336
1335 1341
1335 1342
1336 1337
1336 1342
1336 1343
1337 1338
1337 1343
1337 1344
1338 1344
1339 1340
1339 1345
1340 1341
1340 1345
1340 1346
1341 1342
1341 1346
1341 1347
1342 1343
1342 1347
1342 1348
1343 1344
1343 1348
1343 1349
1344 1349
1345 1346
1345 1350
1346 1347
1346 1350
1346 1351
1347 1348
1347 1351
1347 1352
1348 1349
1348 1352
1348 1353
1349 1353
1350 1351
1350 1354
1351 1352
1351 1354
1351 1355
1352 1353
1352 1355
1352 1356
1353 1356
1354 1355
1354 1357
1355 1356
1355 1357
1355 1358
1356 1358
1357 1358
1357 1359
1358 1359
1360 1361
1360 1375
1360 1376
1360 1412
1361 1362
1361 1376
1361 1377
1361 1412
1361 1419
1362 1363
1362 1377
1362 1378
1362 1419
1362 1425
1363 1364
1363 1378
1363 1379
1363 1425
1363 1430
1364 1365
1364 1379
1364 1380
1364 1430
1364 1434
1365 1366
1365 1380
1365 1381
1365 1434
1365 1437
1366 1367
1366 1381
1366 1382
1366 1437
1366 1439
1367 1382
1367 1411
1367 1439
1368 1369
1368 1403
1369 1370
1369 1401
1369 1403
1370 1371
1370 1398
1370 1401
1371 1372
1371 1394
1371 1398
1372 1373
1372 1389
1372 1394
1373 1374
1373 1383
1373 1389
1374 1375
1374 1376
1374 1383
1375 1376
1376 1377
1376 1383
1377 1378
1377 1383
1377 1384
1378 1379
1378 1384
1378 1385
1379 1380
1379 1385
1379 1386
1380 1381
1380 1386
1380 1387
1381 1382
1381 1387
1381 1388
1382 1388
1383 1384
1383 1389
1384 1385
1384 1389
1384 1390
1385 1386
1385 1390
1385 1391
1386 1387
1386 1391
1386 1392
1387 1388
1387 1392
1387 1393
1388 1393
1389 1390
1389 1394
1390 1391
1390 1394
1390 1395
1391 1392
1391 1395
1391 1396
1392 1393
1392 1396
1392 1397
1393 1397
1394 1395
1394 1398
1395 1396
1395 1398
1395 1399
1396 1397
1396 1399
1396 1400
1397 1400
1398 1399
1398 1401
1399 1400
1399 1401
1399 1402
1400 1402
1401 1402
1401 1403
1402 1403
1404 1405
1404 1418
1405 1406
1405 1418
1405 1424
1406 1407
1406 1424
1406 1429
1407 1408
1407 1429
1407 1433
1408 1409
1408 1433
1408 1436
1409 1410
1409 1436
1409 1438
1410 1411
1410 1438
1410 1439
1411 1439
1412 1413
1412 1419
1413 1414
1413 1419
1413 1420
1414 1415
1414 1420
1414 1421
1415 1416
1415 1421
1415 1422
1416 1417
1416 1422
1416 1423
1417 1418
1417 1423
1417 1424
1418 1424
1419 1420
1419 1425
1420 1421
1420 1425
1420 1426
1421 1422
1421 1426
1421 1427
1422 1423
1422 1427
1422 1428
1423 1424
1423 1428
1423 1429
1424 1429
1425 1426
1425 1430
1426 1427
1426 1430
1426 1431
1427 1428
1427 1431
1427 1432
1428 1429
1428 1432
1428 1433
1429 1433
1430 1431
1430 1434
1431 1432
1431 1434
1431 1435
1432 1433
1432 1435
1432 1436
1433 1436
1434 1435
1434 1437
1435 1436
1435 1437
1435 1438
1436 1438
1437 1438
1437 1439
1438 1439
