1009 2928
0 1
0 23
0 868
0 869
0 897
0 931
1 2
1 23
1 24
1 931
1 960
2 3
2 24
2 25
2 960
2 966
3 4
3 25
3 26
3 966
3 971
4 5
4 26
4 27
4 971
4 975
5 6
5 27
5 28
5 975
5 978
6 7
6 28
6 29
6 978
6 980
7 8
7 9
7 29
7 959
7 980
8 9
8 959
9 10
9 29
10 11
10 29
10 34
11 12
11 34
11 38
12 13
12 38
12 41
13 14
13 41
13 43
14 15
14 43
14 44
15 16
15 17
15 44
16 17
16 981
17 18
17 44
17 981
17 1008
18 19
18 42
18 44
18 1007
18 1008
19 20
19 39
19 42
19 1005
19 1007
20 21
20 35
20 39
20 1002
20 1005
21 22
21 30
21 35
21 998
21 1002
22 23
22 24
22 30
22 993
22 998
23 24
23 897
23 993
24 25
24 30
25 26
25 30
25 31
26 27
26 31
26 32
27 28
27 32
27 33
28 29
28 33
28 34
29 34
30 31
30 35
31 32
31 35
31 36
32 33
32 36
32 37
33 34
33 37
33 38
34 38
35 36
35 39
36 37
36 39
36 40
37 38
37 40
37 41
38 41
39 40
39 42
40 41
40 42
40 43
41 43
42 43
42 44
43 44
45 46
45 68
45 548
46 47
46 68
46 69
47 48
47 69
47 70
48 49
48 70
48 71
49 50
49 71
49 72
50 51
50 72
50 73
51 52
51 73
51 74
52 53
52 54
52 74
53 54
53 90
53 126
53 162
54 55
54 74
54 90
54 105
55 56
55 74
55 79
55 105
55 111
56 57
56 79
56 83
56 111
56 116
57 58
57 83
57 86
57 116
57 120
58 59
58 86
58 88
58 120
58 123
59 60
59 88
59 89
59 123
59 125
60 61
60 62
60 89
60 104
60 125
61 62
61 104
61 476
61 512
61 534
62 63
62 89
62 534
62 554
63 64
63 87
63 89
63 553
63 554
64 65
64 84
64 87
64 552
64 553
65 66
65 80
65 84
65 551
65 552
66 67
66 75
66 80
66 550
66 551
67 68
67 69
67 75
67 549
67 550
68 69
68 548
68 549
69 70
69 75
70 71
70 75
70 76
71 72
71 76
71 77
72 73
72 77
72 78
73 74
73 78
73 79
74 79
75 76
75 80
76 77
76 80
76 81
77 78
77 81
77 82
78 79
78 82
78 83
79 83
80 81
80 84
81 82
81 84
81 85
82 83
82 85
82 86
83 86
84 85
84 87
85 86
85 87
85 88
86 88
87 88
87 89
88 89
90 91
90 105
90 126
90 141
91 92
91 105
91 106
91 141
91 147
92 93
92 106
92 107
92 147
92 152
93 94
93 107
93 108
93 152
93 156
94 95
94 108
94 109
94 156
94 159
95 96
95 109
95 110
95 159
95 161
96 97
96 98
96 110
96 140
96 161
97 98
97 140
97 312
97 412
97 448
98 99
98 110
98 448
98 482
99 100
99 110
99 115
99 481
99 482
100 101
100 115
100 119
100 480
100 481
101 102
101 119
101 122
101 479
101 480
102 103
102 122
102 124
102 478
102 479
103 104
103 124
103 125
103 477
103 478
104 125
104 476
104 477
105 106
105 111
106 107
106 111
106 112
107 108
107 112
107 113
108 109
108 113
108 114
109 110
109 114
109 115
110 115
111 112
111 116
112 113
112 116
112 117
113 114
113 117
113 118
114 115
114 118
114 119
115 119
116 117
116 120
117 118
117 120
117 121
118 119
118 121
118 122
119 122
120 121
120 123
121 122
121 123
121 124
122 124
123 124
123 125
124 125
126 127
126 141
126 162
126 177
127 128
127 141
127 142
127 177
127 183
128 129
128 142
128 143
128 183
128 188
129 130
129 143
129 144
129 188
129 192
130 131
130 144
130 145
130 192
130 195
131 132
131 145
131 146
131 195
131 197
132 133
132 134
132 146
132 176
132 197
133 134
133 176
133 212
133 248
133 284
134 135
134 146
134 284
134 313
135 136
135 146
135 151
135 313
135 319
136 137
136 151
136 155
136 319
136 324
137 138
137 155
137 158
137 324
137 328
138 139
138 158
138 160
138 328
138 331
139 140
139 160
139 161
139 331
139 333
140 161
140 312
140 333
141 142
141 147
142 143
142 147
142 148
143 144
143 148
143 149
144 145
144 149
144 150
145 146
145 150
145 151
146 151
147 148
147 152
148 149
148 152
148 153
149 150
149 153
149 154
150 151
150 154
150 155
151 155
152 153
152 156
153 154
153 156
153 157
154 155
154 157
154 158
155 158
156 157
156 159
157 158
157 159
157 160
158 160
159 160
159 161
160 161
162 163
162 177
163 164
163 177
163 178
164 165
164 178
164 179
165 166
165 179
165 180
166 167
166 180
166 181
167 168
167 181
167 182
168 169
168 170
168 182
169 170
169 198
170 171
170 182
170 198
170 213
171 172
171 182
171 187
171 213
171 219
172 173
172 187
172 191
172 219
172 224
173 174
173 191
173 194
173 224
173 228
174 175
174 194
174 196
174 228
174 231
175 176
175 196
175 197
175 231
175 233
176 197
176 212
176 233
177 178
177 183
178 179
178 183
178 184
179 180
179 184
179 185
180 181
180 185
180 186
181 182
181 186
181 187
182 187
183 184
183 188
184 185
184 188
184 189
185 186
185 189
185 190
186 187
186 190
186 191
187 191
188 189
188 192
189 190
189 192
189 193
190 191
190 193
190 194
191 194
192 193
192 195
193 194
193 195
193 196
194 196
195 196
195 197
196 197
198 199
198 213
199 200
199 213
199 214
200 201
200 214
200 215
201 202
201 215
201 216
202 203
202 216
202 217
203 204
203 217
203 218
204 205
204 206
204 218
205 206
205 234
206 207
206 218
206 234
206 254
207 208
207 218
207 223
207 253
207 254
208 209
208 223
208 227
208 252
208 253
209 210
209 227
209 230
209 251
209 252
210 211
210 230
210 232
210 250
210 251
211 212
211 232
211 233
211 249
211 250
212 233
212 248
212 249
213 214
213 219
214 215
214 219
214 220
215 216
215 220
215 221
216 217
216 221
216 222
217 218
217 222
217 223
218 223
219 220
219 224
220 221
220 224
220 225
221 222
221 225
221 226
222 223
222 226
222 227
223 227
224 225
224 228
225 226
225 228
225 229
226 227
226 229
226 230
227 230
228 229
228 231
229 230
229 231
229 232
230 232
231 232
231 233
232 233
234 235
234 254
235 236
235 254
235 259
236 237
236 259
236 263
237 238
237 263
237 266
238 239
238 266
238 268
239 240
239 268
239 269
240 241
240 242
240 269
241 242
241 270
241 334
242 243
242 269
242 270
242 290
243 244
243 267
243 269
243 289
243 290
244 245
244 264
244 267
244 288
244 289
245 246
245 260
245 264
245 287
245 288
246 247
246 255
246 260
246 286
246 287
247 248
247 249
247 255
247 285
247 286
248 249
248 284
248 285
249 250
249 255
250 251
250 255
250 256
251 252
251 256
251 257
252 253
252 257
252 258
253 254
253 258
253 259
254 259
255 256
255 260
256 257
256 260
256 261
257 258
257 261
257 262
258 259
258 262
258 263
259 263
260 261
260 264
261 262
261 264
261 265
262 263
262 265
262 266
263 266
264 265
264 267
265 266
265 267
265 268
266 268
267 268
267 269
268 269
270 271
270 290
270 334
270 354
271 272
271 290
271 295
271 353
271 354
272 273
272 295
272 299
272 352
272 353
273 274
273 299
273 302
273 351
273 352
274 275
274 302
274 304
274 350
274 351
275 276
275 304
275 305
275 349
275 350
276 277
276 278
276 305
276 348
276 349
277 278
277 306
277 348
277 384
278 279
278 305
278 306
278 318
279 280
279 303
279 305
279 317
279 318
280 281
280 300
280 303
280 316
280 317
281 282
281 296
281 300
281 315
281 316
282 283
282 291
282 296
282 314
282 315
283 284
283 285
283 291
283 313
283 314
284 285
284 313
285 286
285 291
286 287
286 291
286 292
287 288
287 292
287 293
288 289
288 293
288 294
289 290
289 294
289 295
290 295
291 292
291 296
292 293
292 296
292 297
293 294
293 297
293 298
294 295
294 298
294 299
295 299
296 297
296 300
297 298
297 300
297 301
298 299
298 301
298 302
299 302
300 301
300 303
301 302
301 303
301 304
302 304
303 304
303 305
304 305
306 307
306 318
306 384
306 418
307 308
307 318
307 323
307 417
307 418
308 309
308 323
308 327
308 416
308 417
309 310
309 327
309 330
309 415
309 416
310 311
310 330
310 332
310 414
310 415
311 312
311 332
311 333
311 413
311 414
312 333
312 412
312 413
313 314
313 319
314 315
314 319
314 320
315 316
315 320
315 321
316 317
316 321
316 322
317 318
317 322
317 323
318 323
319 320
319 324
320 321
320 324
320 325
321 322
321 325
321 326
322 323
322 326
322 327
323 327
324 325
324 328
325 326
325 328
325 329
326 327
326 329
326 330
327 330
328 329
328 331
329 330
329 331
329 332
330 332
331 332
331 333
332 333
334 335
334 354
335 336
335 354
335 359
336 337
336 359
336 363
337 338
337 363
337 366
338 339
338 366
338 368
339 340
339 368
339 369
340 341
340 342
340 369
341 342
341 370
341 698
342 343
342 369
342 370
342 390
343 344
343 367
343 369
343 389
343 390
344 345
344 364
344 367
344 388
344 389
345 346
345 360
345 364
345 387
345 388
346 347
346 355
346 360
346 386
346 387
347 348
347 349
347 355
347 385
347 386
348 349
348 384
348 385
349 350
349 355
350 351
350 355
350 356
351 352
351 356
351 357
352 353
352 357
352 358
353 354
353 358
353 359
354 359
355 356
355 360
356 357
356 360
356 361
357 358
357 361
357 362
358 359
358 362
358 363
359 363
360 361
360 364
361 362
361 364
361 365
362 363
362 365
362 366
363 366
364 365
364 367
365 366
365 367
365 368
366 368
367 368
367 369
368 369
370 371
370 390
370 698
370 710
371 372
371 390
371 395
371 709
371 710
372 373
372 395
372 399
372 708
372 709
373 374
373 399
373 402
373 707
373 708
374 375
374 402
374 404
374 706
374 707
375 376
375 404
375 405
375 705
375 706
376 377
376 378
376 405
376 662
376 705
377 378
377 406
377 434
377 634
377 662
378 379
378 405
378 406
378 433
379 380
379 403
379 405
379 432
379 433
380 381
380 400
380 403
380 430
380 432
381 382
381 396
381 400
381 427
381 430
382 383
382 391
382 396
382 423
382 427
383 384
383 385
383 391
383 418
383 423
384 385
384 418
385 386
385 391
386 387
386 391
386 392
387 388
387 392
387 393
388 389
388 393
388 394
389 390
389 394
389 395
390 395
391 392
391 396
392 393
392 396
392 397
393 394
393 397
393 398
394 395
394 398
394 399
395 399
396 397
396 400
397 398
397 400
397 401
398 399
398 401
398 402
399 402
400 401
400 403
401 402
401 403
401 404
402 404
403 404
403 405
404 405
406 407
406 433
406 434
406 454
407 408
407 431
407 433
407 453
407 454
408 409
408 428
408 431
408 452
408 453
409 410
409 424
409 428
409 451
409 452
410 411
410 419
410 424
410 450
410 451
411 412
411 413
411 419
411 449
411 450
412 413
412 448
412 449
413 414
413 419
414 415
414 419
414 420
415 416
415 420
415 421
416 417
416 421
416 422
417 418
417 422
417 423
418 423
419 420
419 424
420 421
420 424
420 425
421 422
421 425
421 426
422 423
422 426
422 427
423 427
424 425
424 428
425 426
425 428
425 429
426 427
426 429
426 430
427 430
428 429
428 431
429 430
429 431
429 432
430 432
431 432
431 433
432 433
434 435
434 454
434 634
434 646
435 436
435 454
435 459
435 645
435 646
436 437
436 459
436 463
436 644
436 645
437 438
437 463
437 466
437 643
437 644
438 439
438 466
438 468
438 642
438 643
439 440
439 468
439 469
439 641
439 642
440 441
440 442
440 469
440 598
440 641
441 442
441 470
441 498
441 598
442 443
442 469
442 470
442 497
443 444
443 467
443 469
443 496
443 497
444 445
444 464
444 467
444 494
444 496
445 446
445 460
445 464
445 491
445 494
446 447
446 455
446 460
446 487
446 491
447 448
447 449
447 455
447 482
447 487
448 449
448 482
449 450
449 455
450 451
450 455
450 456
451 452
451 456
451 457
452 453
452 457
452 458
453 454
453 458
453 459
454 459
455 456
455 460
456 457
456 460
456 461
457 458
457 461
457 462
458 459
458 462
458 463
459 463
460 461
460 464
461 462
461 464
461 465
462 463
462 465
462 466
463 466
464 465
464 467
465 466
465 467
465 468
466 468
467 468
467 469
468 469
470 471
470 497
470 498
470 518
471 472
471 495
471 497
471 517
471 518
472 473
472 492
472 495
472 516
472 517
473 474
473 488
473 492
473 515
473 516
474 475
474 483
474 488
474 514
474 515
475 476
475 477
475 483
475 513
475 514
476 477
476 512
476 513
477 478
477 483
478 479
478 483
478 484
479 480
479 484
479 485
480 481
480 485
480 486
481 482
481 486
481 487
482 487
483 484
483 488
484 485
484 488
484 489
485 486
485 489
485 490
486 487
486 490
486 491
487 491
488 489
488 492
489 490
489 492
489 493
490 491
490 493
490 494
491 494
492 493
492 495
493 494
493 495
493 496
494 496
495 496
495 497
496 497
498 499
498 518
498 598
498 613
499 500
499 518
499 523
499 613
499 619
500 501
500 523
500 527
500 619
500 624
501 502
501 527
501 530
501 624
501 628
502 503
502 530
502 532
502 628
502 631
503 504
503 532
503 533
503 631
503 633
504 505
504 506
504 533
504 612
504 633
505 506
505 570
505 612
505 804
505 875
506 507
506 533
506 570
506 582
507 508
507 531
507 533
507 581
507 582
508 509
508 528
508 531
508 580
508 581
509 510
509 524
509 528
509 579
509 580
510 511
510 519
510 524
510 578
510 579
511 512
511 513
511 519
511 577
511 578
512 513
512 534
512 577
513 514
513 519
514 515
514 519
514 520
515 516
515 520
515 521
516 517
516 521
516 522
517 518
517 522
517 523
518 523
519 520
519 524
520 521
520 524
520 525
521 522
521 525
521 526
522 523
522 526
522 527
523 527
524 525
524 528
525 526
525 528
525 529
526 527
526 529
526 530
527 530
528 529
528 531
529 530
529 531
529 532
530 532
531 532
531 533
532 533
534 535
534 554
534 577
535 536
535 554
535 559
535 577
535 583
536 537
536 559
536 563
536 583
536 588
537 538
537 563
537 566
537 588
537 592
538 539
538 566
538 568
538 592
538 595
539 540
539 568
539 569
539 595
539 597
540 541
540 542
540 569
540 576
540 597
541 542
541 576
541 903
541 987
542 543
542 569
543 544
543 567
543 569
544 545
544 564
544 567
545 546
545 560
545 564
546 547
546 555
546 560
547 548
547 549
547 555
548 549
549 550
549 555
550 551
550 555
550 556
551 552
551 556
551 557
552 553
552 557
552 558
553 554
553 558
553 559
554 559
555 556
555 560
556 557
556 560
556 561
557 558
557 561
557 562
558 559
558 562
558 563
559 563
560 561
560 564
561 562
561 564
561 565
562 563
562 565
562 566
563 566
564 565
564 567
565 566
565 567
565 568
566 568
567 568
567 569
568 569
570 571
570 582
570 875
570 909
571 572
571 582
571 587
571 908
571 909
572 573
572 587
572 591
572 907
572 908
573 574
573 591
573 594
573 906
573 907
574 575
574 594
574 596
574 905
574 906
575 576
575 596
575 597
575 904
575 905
576 597
576 903
576 904
577 578
577 583
578 579
578 583
578 584
579 580
579 584
579 585
580 581
580 585
580 586
581 582
581 586
581 587
582 587
583 584
583 588
584 585
584 588
584 589
585 586
585 589
585 590
586 587
586 590
586 591
587 591
588 589
588 592
589 590
589 592
589 593
590 591
590 593
590 594
591 594
592 593
592 595
593 594
593 595
593 596
594 596
595 596
595 597
596 597
598 599
598 613
598 641
599 600
599 613
599 614
599 641
599 647
600 601
600 614
600 615
600 647
600 652
601 602
601 615
601 616
601 652
601 656
602 603
602 616
602 617
602 656
602 659
603 604
603 617
603 618
603 659
603 661
604 605
604 606
604 618
604 640
604 661
605 606
605 640
605 676
605 740
605 776
606 607
606 618
606 776
606 810
607 608
607 618
607 623
607 809
607 810
608 609
608 623
608 627
608 808
608 809
609 610
609 627
609 630
609 807
609 808
610 611
610 630
610 632
610 806
610 807
611 612
611 632
611 633
611 805
611 806
612 633
612 804
612 805
613 614
613 619
614 615
614 619
614 620
615 616
615 620
615 621
616 617
616 621
616 622
617 618
617 622
617 623
618 623
619 620
619 624
620 621
620 624
620 625
621 622
621 625
621 626
622 623
622 626
622 627
623 627
624 625
624 628
625 626
625 628
625 629
626 627
626 629
626 630
627 630
628 629
628 631
629 630
629 631
629 632
630 632
631 632
631 633
632 633
634 635
634 646
634 662
634 677
635 636
635 646
635 651
635 677
635 683
636 637
636 651
636 655
636 683
636 688
637 638
637 655
637 658
637 688
637 692
638 639
638 658
638 660
638 692
638 695
639 640
639 660
639 661
639 695
639 697
640 661
640 676
640 697
641 642
641 647
642 643
642 647
642 648
643 644
643 648
643 649
644 645
644 649
644 650
645 646
645 650
645 651
646 651
647 648
647 652
648 649
648 652
648 653
649 650
649 653
649 654
650 651
650 654
650 655
651 655
652 653
652 656
653 654
653 656
653 657
654 655
654 657
654 658
655 658
656 657
656 659
657 658
657 659
657 660
658 660
659 660
659 661
660 661
662 663
662 677
662 705
663 664
663 677
663 678
663 705
663 711
664 665
664 678
664 679
664 711
664 716
665 666
665 679
665 680
665 716
665 720
666 667
666 680
666 681
666 720
666 723
667 668
667 681
667 682
667 723
667 725
668 669
668 670
668 682
668 704
668 725
669 670
669 704
669 726
670 671
670 682
670 726
670 746
671 672
671 682
671 687
671 745
671 746
672 673
672 687
672 691
672 744
672 745
673 674
673 691
673 694
673 743
673 744
674 675
674 694
674 696
674 742
674 743
675 676
675 696
675 697
675 741
675 742
676 697
676 740
676 741
677 678
677 683
678 679
678 683
678 684
679 680
679 684
679 685
680 681
680 685
680 686
681 682
681 686
681 687
682 687
683 684
683 688
684 685
684 688
684 689
685 686
685 689
685 690
686 687
686 690
686 691
687 691
688 689
688 692
689 690
689 692
689 693
690 691
690 693
690 694
691 694
692 693
692 695
693 694
693 695
693 696
694 696
695 696
695 697
696 697
698 699
698 710
699 700
699 710
699 715
700 701
700 715
700 719
701 702
701 719
701 722
702 703
702 722
702 724
703 704
703 724
703 725
704 725
705 706
705 711
706 707
706 711
706 712
707 708
707 712
707 713
708 709
708 713
708 714
709 710
709 714
709 715
710 715
711 712
711 716
712 713
712 716
712 717
713 714
713 717
713 718
714 715
714 718
714 719
715 719
716 717
716 720
717 718
717 720
717 721
718 719
718 721
718 722
719 722
720 721
720 723
721 722
721 723
721 724
722 724
723 724
723 725
724 725
726 727
726 746
727 728
727 746
727 751
728 729
728 751
728 755
729 730
729 755
729 758
730 731
730 758
730 760
731 732
731 760
731 761
732 733
732 734
732 761
733 734
733 762
733 826
734 735
734 761
734 762
734 782
735 736
735 759
735 761
735 781
735 782
736 737
736 756
736 759
736 780
736 781
737 738
737 752
737 756
737 779
737 780
738 739
738 747
738 752
738 778
738 779
739 740
739 741
739 747
739 777
739 778
740 741
740 776
740 777
741 742
741 747
742 743
742 747
742 748
743 744
743 748
743 749
744 745
744 749
744 750
745 746
745 750
745 751
746 751
747 748
747 752
748 749
748 752
748 753
749 750
749 753
749 754
750 751
750 754
750 755
751 755
752 753
752 756
753 754
753 756
753 757
754 755
754 757
754 758
755 758
756 757
756 759
757 758
757 759
757 760
758 760
759 760
759 761
760 761
762 763
762 782
762 826
762 846
763 764
763 782
763 787
763 845
763 846
764 765
764 787
764 791
764 844
764 845
765 766
765 791
765 794
765 843
765 844
766 767
766 794
766 796
766 842
766 843
767 768
767 796
767 797
767 841
767 842
768 769
768 770
768 797
768 840
768 841
769 770
769 798
769 840
769 862
770 771
770 797
770 798
770 825
771 772
771 795
771 797
771 824
771 825
772 773
772 792
772 795
772 822
772 824
773 774
773 788
773 792
773 819
773 822
774 775
774 783
774 788
774 815
774 819
775 776
775 777
775 783
775 810
775 815
776 777
776 810
777 778
777 783
778 779
778 783
778 784
779 780
779 784
779 785
780 781
780 785
780 786
781 782
781 786
781 787
782 787
783 784
783 788
784 785
784 788
784 789
785 786
785 789
785 790
786 787
786 790
786 791
787 791
788 789
788 792
789 790
789 792
789 793
790 791
790 793
790 794
791 794
792 793
792 795
793 794
793 795
793 796
794 796
795 796
795 797
796 797
798 799
798 825
798 862
798 881
799 800
799 823
799 825
799 880
799 881
800 801
800 820
800 823
800 879
800 880
801 802
801 816
801 820
801 878
801 879
802 803
802 811
802 816
802 877
802 878
803 804
803 805
803 811
803 876
803 877
804 805
804 875
804 876
805 806
805 811
806 807
806 811
806 812
807 808
807 812
807 813
808 809
808 813
808 814
809 810
809 814
809 815
810 815
811 812
811 816
812 813
812 816
812 817
813 814
813 817
813 818
814 815
814 818
814 819
815 819
816 817
816 820
817 818
817 820
817 821
818 819
818 821
818 822
819 822
820 821
820 823
821 822
821 823
821 824
822 824
823 824
823 825
824 825
826 827
826 846
827 828
827 846
827 851
828 829
828 851
828 855
829 830
829 855
829 858
830 831
830 858
830 860
831 832
831 860
831 861
832 833
832 834
832 861
833 834
833 925
833 953
834 835
834 861
834 925
834 937
835 836
835 859
835 861
835 936
835 937
836 837
836 856
836 859
836 935
836 936
837 838
837 852
837 856
837 934
837 935
838 839
838 847
838 852
838 933
838 934
839 840
839 841
839 847
839 932
839 933
840 841
840 862
840 932
841 842
841 847
842 843
842 847
842 848
843 844
843 848
843 849
844 845
844 849
844 850
845 846
845 850
845 851
846 851
847 848
847 852
848 849
848 852
848 853
849 850
849 853
849 854
850 851
850 854
850 855
851 855
852 853
852 856
853 854
853 856
853 857
854 855
854 857
854 858
855 858
856 857
856 859
857 858
857 859
857 860
858 860
859 860
859 861
860 861
862 863
862 881
862 932
863 864
863 881
863 886
863 932
863 938
864 865
864 886
864 890
864 938
864 943
865 866
865 890
865 893
865 943
865 947
866 867
866 893
866 895
866 947
866 950
867 868
867 895
867 896
867 950
867 952
868 869
868 896
868 931
868 952
869 870
869 896
869 897
869 924
870 871
870 894
870 896
870 923
870 924
871 872
871 891
871 894
871 921
871 923
872 873
872 887
872 891
872 918
872 921
873 874
873 882
873 887
873 914
873 918
874 875
874 876
874 882
874 909
874 914
875 876
875 909
876 877
876 882
877 878
877 882
877 883
878 879
878 883
878 884
879 880
879 884
879 885
880 881
880 885
880 886
881 886
882 883
882 887
883 884
883 887
883 888
884 885
884 888
884 889
885 886
885 889
885 890
886 890
887 888
887 891
888 889
888 891
888 892
889 890
889 892
889 893
890 893
891 892
891 894
892 893
892 894
892 895
893 895
894 895
894 896
895 896
897 898
897 924
897 993
898 899
898 922
898 924
898 992
898 993
899 900
899 919
899 922
899 991
899 992
900 901
900 915
900 919
900 990
900 991
901 902
901 910
901 915
901 989
901 990
902 903
902 904
902 910
902 988
902 989
903 904
903 987
903 988
904 905
904 910
905 906
905 910
905 911
906 907
906 911
906 912
907 908
907 912
907 913
908 909
908 913
908 914
909 914
910 911
910 915
911 912
911 915
911 916
912 913
912 916
912 917
913 914
913 917
913 918
914 918
915 916
915 919
916 917
916 919
916 920
917 918
917 920
917 921
918 921
919 920
919 922
920 921
920 922
920 923
921 923
922 923
922 924
923 924
925 926
925 937
925 953
925 965
926 927
926 937
926 942
926 964
926 965
927 928
927 942
927 946
927 963
927 964
928 929
928 946
928 949
928 962
928 963
929 930
929 949
929 951
929 961
929 962
930 931
930 951
930 952
930 960
930 961
931 952
931 960
932 933
932 938
933 934
933 938
933 939
934 935
934 939
934 940
935 936
935 940
935 941
936 937
936 941
936 942
937 942
938 939
938 943
939 940
939 943
939 944
940 941
940 944
940 945
941 942
941 945
941 946
942 946
943 944
943 947
944 945
944 947
944 948
945 946
945 948
945 949
946 949
947 948
947 950
948 949
948 950
948 951
949 951
950 951
950 952
951 952
953 954
953 965
954 955
954 965
954 970
955 956
955 970
955 974
956 957
956 974
956 977
957 958
957 977
957 979
958 959
958 979
958 980
959 980
960 961
960 966
961 962
961 966
961 967
962 963
962 967
962 968
963 964
963 968
963 969
964 965
964 969
964 970
965 970
966 967
966 971
967 968
967 971
967 972
968 969
968 972
968 973
969 970
969 973
969 974
970 974
971 972
971 975
972 973
972 975
972 976
973 974
973 976
973 977
974 977
975 976
975 978
976 977
976 978
976 979
977 979
978 979
978 980
979 980
981 982
981 1008
982 983
982 1006
982 1008
983 984
983 1003
983 1006
984 985
984 999
984 1003
985 986
985 994
985 999
986 987
986 988
986 994
987 988
988 989
988 994
989 990
989 994
989 995
990 991
990 995
990 996
991 992
991 996
991 997
992 993
992 997
992 998
993 998
994 995
994 999
995 996
995 999
995 1000
996 997
996 1000
996 1001
997 998
997 1001
997 1002
998 1002
999 1000
999 1003
1000 1001
1000 1003
1000 1004
1001 1002
1001 1004
1001 1005
1002 1005
1003 1004
1003 1006
1004 1005
1004 1006
1004 1007
1005 1007
1006 1007
1006 1008
1007 1008
