1141 3162
0 1
0 17
0 28
1 2
1 17
1 18
1 28
1 39
2 3
2 18
2 19
2 39
2 43
3 4
3 19
3 20
3 43
3 46
4 5
4 20
4 21
4 46
4 48
5 6
5 7
5 21
5 38
5 48
6 7
6 38
6 59
6 223
7 8
7 21
7 223
7 231
8 9
8 21
8 24
8 230
8 231
9 10
9 24
9 26
9 229
9 230
10 11
10 26
10 27
10 228
10 229
11 12
11 13
11 27
11 196
11 228
12 13
12 196
12 212
13 14
13 27
14 15
14 25
14 27
15 16
15 22
15 25
16 17
16 18
16 22
17 18
18 19
18 22
19 20
19 22
19 23
20 21
20 23
20 24
21 24
22 23
22 25
23 24
23 25
23 26
24 26
25 26
25 27
26 27
28 29
28 39
29 30
29 39
29 40
30 31
30 40
30 41
31 32
31 41
31 42
32 33
32 34
32 42
33 34
33 49
33 70
34 35
34 42
34 49
34 60
35 36
35 42
35 45
35 60
35 64
36 37
36 45
36 47
36 64
36 67
37 38
37 47
37 48
37 67
37 69
38 48
38 59
38 69
39 40
39 43
40 41
40 43
40 44
41 42
41 44
41 45
42 45
43 44
43 46
44 45
44 46
44 47
45 47
46 47
46 48
47 48
49 50
49 60
49 70
49 81
50 51
50 60
50 61
50 81
50 85
51 52
51 61
51 62
51 85
51 88
52 53
52 62
52 63
52 88
52 90
53 54
53 55
53 63
53 80
53 90
54 55
54 80
54 101
54 248
55 56
55 63
56 57
56 63
56 66
57 58
57 66
57 68
58 59
58 68
58 69
59 69
60 61
60 64
61 62
61 64
61 65
62 63
62 65
62 66
63 66
64 65
64 67
65 66
65 67
65 68
66 68
67 68
67 69
68 69
70 71
70 81
71 72
71 81
71 82
72 73
72 82
72 83
73 74
73 83
73 84
74 75
74 76
74 84
75 76
75 91
75 112
76 77
76 84
76 91
76 102
77 78
77 84
77 87
77 102
77 106
78 79
78 87
78 89
78 106
78 109
79 80
79 89
79 90
79 109
79 111
80 90
80 101
80 111
81 82
81 85
82 83
82 85
82 86
83 84
83 86
83 87
84 87
85 86
85 88
86 87
86 88
86 89
87 89
88 89
88 90
89 90
91 92
91 102
91 112
91 123
92 93
92 102
92 103
92 123
92 127
93 94
93 103
93 104
93 127
93 130
94 95
94 104
94 105
94 130
94 132
95 96
95 97
95 105
95 122
95 132
96 97
96 122
96 143
96 238
96 259
97 98
97 105
97 238
97 252
98 99
98 105
98 108
98 251
98 252
99 100
99 108
99 110
99 250
99 251
100 101
100 110
100 111
100 249
100 250
101 111
101 248
101 249
102 103
102 106
103 104
103 106
103 107
104 105
104 107
104 108
105 108
106 107
106 109
107 108
107 109
107 110
108 110
109 110
109 111
110 111
112 113
112 123
113 114
113 123
113 124
114 115
114 124
114 125
115 116
115 125
115 126
116 117
116 118
116 126
117 118
117 133
117 154
118 119
118 126
118 133
118 144
119 120
119 126
119 129
119 144
119 148
120 121
120 129
120 131
120 148
120 151
121 122
121 131
121 132
121 151
121 153
122 132
122 143
122 153
123 124
123 127
124 125
124 127
124 128
125 126
125 128
125 129
126 129
127 128
127 130
128 129
128 130
128 131
129 131
130 131
130 132
131 132
133 134
133 144
133 154
133 165
134 135
134 144
134 145
134 165
134 169
135 136
135 145
135 146
135 169
135 172
136 137
136 146
136 147
136 172
136 174
137 138
137 139
137 147
137 164
137 174
138 139
138 164
138 185
138 280
138 296
139 140
139 147
140 141
140 147
140 150
141 142
141 150
141 152
142 143
142 152
142 153
143 153
144 145
144 148
145 146
145 148
145 149
146 147
146 149
146 150
147 150
148 149
148 151
149 150
149 151
149 152
150 152
151 152
151 153
152 153
154 155
154 165
155 156
155 165
155 166
156 157
156 166
156 167
157 158
157 167
157 168
158 159
158 160
158 168
159 160
159 175
160 161
160 168
160 175
160 186
161 162
161 168
161 171
161 186
161 190
162 163
162 171
162 173
162 190
162 193
163 164
163 173
163 174
163 193
163 195
164 174
164 185
164 195
165 166
165 169
166 167
166 169
166 170
167 168
167 170
167 171
168 171
169 170
169 172
170 171
170 172
170 173
171 173
172 173
172 174
173 174
175 176
175 186
176 177
176 186
176 187
177 178
177 187
177 188
178 179
178 188
178 189
179 180
179 181
179 189
180 181
180 307
181 182
181 189
181 307
181 315
182 183
182 189
182 192
182 314
182 315
183 184
183 192
183 194
183 313
183 314
184 185
184 194
184 195
184 312
184 313
185 195
185 280
185 312
186 187
186 190
187 188
187 190
187 191
188 189
188 191
188 192
189 192
190 191
190 193
191 192
191 193
191 194
192 194
193 194
193 195
194 195
196 197
196 212
196 213
196 228
197 198
197 213
197 214
197 228
197 232
198 199
198 214
198 215
198 232
198 235
199 200
199 215
199 216
199 235
199 237
200 201
200 202
200 216
200 227
200 237
201 202
201 227
201 322
201 343
201 364
202 203
202 216
202 322
202 336
203 204
203 216
203 219
203 335
203 336
204 205
204 219
204 221
204 334
204 335
205 206
205 221
205 222
205 333
205 334
206 207
206 208
206 222
206 332
206 333
207 208
207 332
208 209
208 222
209 210
209 220
209 222
210 211
210 217
210 220
211 212
211 213
211 217
212 213
213 214
213 217
214 215
214 217
214 218
215 216
215 218
215 219
216 219
217 218
217 220
218 219
218 220
218 221
219 221
220 221
220 222
221 222
223 224
223 231
224 225
224 231
224 234
225 226
225 234
225 236
226 227
226 236
226 237
227 237
228 229
228 232
229 230
229 232
229 233
230 231
230 233
230 234
231 234
232 233
232 235
233 234
233 235
233 236
234 236
235 236
235 237
236 237
238 239
238 252
238 259
238 270
239 240
239 252
239 255
239 270
239 274
240 241
240 255
240 257
240 274
240 277
241 242
241 257
241 258
241 277
241 279
242 243
242 244
242 258
242 269
242 279
243 244
243 269
243 368
243 369
243 384
244 245
244 258
245 246
245 256
245 258
246 247
246 253
246 256
247 248
247 249
247 253
248 249
249 250
249 253
250 251
250 253
250 254
251 252
251 254
251 255
252 255
253 254
253 256
254 255
254 256
254 257
255 257
256 257
256 258
257 258
259 260
259 270
260 261
260 270
260 271
261 262
261 271
261 272
262 263
262 272
262 273
263 264
263 265
263 273
264 265
264 405
264 420
264 441
265 266
265 273
265 405
265 413
266 267
266 273
266 276
266 412
266 413
267 268
267 276
267 278
267 411
267 412
268 269
268 278
268 279
268 410
268 411
269 279
269 384
269 410
270 271
270 274
271 272
271 274
271 275
272 273
272 275
272 276
273 276
274 275
274 277
275 276
275 277
275 278
276 278
277 278
277 279
278 279
280 281
280 296
280 297
280 312
281 282
281 297
281 298
281 312
281 316
282 283
282 298
282 299
282 316
282 319
283 284
283 299
283 300
283 319
283 321
284 285
284 286
284 300
284 311
284 321
285 286
285 311
285 482
285 497
286 287
286 300
286 482
286 490
287 288
287 300
287 303
287 489
287 490
288 289
288 303
288 305
288 488
288 489
289 290
289 305
289 306
289 487
289 488
290 291
290 292
290 306
290 461
290 487
291 292
291 445
291 446
291 461
292 293
292 306
293 294
293 304
293 306
294 295
294 301
294 304
295 296
295 297
295 301
296 297
297 298
297 301
298 299
298 301
298 302
299 300
299 302
299 303
300 303
301 302
301 304
302 303
302 304
302 305
303 305
304 305
304 306
305 306
307 308
307 315
308 309
308 315
308 318
309 310
309 318
309 320
310 311
310 320
310 321
311 321
312 313
312 316
313 314
313 316
313 317
314 315
314 317
314 318
315 318
316 317
316 319
317 318
317 319
317 320
318 320
319 320
319 321
320 321
322 323
322 336
322 343
322 354
323 324
323 336
323 339
323 354
323 358
324 325
324 339
324 341
324 358
324 361
325 326
325 341
325 342
325 361
325 363
326 327
326 328
326 342
326 353
326 363
327 328
327 353
327 518
327 534
328 329
328 342
329 330
329 340
329 342
330 331
330 337
330 340
331 332
331 333
331 337
332 333
333 334
333 337
334 335
334 337
334 338
335 336
335 338
335 339
336 339
337 338
337 340
338 339
338 340
338 341
339 341
340 341
340 342
341 342
343 344
343 354
343 364
343 374
344 345
344 354
344 355
344 374
344 378
345 346
345 355
345 356
345 378
345 381
346 347
346 356
346 357
346 381
346 383
347 348
347 349
347 357
347 373
347 383
348 349
348 373
348 394
348 545
349 350
349 357
349 545
349 553
350 351
350 357
350 360
350 552
350 553
351 352
351 360
351 362
351 551
351 552
352 353
352 362
352 363
352 550
352 551
353 363
353 518
353 550
354 355
354 358
355 356
355 358
355 359
356 357
356 359
356 360
357 360
358 359
358 361
359 360
359 361
359 362
360 362
361 362
361 363
362 363
364 365
364 374
365 366
365 374
365 375
366 367
366 375
366 376
367 368
367 376
367 377
368 369
368 377
369 370
369 377
369 384
369 395
370 371
370 377
370 380
370 395
370 399
371 372
371 380
371 382
371 399
371 402
372 373
372 382
372 383
372 402
372 404
373 383
373 394
373 404
374 375
374 378
375 376
375 378
375 379
376 377
376 379
376 380
377 380
378 379
378 381
379 380
379 381
379 382
380 382
381 382
381 383
382 383
384 385
384 395
384 410
385 386
385 395
385 396
385 410
385 414
386 387
386 396
386 397
386 414
386 417
387 388
387 397
387 398
387 417
387 419
388 389
388 390
388 398
388 409
388 419
389 390
389 409
389 430
389 560
389 576
390 391
390 398
391 392
391 398
391 401
392 393
392 401
392 403
393 394
393 403
393 404
394 404
395 396
395 399
396 397
396 399
396 400
397 398
397 400
397 401
398 401
399 400
399 402
400 401
400 402
400 403
401 403
402 403
402 404
403 404
405 406
405 413
405 420
405 431
406 407
406 413
406 416
406 431
406 435
407 408
407 416
407 418
407 435
407 438
408 409
408 418
408 419
408 438
408 440
409 419
409 430
409 440
410 411
410 414
411 412
411 414
411 415
412 413
412 415
412 416
413 416
414 415
414 417
415 416
415 417
415 418
416 418
417 418
417 419
418 419
420 421
420 431
420 441
420 451
421 422
421 431
421 432
421 451
421 455
422 423
422 432
422 433
422 455
422 458
423 424
423 433
423 434
423 458
423 460
424 425
424 426
424 434
424 450
424 460
425 426
425 450
425 471
425 587
426 427
426 434
426 587
426 595
427 428
427 434
427 437
427 594
427 595
428 429
428 437
428 439
428 593
428 594
429 430
429 439
429 440
429 592
429 593
430 440
430 560
430 592
431 432
431 435
432 433
432 435
432 436
433 434
433 436
433 437
434 437
435 436
435 438
436 437
436 438
436 439
437 439
438 439
438 440
439 440
441 442
441 451
442 443
442 451
442 452
443 444
443 452
443 453
444 445
444 453
444 454
445 446
445 454
446 447
446 454
446 461
446 472
447 448
447 454
447 457
447 472
447 476
448 449
448 457
448 459
448 476
448 479
449 450
449 459
449 460
449 479
449 481
450 460
450 471
450 481
451 452
451 455
452 453
452 455
452 456
453 454
453 456
453 457
454 457
455 456
455 458
456 457
456 458
456 459
457 459
458 459
458 460
459 460
461 462
461 472
461 487
462 463
462 472
462 473
462 487
462 491
463 464
463 473
463 474
463 491
463 494
464 465
464 474
464 475
464 494
464 496
465 466
465 467
465 475
465 486
465 496
466 467
466 486
466 507
466 612
467 468
467 475
468 469
468 475
468 478
469 470
469 478
469 480
470 471
470 480
470 481
471 481
472 473
472 476
473 474
473 476
473 477
474 475
474 477
474 478
475 478
476 477
476 479
477 478
477 479
477 480
478 480
479 480
479 481
480 481
482 483
482 490
482 497
482 508
483 484
483 490
483 493
483 508
483 512
484 485
484 493
484 495
484 512
484 515
485 486
485 495
485 496
485 515
485 517
486 496
486 507
486 517
487 488
487 491
488 489
488 491
488 492
489 490
489 492
489 493
490 493
491 492
491 494
492 493
492 494
492 495
493 495
494 495
494 496
495 496
497 498
497 508
498 499
498 508
498 509
499 500
499 509
499 510
500 501
500 510
500 511
501 502
501 503
501 511
502 503
502 602
502 623
503 504
503 511
503 602
503 616
504 505
504 511
504 514
504 615
504 616
505 506
505 514
505 516
505 614
505 615
506 507
506 516
506 517
506 613
506 614
507 517
507 612
507 613
508 509
508 512
509 510
509 512
509 513
510 511
510 513
510 514
511 514
512 513
512 515
513 514
513 515
513 516
514 516
515 516
515 517
516 517
518 519
518 534
518 535
518 550
519 520
519 535
519 536
519 550
519 554
520 521
520 536
520 537
520 554
520 557
521 522
521 537
521 538
521 557
521 559
522 523
522 524
522 538
522 549
522 559
523 524
523 549
523 671
523 686
523 707
524 525
524 538
524 671
524 679
525 526
525 538
525 541
525 678
525 679
526 527
526 541
526 543
526 677
526 678
527 528
527 543
527 544
527 676
527 677
528 529
528 530
528 544
528 644
528 676
529 530
529 644
529 660
530 531
530 544
531 532
531 542
531 544
532 533
532 539
532 542
533 534
533 535
533 539
534 535
535 536
535 539
536 537
536 539
536 540
537 538
537 540
537 541
538 541
539 540
539 542
540 541
540 542
540 543
541 543
542 543
542 544
543 544
545 546
545 553
546 547
546 553
546 556
547 548
547 556
547 558
548 549
548 558
548 559
549 559
550 551
550 554
551 552
551 554
551 555
552 553
552 555
552 556
553 556
554 555
554 557
555 556
555 557
555 558
556 558
557 558
557 559
558 559
560 561
560 576
560 577
560 592
561 562
561 577
561 578
561 592
561 596
562 563
562 578
562 579
562 596
562 599
563 564
563 579
563 580
563 599
563 601
564 565
564 566
564 580
564 591
564 601
565 566
565 591
565 748
565 763
565 784
566 567
566 580
566 748
566 756
567 568
567 580
567 583
567 755
567 756
568 569
568 583
568 585
568 754
568 755
569 570
569 585
569 586
569 753
569 754
570 571
570 572
570 586
570 727
570 753
571 572
571 711
571 712
571 727
572 573
572 586
573 574
573 584
573 586
574 575
574 581
574 584
575 576
575 577
575 581
576 577
577 578
577 581
578 579
578 581
578 582
579 580
579 582
579 583
580 583
581 582
581 584
582 583
582 584
582 585
583 585
584 585
584 586
585 586
587 588
587 595
588 589
588 595
588 598
589 590
589 598
589 600
590 591
590 600
590 601
591 601
592 593
592 596
593 594
593 596
593 597
594 595
594 597
594 598
595 598
596 597
596 599
597 598
597 599
597 600
598 600
599 600
599 601
600 601
602 603
602 616
602 623
602 634
603 604
603 616
603 619
603 634
603 638
604 605
604 619
604 621
604 638
604 641
605 606
605 621
605 622
605 641
605 643
606 607
606 608
606 622
606 633
606 643
607 608
607 633
607 788
607 789
607 804
608 609
608 622
609 610
609 620
609 622
610 611
610 617
610 620
611 612
611 613
611 617
612 613
613 614
613 617
614 615
614 617
614 618
615 616
615 618
615 619
616 619
617 618
617 620
618 619
618 620
618 621
619 621
620 621
620 622
621 622
623 624
623 634
624 625
624 634
624 635
625 626
625 635
625 636
626 627
626 636
626 637
627 628
627 629
627 637
628 629
628 825
629 630
629 637
629 825
629 833
630 631
630 637
630 640
630 832
630 833
631 632
631 640
631 642
631 831
631 832
632 633
632 642
632 643
632 830
632 831
633 643
633 804
633 830
634 635
634 638
635 636
635 638
635 639
636 637
636 639
636 640
637 640
638 639
638 641
639 640
639 641
639 642
640 642
641 642
641 643
642 643
644 645
644 660
644 661
644 676
645 646
645 661
645 662
645 676
645 680
646 647
646 662
646 663
646 680
646 683
647 648
647 663
647 664
647 683
647 685
648 649
648 650
648 664
648 675
648 685
649 650
649 675
649 696
649 867
650 651
650 664
650 867
650 875
651 652
651 664
651 667
651 874
651 875
652 653
652 667
652 669
652 873
652 874
653 654
653 669
653 670
653 872
653 873
654 655
654 656
654 670
654 840
654 872
655 656
655 840
655 856
656 657
656 670
657 658
657 668
657 670
658 659
658 665
658 668
659 660
659 661
659 665
660 661
661 662
661 665
662 663
662 665
662 666
663 664
663 666
663 667
664 667
665 666
665 668
666 667
666 668
666 669
667 669
668 669
668 670
669 670
671 672
671 679
671 686
671 697
672 673
672 679
672 682
672 697
672 701
673 674
673 682
673 684
673 701
673 704
674 675
674 684
674 685
674 704
674 706
675 685
675 696
675 706
676 677
676 680
677 678
677 680
677 681
678 679
678 681
678 682
679 682
680 681
680 683
681 682
681 683
681 684
682 684
683 684
683 685
684 685
686 687
686 697
686 707
686 717
687 688
687 697
687 698
687 717
687 721
688 689
688 698
688 699
688 721
688 724
689 690
689 699
689 700
689 724
689 726
690 691
690 692
690 700
690 716
690 726
691 692
691 716
691 737
691 892
692 693
692 700
693 694
693 700
693 703
694 695
694 703
694 705
695 696
695 705
695 706
696 706
697 698
697 701
698 699
698 701
698 702
699 700
699 702
699 703
700 703
701 702
701 704
702 703
702 704
702 705
703 705
704 705
704 706
705 706
707 708
707 717
708 709
708 717
708 718
709 710
709 718
709 719
710 711
710 719
710 720
711 712
711 720
712 713
712 720
712 727
712 738
713 714
713 720
713 723
713 738
713 742
714 715
714 723
714 725
714 742
714 745
715 716
715 725
715 726
715 745
715 747
716 726
716 737
716 747
717 718
717 721
718 719
718 721
718 722
719 720
719 722
719 723
720 723
721 722
721 724
722 723
722 724
722 725
723 725
724 725
724 726
725 726
727 728
727 738
727 753
728 729
728 738
728 739
728 753
728 757
729 730
729 739
729 740
729 757
729 760
730 731
730 740
730 741
730 760
730 762
731 732
731 733
731 741
731 752
731 762
732 733
732 752
732 773
732 882
732 903
733 734
733 741
733 882
733 896
734 735
734 741
734 744
734 895
734 896
735 736
735 744
735 746
735 894
735 895
736 737
736 746
736 747
736 893
736 894
737 747
737 892
737 893
738 739
738 742
739 740
739 742
739 743
740 741
740 743
740 744
741 744
742 743
742 745
743 744
743 745
743 746
744 746
745 746
745 747
746 747
748 749
748 756
748 763
748 774
749 750
749 756
749 759
749 774
749 778
750 751
750 759
750 761
750 778
750 781
751 752
751 761
751 762
751 781
751 783
752 762
752 773
752 783
753 754
753 757
754 755
754 757
754 758
755 756
755 758
755 759
756 759
757 758
757 760
758 759
758 760
758 761
759 761
760 761
760 762
761 762
763 764
763 774
763 784
763 794
764 765
764 774
764 775
764 794
764 798
765 766
765 775
765 776
765 798
765 801
766 767
766 776
766 777
766 801
766 803
767 768
767 769
767 777
767 793
767 803
768 769
768 793
768 814
768 924
768 940
769 770
769 777
770 771
770 777
770 780
771 772
771 780
771 782
772 773
772 782
772 783
773 783
774 775
774 778
775 776
775 778
775 779
776 777
776 779
776 780
777 780
778 779
778 781
779 780
779 781
779 782
780 782
781 782
781 783
782 783
784 785
784 794
785 786
785 794
785 795
786 787
786 795
786 796
787 788
787 796
787 797
788 789
788 797
789 790
789 797
789 804
789 815
790 791
790 797
790 800
790 815
790 819
791 792
791 800
791 802
791 819
791 822
792 793
792 802
792 803
792 822
792 824
793 803
793 814
793 824
794 795
794 798
795 796
795 798
795 799
796 797
796 799
796 800
797 800
798 799
798 801
799 800
799 801
799 802
800 802
801 802
801 803
802 803
804 805
804 815
804 830
805 806
805 815
805 816
805 830
805 834
806 807
806 816
806 817
806 834
806 837
807 808
807 817
807 818
807 837
807 839
808 809
808 810
808 818
808 829
808 839
809 810
809 829
809 951
810 811
810 818
810 951
810 959
811 812
811 818
811 821
811 958
811 959
812 813
812 821
812 823
812 957
812 958
813 814
813 823
813 824
813 956
813 957
814 824
814 924
814 956
815 816
815 819
816 817
816 819
816 820
817 818
817 820
817 821
818 821
819 820
819 822
820 821
820 822
820 823
821 823
822 823
822 824
823 824
825 826
825 833
826 827
826 833
826 836
827 828
827 836
827 838
828 829
828 838
828 839
829 839
830 831
830 834
831 832
831 834
831 835
832 833
832 835
832 836
833 836
834 835
834 837
835 836
835 837
835 838
836 838
837 838
837 839
838 839
840 841
840 856
840 857
840 872
841 842
841 857
841 858
841 872
841 876
842 843
842 858
842 859
842 876
842 879
843 844
843 859
843 860
843 879
843 881
844 845
844 846
844 860
844 871
844 881
845 846
845 871
845 966
845 987
845 1008
846 847
846 860
846 966
846 980
847 848
847 860
847 863
847 979
847 980
848 849
848 863
848 865
848 978
848 979
849 850
849 865
849 866
849 977
849 978
850 851
850 852
850 866
850 976
850 977
851 852
851 976
852 853
852 866
853 854
853 864
853 866
854 855
854 861
854 864
855 856
855 857
855 861
856 857
857 858
857 861
858 859
858 861
858 862
859 860
859 862
859 863
860 863
861 862
861 864
862 863
862 864
862 865
863 865
864 865
864 866
865 866
867 868
867 875
868 869
868 875
868 878
869 870
869 878
869 880
870 871
870 880
870 881
871 881
872 873
872 876
873 874
873 876
873 877
874 875
874 877
874 878
875 878
876 877
876 879
877 878
877 879
877 880
878 880
879 880
879 881
880 881
882 883
882 896
882 903
882 914
883 884
883 896
883 899
883 914
883 918
884 885
884 899
884 901
884 918
884 921
885 886
885 901
885 902
885 921
885 923
886 887
886 888
886 902
886 913
886 923
887 888
887 913
887 1012
887 1013
887 1028
888 889
888 902
889 890
889 900
889 902
890 891
890 897
890 900
891 892
891 893
891 897
892 893
893 894
893 897
894 895
894 897
894 898
895 896
895 898
895 899
896 899
897 898
897 900
898 899
898 900
898 901
899 901
900 901
900 902
901 902
903 904
903 914
904 905
904 914
904 915
905 906
905 915
905 916
906 907
906 916
906 917
907 908
907 909
907 917
908 909
908 1049
908 1064
908 1085
909 910
909 917
909 1049
909 1057
910 911
910 917
910 920
910 1056
910 1057
911 912
911 920
911 922
911 1055
911 1056
912 913
912 922
912 923
912 1054
912 1055
913 923
913 1028
913 1054
914 915
914 918
915 916
915 918
915 919
916 917
916 919
916 920
917 920
918 919
918 921
919 920
919 921
919 922
920 922
921 922
921 923
922 923
924 925
924 940
924 941
924 956
925 926
925 941
925 942
925 956
925 960
926 927
926 942
926 943
926 960
926 963
927 928
927 943
927 944
927 963
927 965
928 929
928 930
928 944
928 955
928 965
929 930
929 955
929 1126
930 931
930 944
930 1126
930 1134
931 932
931 944
931 947
931 1133
931 1134
932 933
932 947
932 949
932 1132
932 1133
933 934
933 949
933 950
933 1131
933 1132
934 935
934 936
934 950
934 1105
934 1131
935 936
935 1089
935 1090
935 1105
936 937
936 950
937 938
937 948
937 950
938 939
938 945
938 948
939 940
939 941
939 945
940 941
941 942
941 945
942 943
942 945
942 946
943 944
943 946
943 947
944 947
945 946
945 948
946 947
946 948
946 949
947 949
948 949
948 950
949 950
951 952
951 959
952 953
952 959
952 962
953 954
953 962
953 964
954 955
954 964
954 965
955 965
956 957
956 960
957 958
957 960
957 961
958 959
958 961
958 962
959 962
960 961
960 963
961 962
961 963
961 964
962 964
963 964
963 965
964 965
966 967
966 980
966 987
966 1001
967 968
967 980
967 983
967 1000
967 1001
968 969
968 983
968 985
968 999
968 1000
969 970
969 985
969 986
969 998
969 999
970 971
970 972
970 986
970 997
970 998
971 972
971 997
972 973
972 986
973 974
973 984
973 986
974 975
974 981
974 984
975 976
975 977
975 981
976 977
977 978
977 981
978 979
978 981
978 982
979 980
979 982
979 983
980 983
981 982
981 984
982 983
982 984
982 985
983 985
984 985
984 986
985 986
987 988
987 1001
987 1008
987 1018
988 989
988 1001
988 1004
988 1018
988 1022
989 990
989 1004
989 1006
989 1022
989 1025
990 991
990 1006
990 1007
990 1025
990 1027
991 992
991 993
991 1007
991 1017
991 1027
992 993
992 1017
992 1038
993 994
993 1007
994 995
994 1005
994 1007
995 996
995 1002
995 1005
996 997
996 998
996 1002
997 998
998 999
998 1002
999 1000
999 1002
999 1003
1000 1001
1000 1003
1000 1004
1001 1004
1002 1003
1002 1005
1003 1004
1003 1005
1003 1006
1004 1006
1005 1006
1005 1007
1006 1007
1008 1009
1008 1018
1009 1010
1009 1018
1009 1019
1010 1011
1010 1019
1010 1020
1011 1012
1011 1020
1011 1021
1012 1013
1012 1021
1013 1014
1013 1021
1013 1028
1013 1039
1014 1015
1014 1021
1014 1024
1014 1039
1014 1043
1015 1016
1015 1024
1015 1026
1015 1043
1015 1046
1016 1017
1016 1026
1016 1027
1016 1046
1016 1048
1017 1027
1017 1038
1017 1048
1018 1019
1018 1022
1019 1020
1019 1022
1019 1023
1020 1021
1020 1023
1020 1024
1021 1024
1022 1023
1022 1025
1023 1024
1023 1025
1023 1026
1024 1026
1025 1026
1025 1027
1026 1027
1028 1029
1028 1039
1028 1054
1029 1030
1029 1039
1029 1040
1029 1054
1029 1058
1030 1031
1030 1040
1030 1041
1030 1058
1030 1061
1031 1032
1031 1041
1031 1042
1031 1061
1031 1063
1032 1033
1032 1034
1032 1042
1032 1053
1032 1063
1033 1034
1033 1053
1033 1074
1034 1035
1034 1042
1035 1036
1035 1042
1035 1045
1036 1037
1036 1045
1036 1047
1037 1038
1037 1047
1037 1048
1038 1048
1039 1040
1039 1043
1040 1041
1040 1043
1040 1044
1041 1042
1041 1044
1041 1045
1042 1045
1043 1044
1043 1046
1044 1045
1044 1046
1044 1047
1045 1047
1046 1047
1046 1048
1047 1048
1049 1050
1049 1057
1049 1064
1049 1075
1050 1051
1050 1057
1050 1060
1050 1075
1050 1079
1051 1052
1051 1060
1051 1062
1051 1079
1051 1082
1052 1053
1052 1062
1052 1063
1052 1082
1052 1084
1053 1063
1053 1074
1053 1084
1054 1055
1054 1058
1055 1056
1055 1058
1055 1059
1056 1057
1056 1059
1056 1060
1057 1060
1058 1059
1058 1061
1059 1060
1059 1061
1059 1062
1060 1062
1061 1062
1061 1063
1062 1063
1064 1065
1064 1075
1064 1085
1064 1095
1065 1066
1065 1075
1065 1076
1065 1095
1065 1099
1066 1067
1066 1076
1066 1077
1066 1099
1066 1102
1067 1068
1067 1077
1067 1078
1067 1102
1067 1104
1068 1069
1068 1070
1068 1078
1068 1094
1068 1104
1069 1070
1069 1094
1069 1115
1070 1071
1070 1078
1071 1072
1071 1078
1071 1081
1072 1073
1072 1081
1072 1083
1073 1074
1073 1083
1073 1084
1074 1084
1075 1076
1075 1079
1076 1077
1076 1079
1076 1080
1077 1078
1077 1080
1077 1081
1078 1081
1079 1080
1079 1082
1080 1081
1080 1082
1080 1083
1081 1083
1082 1083
1082 1084
1083 1084
1085 1086
1085 1095
1086 1087
1086 1095
1086 1096
1087 1088
1087 1096
1087 1097
1088 1089
1088 1097
1088 1098
1089 1090
1089 1098
1090 1091
1090 1098
1090 1105
1090 1116
1091 1092
1091 1098
1091 1101
1091 1116
1091 1120
1092 1093
1092 1101
1092 1103
1092 1120
1092 1123
1093 1094
1093 1103
1093 1104
1093 1123
1093 1125
1094 1104
1094 1115
1094 1125
1095 1096
1095 1099
1096 1097
1096 1099
1096 1100
1097 1098
1097 1100
1097 1101
1098 1101
1099 1100
1099 1102
1100 1101
1100 1102
1100 1103
1101 1103
1102 1103
1102 1104
1103 1104
1105 1106
1105 1116
1105 1131
1106 1107
1106 1116
1106 1117
1106 1131
1106 1135
1107 1108
1107 1117
1107 1118
1107 1135
1107 1138
1108 1109
1108 1118
1108 1119
1108 1138
1108 1140
1109 1110
1109 1111
1109 1119
1109 1130
1109 1140
1110 1111
1110 1130
1111 1112
1111 1119
1112 1113
1112 1119
1112 1122
1113 1114
1113 1122
1113 1124
1114 1115
1114 1124
1114 1125
1115 1125
1116 1117
1116 1120
1117 1118
1117 1120
1117 1121
1118 1119
1118 1121
1118 1122
1119 1122
1120 1121
1120 1123
1121 1122
1121 1123
1121 1124
1122 1124
1123 1124
1123 1125
1124 1125
1126 1127
1126 1134
1127 1128
1127 1134
1127 1137
1128 1129
1128 1137
1128 1139
1129 1130
1129 1139
1129 1140
1130 1140
1131 1132
1131 1135
1132 1133
1132 1135
1132 1136
1133 1134
1133 1136
1133 1137
1134 1137
1135 1136
1135 1138
1136 1137
1136 1138
1136 1139
1137 1139
1138 1139
1138 1140
1139 1140
