450 5714
0 329
0 366
0 388
0 439
0 187
0 383
0 104
0 96
0 367
0 53
0 62
0 268
0 219
0 444
0 6
0 12
0 186
0 97
0 323
0 84
0 276
0 287
0 178
0 389
329 35
329 77
329 90
329 103
329 126
329 137
329 180
329 201
329 218
329 245
329 270
329 328
329 443
329 351
329 360
329 446
366 2
366 53
366 63
366 92
366 110
366 117
366 124
366 164
366 207
366 225
366 243
366 272
366 274
366 297
366 299
366 323
366 328
366 335
366 338
366 340
366 354
366 362
366 387
366 379
366 389
388 1
388 6
388 70
388 79
388 90
388 102
388 104
388 105
388 110
388 116
388 176
388 190
388 194
388 217
388 231
388 250
388 284
388 327
388 336
388 346
388 349
388 437
388 395
388 439
439 6
439 11
439 25
439 32
439 42
439 53
439 90
439 102
439 110
439 115
439 152
439 156
439 163
439 180
439 181
439 191
439 205
439 221
439 270
439 278
439 291
439 295
439 322
439 356
439 362
439 365
439 371
439 382
439 385
439 393
187 38
187 44
187 45
187 59
187 63
187 76
187 105
187 110
187 128
187 139
187 149
187 153
187 159
187 184
187 185
187 186
187 411
187 243
187 309
187 333
187 335
187 445
187 435
187 215
187 191
187 259
187 275
187 225
187 218
187 301
187 308
187 314
187 325
187 416
187 423
383 5
383 6
383 10
383 14
383 57
383 62
383 80
383 85
383 104
383 105
383 172
383 194
383 196
383 215
383 226
383 235
383 236
383 282
383 284
383 286
383 287
383 331
383 336
383 370
383 374
383 440
383 445
383 397
383 401
383 391
104 16
104 20
104 47
104 48
104 57
104 80
104 86
104 90
104 96
104 270
104 163
104 180
104 116
104 206
104 112
104 196
104 360
104 336
104 111
104 217
104 273
104 401
104 420
104 311
104 227
104 158
96 22
96 54
96 78
96 88
96 115
96 112
96 110
96 292
96 274
96 263
96 154
96 225
96 202
96 339
367 45
367 58
367 59
367 123
367 144
367 148
367 159
367 170
367 186
367 191
367 210
367 213
367 238
367 301
367 330
367 390
367 416
367 418
367 434
367 444
367 411
53 11
53 169
53 349
53 191
53 207
53 370
53 79
53 190
53 186
53 97
53 385
53 365
53 356
53 322
62 19
62 20
62 23
62 39
62 336
62 379
62 88
62 178
62 111
62 360
62 446
62 113
62 394
62 260
62 216
62 106
62 420
62 314
62 255
62 331
62 268
62 219
62 190
62 221
62 293
62 119
268 39
268 46
268 60
268 67
268 106
268 129
268 165
268 206
268 219
268 261
268 399
268 440
268 402
268 285
268 436
268 292
268 309
268 315
268 386
268 287
219 38
219 43
219 71
219 101
219 145
219 153
219 180
219 191
219 201
219 216
219 302
219 270
219 407
219 266
219 297
219 360
219 357
219 263
219 331
219 242
219 378
444 6
444 12
444 42
444 91
444 98
444 180
444 181
444 186
444 208
444 212
444 213
444 227
444 245
444 270
444 272
444 317
444 323
444 356
444 360
444 381
444 433
444 438
6 372
6 54
6 159
6 282
6 449
6 335
6 379
6 340
6 115
6 18
6 12
6 225
6 298
6 184
6 110
6 102
12 11
12 403
12 346
12 108
12 223
12 285
12 116
12 335
12 110
12 18
12 384
12 45
12 288
12 299
12 215
12 121
12 313
12 224
12 115
12 341
12 198
186 7
186 32
186 38
186 48
186 59
186 84
186 97
186 110
186 115
186 169
186 408
186 393
186 277
186 335
186 324
186 313
186 212
186 413
186 225
186 218
186 323
186 340
186 392
186 194
97 76
97 84
97 94
97 179
97 344
97 385
97 413
97 320
97 220
97 191
97 233
97 254
97 416
97 269
97 323
97 215
97 301
97 143
97 359
323 21
323 25
323 81
323 84
323 95
323 146
323 174
323 191
323 207
323 212
323 245
323 255
323 264
323 270
323 306
323 322
323 360
323 361
323 435
323 375
323 432
323 354
323 356
84 10
84 37
84 47
84 75
84 80
84 345
84 416
84 246
84 331
84 100
84 171
84 442
84 226
84 98
84 191
84 116
84 217
84 208
84 361
84 207
84 196
84 162
84 255
84 151
84 247
84 435
84 146
84 311
84 433
276 93
276 107
276 110
276 159
276 178
276 183
276 188
276 197
276 225
276 249
276 340
276 373
276 384
276 287
276 389
276 335
276 377
287 39
287 50
287 51
287 60
287 88
287 94
287 105
287 113
287 161
287 166
287 178
287 199
287 203
287 275
287 285
287 358
287 340
287 379
287 345
287 299
287 330
287 389
287 391
287 374
287 386
178 20
178 21
178 67
178 119
178 161
178 402
178 446
178 220
178 425
178 376
178 209
178 205
178 345
178 299
178 389
389 20
389 21
389 63
389 68
389 85
389 196
389 200
389 201
389 225
389 282
389 288
389 290
389 291
389 293
389 297
389 337
389 342
389 347
389 403
389 407
1 397
1 159
1 405
1 307
1 198
1 393
1 208
1 324
1 295
1 37
1 98
1 174
1 70
1 217
1 194
1 180
1 127
1 18
1 229
397 23
397 25
397 29
397 209
397 226
397 230
397 235
397 293
397 336
397 341
397 429
397 410
159 11
159 40
159 45
159 78
159 85
159 106
159 107
159 135
159 413
159 250
159 307
159 176
159 252
159 418
159 405
159 181
159 315
159 225
159 191
159 257
159 390
159 231
159 372
159 303
159 260
159 216
159 422
159 193
159 376
159 427
405 13
405 32
405 49
405 91
405 114
405 117
405 128
405 181
405 183
405 227
405 238
405 248
405 274
405 277
405 361
405 384
405 447
405 408
307 13
307 50
307 59
307 70
307 94
307 103
307 116
307 120
307 144
307 193
307 226
307 229
307 234
307 239
307 254
307 283
307 300
307 373
307 414
307 429
307 410
307 336
307 324
307 350
307 341
198 17
198 65
198 75
198 115
198 116
198 121
198 127
198 134
198 237
198 224
198 242
198 404
198 240
198 226
198 440
198 391
198 352
198 415
198 401
198 341
198 314
198 246
393 5
393 20
393 25
393 32
393 37
393 61
393 66
393 79
393 105
393 115
393 121
393 147
393 169
393 234
393 257
393 259
393 291
393 324
393 346
393 349
393 370
393 372
393 385
208 11
208 45
208 102
208 111
208 116
208 146
208 150
208 171
208 174
208 437
208 264
208 355
208 396
208 217
208 281
208 442
208 260
208 440
208 291
208 327
208 406
208 212
208 354
324 25
324 27
324 58
324 63
324 72
324 87
324 115
324 132
324 141
324 142
324 147
324 157
324 165
324 173
324 176
324 181
324 185
324 197
324 205
324 242
324 246
324 252
324 255
324 261
324 283
324 288
324 295
324 436
324 446
324 398
324 385
324 346
324 386
324 341
324 362
324 421
324 412
295 2
295 13
295 58
295 91
295 93
295 99
295 118
295 142
295 144
295 181
295 199
295 209
295 214
295 222
295 254
295 271
295 402
295 317
295 434
295 392
295 338
295 361
295 312
37 5
37 8
37 111
37 336
37 278
37 213
37 264
37 341
37 226
37 188
37 429
37 98
37 174
98 40
98 42
98 50
98 152
98 354
98 267
98 281
98 262
98 226
98 160
98 166
98 377
98 174
98 245
98 381
174 25
174 36
174 47
174 85
174 111
174 121
174 147
174 157
174 213
174 355
174 192
174 265
174 272
174 317
174 438
174 445
174 391
174 197
174 291
174 327
174 433
174 356
174 322
70 32
70 39
70 42
70 44
70 52
70 264
70 269
70 154
70 127
70 203
70 132
70 263
70 271
70 368
70 379
70 361
70 91
70 317
70 348
70 181
70 392
70 318
70 109
70 217
70 194
217 20
217 28
217 99
217 111
217 116
217 118
217 169
217 183
217 194
217 226
217 298
217 364
217 325
217 336
217 273
194 10
194 30
194 48
194 57
194 158
194 163
194 172
194 190
194 337
194 411
194 387
194 370
194 286
194 280
194 231
194 331
194 332
194 273
194 215
194 236
194 282
194 340
194 392
180 18
180 32
180 43
180 91
180 109
180 122
180 127
180 163
180 361
180 271
180 181
180 227
180 229
127 10
127 14
127 15
127 18
127 108
127 111
127 116
127 378
127 336
127 341
127 409
127 319
127 288
127 299
127 240
127 304
127 200
127 226
127 394
127 130
127 139
127 229
18 17
18 49
18 215
18 110
18 385
18 166
18 176
18 237
18 205
18 171
18 352
18 409
18 395
18 411
18 319
18 230
18 251
18 130
18 111
18 139
18 229
229 13
229 31
229 40
229 72
229 86
229 92
229 128
229 130
229 220
229 310
229 353
229 412
229 407
229 255
229 421
229 243
2 36
2 119
2 256
2 9
2 146
2 428
2 199
2 75
2 330
2 31
2 68
2 209
2 380
2 99
2 34
2 95
2 261
2 309
2 165
2 141
2 335
2 338
2 124
2 155
2 371
2 248
2 294
36 4
36 35
36 92
36 247
36 284
36 253
36 124
36 375
36 448
36 67
36 358
36 265
36 272
36 64
36 163
36 349
36 373
36 244
36 260
36 337
36 338
36 157
36 73
36 69
36 150
36 427
36 40
36 362
36 173
36 54
119 40
119 57
119 63
119 68
119 72
119 116
119 117
119 310
119 182
119 121
119 122
119 220
119 288
119 381
119 403
119 400
119 296
119 286
119 130
119 291
119 212
119 190
119 221
119 293
119 140
119 421
256 29
256 44
256 50
256 63
256 68
256 73
256 78
256 92
256 94
256 134
256 154
256 160
256 182
256 369
256 328
256 433
256 423
256 418
256 429
256 390
256 264
256 362
256 272
256 258
256 334
9 3
9 285
9 343
9 195
9 131
9 442
9 228
9 113
9 15
9 211
9 231
9 102
9 118
9 400
9 206
9 105
9 301
9 277
9 316
9 227
9 338
9 200
9 106
9 332
146 24
146 63
146 92
146 100
146 134
146 210
146 428
146 244
146 148
146 334
146 182
146 209
146 354
146 440
146 435
146 362
146 263
146 154
146 325
146 272
146 343
146 369
428 19
428 46
428 75
428 80
428 81
428 109
428 112
428 117
428 160
428 199
428 206
428 250
428 260
428 285
428 289
428 337
428 342
428 346
428 350
428 370
428 379
428 421
428 446
428 445
199 52
199 71
199 75
199 88
199 93
199 105
199 107
199 112
199 121
199 156
199 165
199 185
199 255
199 435
199 313
199 246
199 251
199 318
199 446
199 332
199 345
199 431
199 402
199 330
199 391
199 370
199 421
199 342
199 271
199 222
199 282
199 203
75 33
75 47
75 52
75 336
75 156
75 424
75 426
75 407
75 182
75 423
75 318
75 352
75 314
75 246
330 23
330 31
330 33
330 64
330 69
330 77
330 107
330 121
330 179
330 203
330 211
330 248
330 258
330 272
330 282
330 294
330 301
330 308
330 413
330 372
330 404
330 391
31 4
31 433
31 343
31 362
31 58
31 239
31 179
31 404
31 348
31 258
31 64
31 68
31 209
31 214
31 105
31 153
31 169
31 92
31 133
31 114
31 220
31 272
31 73
31 274
31 215
31 333
31 124
31 110
31 49
31 445
31 182
31 243
31 409
68 29
68 35
68 50
68 227
68 337
68 206
68 361
68 396
68 251
68 299
68 117
68 130
68 85
68 196
68 342
68 120
68 431
68 112
68 209
209 25
209 32
209 35
209 50
209 52
209 57
209 63
209 66
209 67
209 71
209 112
209 115
209 120
209 122
209 140
209 161
209 172
209 175
209 176
209 182
209 205
209 410
209 288
209 385
209 261
209 356
209 237
209 282
209 396
209 293
209 296
209 403
209 431
380 11
380 54
380 72
380 101
380 164
380 169
380 191
380 228
380 279
380 281
380 338
380 362
380 371
380 442
380 394
380 437
99 3
99 25
99 76
99 343
99 115
99 222
99 205
99 385
99 162
99 277
99 228
99 102
99 118
99 176
99 337
99 338
99 110
99 121
99 282
99 113
34 5
34 7
34 21
34 108
34 275
34 431
34 342
34 338
34 251
34 113
34 300
34 426
34 390
34 346
34 372
34 95
34 261
34 356
34 232
34 223
34 435
34 326
34 177
34 448
95 3
95 13
95 81
95 82
95 351
95 177
95 163
95 259
95 374
95 182
95 448
95 103
95 149
95 213
95 264
95 261
95 363
95 269
95 171
95 262
95 368
95 334
95 441
95 447
95 369
261 67
261 90
261 94
261 129
261 139
261 157
261 163
261 169
261 173
261 182
261 205
261 213
261 214
261 239
261 247
261 430
261 448
261 362
261 353
261 434
261 337
261 443
261 264
261 315
261 320
309 17
309 38
309 43
309 51
309 105
309 141
309 151
309 153
309 165
309 197
309 211
309 232
309 237
309 255
309 263
309 292
309 345
309 347
309 378
309 321
309 435
309 326
309 436
309 357
165 7
165 33
165 43
165 51
165 58
165 76
165 88
165 89
165 93
165 102
165 107
165 109
165 128
165 139
165 141
165 314
165 253
165 272
165 433
165 321
165 197
165 338
165 298
165 372
165 262
165 424
165 362
165 436
165 292
165 448
165 304
165 313
165 346
165 192
141 14
141 55
141 58
141 63
141 117
141 134
141 139
141 304
141 158
141 273
141 285
141 272
141 433
141 207
141 413
141 429
141 338
141 182
141 170
141 387
141 362
141 395
141 299
141 280
141 297
141 423
141 224
335 22
335 23
335 63
335 109
335 114
335 124
335 188
335 211
335 249
335 277
335 297
335 299
335 334
335 373
335 363
335 368
335 449
335 339
335 377
335 338
338 25
338 81
338 86
338 112
338 117
338 124
338 136
338 150
338 151
338 181
338 189
338 195
338 206
338 214
338 221
338 227
338 235
338 279
338 280
338 304
338 316
338 320
338 321
338 337
338 369
338 394
338 370
338 421
338 371
338 342
338 411
124 7
124 15
124 80
124 105
124 108
124 113
124 117
124 223
124 375
124 171
124 172
124 195
124 350
124 316
124 221
124 242
124 215
124 182
124 240
124 201
124 407
124 333
124 235
124 136
155 8
155 11
155 28
155 88
155 92
155 101
155 109
155 114
155 148
155 191
155 313
155 272
155 224
155 281
155 172
155 449
155 447
155 258
155 267
155 334
155 257
155 303
155 339
155 177
155 358
155 437
155 359
155 357
155 353
155 409
155 371
155 248
155 294
371 40
371 45
371 58
371 74
371 78
371 92
371 123
371 148
371 164
371 182
371 248
371 253
371 265
371 269
371 270
371 272
371 274
371 294
371 328
371 334
371 348
371 362
371 384
248 24
248 25
248 60
248 61
248 86
248 91
248 112
248 114
248 140
248 145
248 196
248 200
248 204
248 227
248 384
248 306
248 376
248 337
248 365
248 342
248 294
294 23
294 41
294 46
294 60
294 122
294 133
294 136
294 138
294 150
294 167
294 177
294 222
294 232
294 236
294 240
294 243
294 275
294 420
294 363
294 347
294 436
294 358
3 331
3 211
3 25
3 176
3 300
3 156
3 386
3 107
3 415
3 41
3 200
3 106
3 332
3 345
3 161
3 189
3 441
3 447
3 125
3 46
3 222
3 369
3 390
3 436
3 112
3 279
331 29
331 30
331 88
331 89
331 93
331 140
331 145
331 152
331 183
331 189
331 242
331 254
331 255
331 260
331 273
331 278
331 288
331 314
331 422
331 370
331 364
331 332
331 378
211 14
211 22
211 58
211 59
211 73
211 87
211 105
211 112
211 163
211 173
211 177
211 183
211 202
211 215
211 348
211 443
211 447
211 353
211 440
211 339
211 234
211 267
211 220
211 438
211 445
211 382
211 253
211 269
211 357
211 263
25 317
25 57
25 283
25 446
25 252
25 148
25 52
25 293
25 32
25 86
25 227
25 132
25 173
25 372
25 123
25 434
25 266
25 183
25 176
25 147
25 337
25 398
25 234
25 412
25 308
25 224
25 356
25 322
176 19
176 57
176 118
176 128
176 135
176 147
176 384
176 214
176 237
176 409
176 417
176 293
176 360
176 203
176 250
176 327
176 189
300 29
300 43
300 63
300 66
300 72
300 78
300 88
300 113
300 129
300 132
300 139
300 144
300 156
300 222
300 237
300 254
300 263
300 289
300 364
300 369
300 398
300 317
300 426
300 336
300 402
156 42
156 64
156 83
156 88
156 94
156 114
156 129
156 132
156 149
156 173
156 190
156 358
156 404
156 312
156 258
156 279
156 188
156 184
156 222
156 303
156 429
156 410
156 278
156 399
156 185
156 402
156 289
156 263
386 39
386 54
386 60
386 64
386 65
386 107
386 175
386 189
386 197
386 222
386 224
386 273
386 283
386 285
386 290
386 423
107 51
107 93
107 105
107 166
107 363
107 179
107 280
107 364
107 391
107 183
107 225
107 189
415 24
415 41
415 66
415 74
415 123
415 131
415 134
415 139
415 147
415 188
415 222
415 233
415 237
415 246
415 249
415 267
415 322
415 358
415 359
415 364
415 369
415 401
415 426
415 418
41 19
41 305
41 402
41 420
41 337
41 273
41 195
41 427
41 438
41 42
41 132
41 83
41 314
41 433
41 153
41 129
41 80
41 157
41 343
41 222
41 369
41 190
41 312
41 258
41 244
200 16
200 24
200 54
200 59
200 106
200 108
200 118
200 169
200 196
200 286
200 218
200 394
200 228
200 279
200 332
200 342
200 252
200 418
200 429
106 4
106 39
106 59
106 85
106 90
106 242
106 152
106 422
106 283
106 315
106 339
106 183
106 310
106 228
106 279
106 332
332 14
332 30
332 65
332 85
332 93
332 109
332 140
332 145
332 183
332 189
332 210
332 216
332 250
332 260
332 273
332 284
332 310
332 441
332 370
332 364
332 365
332 446
345 28
345 38
345 71
345 89
345 103
345 112
345 161
345 189
345 212
345 222
345 239
345 251
345 263
345 297
345 298
345 299
345 312
345 314
345 341
345 387
345 424
345 431
161 5
161 17
161 38
161 39
161 88
161 103
161 115
161 120
161 144
161 149
161 374
161 364
161 235
161 340
161 402
161 379
161 398
161 299
161 222
161 189
161 312
161 239
161 230
161 197
161 173
161 234
189 11
189 35
189 52
189 57
189 66
189 102
189 113
189 118
189 121
189 125
189 147
189 151
189 215
189 228
189 241
189 337
189 370
189 401
189 272
189 343
189 395
189 280
189 411
189 270
189 190
189 222
189 220
189 250
189 327
441 44
441 87
441 90
441 144
441 173
441 177
441 188
441 193
441 205
441 210
441 242
441 263
441 267
441 269
441 320
441 357
441 363
441 369
441 399
441 430
441 443
441 447
447 4
447 93
447 101
447 114
447 183
447 269
447 273
447 274
447 289
447 326
447 363
447 369
447 425
447 435
447 436
447 445
447 449
125 8
125 43
125 46
125 47
125 63
125 74
125 89
125 102
125 109
125 122
125 123
125 226
125 232
125 403
125 299
125 298
125 408
125 184
125 288
125 414
125 147
125 406
125 392
125 318
125 316
125 253
125 222
125 369
46 10
46 15
46 19
46 39
46 42
46 273
46 419
46 312
46 239
46 359
46 83
46 240
46 132
46 79
46 350
46 63
46 414
46 402
46 235
46 363
46 449
46 222
46 369
222 24
222 65
222 93
222 94
222 109
222 145
222 183
222 184
222 279
222 410
222 274
222 225
222 355
222 381
222 273
222 284
222 271
222 235
222 363
222 449
222 369
369 30
369 52
369 102
369 112
369 113
369 116
369 118
369 120
369 207
369 210
369 228
369 231
369 241
369 251
369 272
369 277
369 282
369 325
369 341
369 343
369 351
369 390
369 411
369 437
369 416
369 395
390 7
390 8
390 29
390 43
390 51
390 63
390 76
390 112
390 118
390 139
390 144
390 163
390 166
390 193
390 197
390 231
390 254
390 259
390 279
390 282
390 283
390 303
390 321
390 346
390 364
390 372
390 382
390 411
390 407
390 399
390 436
436 50
436 93
436 109
436 112
436 158
436 160
436 163
436 177
436 275
436 279
436 292
436 304
436 358
436 374
436 382
436 385
436 448
112 5
112 93
112 109
112 273
112 115
112 384
112 321
112 289
112 114
112 158
112 149
112 285
112 206
112 379
112 120
112 431
112 279
279 101
279 113
279 118
279 157
279 228
279 337
279 343
279 290
4 40
4 130
4 298
4 116
4 152
4 188
4 413
4 206
4 202
4 272
4 183
4 310
4 296
4 392
4 277
4 400
4 220
4 391
4 197
4 157
4 73
4 290
4 361
4 387
4 408
40 8
40 11
40 234
40 191
40 233
40 126
40 347
40 396
40 293
40 216
40 267
40 344
40 281
40 262
40 133
40 114
40 257
40 303
40 362
40 173
40 54
130 21
130 63
130 73
130 111
130 117
130 344
130 339
130 288
130 381
130 291
130 212
130 139
130 201
130 407
130 153
130 399
298 61
298 71
298 94
298 102
298 126
298 140
298 184
298 212
298 225
298 265
298 274
298 400
298 364
298 325
298 346
298 437
298 365
298 327
116 54
116 60
116 65
116 69
116 113
116 344
116 290
116 285
116 403
116 400
116 282
152 8
152 69
152 80
152 249
152 260
152 259
152 188
152 370
152 344
152 349
152 285
152 216
152 368
152 359
152 446
152 434
152 221
152 278
188 42
188 51
188 69
188 184
188 391
188 262
188 226
188 429
188 205
188 364
188 430
188 267
188 377
188 249
413 16
413 26
413 65
413 69
413 90
413 94
413 135
413 184
413 191
413 207
413 212
413 249
413 251
413 265
413 274
413 310
413 320
413 322
413 339
413 340
413 361
413 400
413 437
413 432
413 429
206 22
206 39
206 54
206 59
206 60
206 118
206 158
206 168
206 173
206 175
206 202
206 348
206 290
206 382
206 400
206 292
206 285
206 379
202 5
202 60
202 78
202 91
202 115
202 120
202 168
202 170
202 321
202 348
202 400
202 244
202 431
202 258
202 239
202 350
202 220
202 438
202 225
202 339
272 14
272 50
272 73
272 163
272 195
272 220
272 253
272 265
272 269
272 270
272 359
272 433
272 395
272 274
272 325
272 343
183 94
183 105
183 111
183 131
183 140
183 320
183 391
183 215
183 271
183 184
183 305
183 310
183 210
183 230
183 431
183 274
183 225
183 266
183 337
183 364
310 16
310 57
310 78
310 114
310 131
310 147
310 221
310 234
310 286
310 311
310 342
310 401
310 417
310 427
310 339
310 358
310 376
296 32
296 33
296 60
296 65
296 122
296 123
296 175
296 179
296 212
296 218
296 244
296 285
296 290
296 293
296 394
296 302
296 400
296 392
296 313
296 404
296 403
392 10
392 14
392 23
392 48
392 71
392 109
392 113
392 120
392 138
392 139
392 170
392 181
392 184
392 203
392 204
392 228
392 230
392 240
392 284
392 285
392 291
392 293
392 318
392 340
392 364
392 408
392 434
392 400
392 411
392 406
277 14
277 48
277 76
277 105
277 191
277 228
277 274
277 416
277 318
277 411
277 301
277 400
277 408
400 26
400 114
400 118
400 293
400 344
400 387
400 403
400 408
220 13
220 73
220 92
220 102
220 114
220 118
220 121
220 123
220 128
220 133
220 143
220 192
220 197
220 339
220 403
220 288
220 344
220 301
220 267
220 391
220 438
220 274
391 64
391 69
391 105
391 197
391 203
391 215
391 234
391 262
391 278
391 283
391 349
391 352
391 368
391 373
391 374
391 377
391 440
391 445
197 51
197 64
197 103
197 144
197 149
197 154
197 166
197 170
197 175
197 190
197 193
197 225
197 419
197 364
197 234
197 445
197 280
197 373
197 230
197 283
197 414
157 73
157 80
157 85
157 150
157 151
157 364
157 376
157 205
157 349
157 255
157 433
157 343
157 250
157 266
157 253
157 449
157 320
157 163
157 169
73 47
73 50
73 184
73 162
73 311
73 387
73 364
73 94
73 315
73 376
73 267
73 274
290 26
290 27
290 54
290 58
290 59
290 63
290 118
290 122
290 164
290 169
290 212
290 343
290 394
290 302
290 418
290 313
290 404
290 361
290 387
290 408
361 27
361 52
361 54
361 58
361 63
361 65
361 117
361 142
361 144
361 207
361 269
361 429
361 418
361 379
361 410
361 412
361 387
361 408
387 14
387 26
387 48
387 50
387 89
387 136
387 138
387 163
387 170
387 179
387 225
387 228
387 230
387 251
387 253
387 285
387 359
387 364
387 433
387 408
408 52
408 94
408 162
408 167
408 184
408 230
408 260
408 274
408 306
408 364
408 375
408 410
5 39
5 292
5 48
5 382
5 302
5 259
5 341
5 218
5 251
5 149
5 282
5 374
5 258
5 213
5 264
5 431
5 71
5 32
5 303
5 17
5 173
5 234
39 38
39 153
39 160
39 237
39 378
39 365
39 356
39 340
39 132
39 263
39 250
39 86
39 227
39 275
39 346
39 102
39 412
39 430
39 232
39 43
39 185
39 402
39 285
39 292
39 60
292 29
292 63
292 65
292 88
292 91
292 110
292 129
292 224
292 285
292 321
292 431
292 440
292 448
292 304
48 14
48 16
48 105
48 351
48 284
48 191
48 71
48 420
48 131
48 52
48 90
48 196
48 425
48 167
48 210
48 81
48 162
48 374
48 340
382 60
382 163
382 169
382 175
382 253
382 269
382 321
382 343
382 354
382 433
382 431
382 449
382 445
302 10
302 35
302 38
302 49
302 65
302 66
302 71
302 128
302 181
302 218
302 224
302 235
302 239
302 285
302 398
302 410
302 340
302 308
302 394
302 411
302 304
302 406
302 409
259 30
259 42
259 56
259 76
259 87
259 163
259 168
259 185
259 215
259 365
259 421
259 377
259 372
259 275
259 326
259 325
259 262
259 278
341 28
341 29
341 89
341 94
341 113
341 115
341 120
341 144
341 149
341 230
341 234
341 282
341 283
341 293
341 340
341 364
341 379
218 21
218 35
218 59
218 77
218 80
218 126
218 149
218 185
218 192
218 365
218 375
218 251
218 419
218 280
218 411
218 239
218 285
218 225
218 245
218 412
218 401
218 417
251 27
251 117
251 120
251 139
251 149
251 207
251 230
251 235
251 238
251 297
251 299
251 418
251 429
251 319
251 353
149 71
149 80
149 82
149 103
149 213
149 443
149 365
149 328
149 275
149 431
149 185
149 401
149 417
149 230
282 10
282 11
282 23
282 45
282 105
282 110
282 113
282 121
282 140
282 203
282 215
282 231
282 236
282 440
282 346
282 384
282 374
282 293
374 16
374 66
374 81
374 105
374 158
374 162
374 163
374 167
374 185
374 210
374 273
374 275
374 342
374 365
374 425
258 61
258 64
258 65
258 92
258 101
258 154
258 160
258 170
258 190
258 244
258 245
258 250
258 317
258 427
258 431
258 260
258 312
258 334
213 32
213 59
213 61
213 66
213 85
213 140
213 147
213 170
213 171
213 190
213 372
213 257
213 419
213 426
213 239
213 350
213 226
213 431
213 360
213 356
213 262
213 354
213 264
213 411
264 21
264 47
264 91
264 160
264 185
264 245
264 250
264 266
264 327
264 365
264 446
264 422
264 433
264 431
264 362
264 322
431 22
431 94
431 120
431 173
431 230
431 244
431 263
431 340
431 379
431 438
71 14
71 32
71 38
71 429
71 254
71 122
71 133
71 340
71 358
71 204
71 230
71 212
71 424
71 139
71 120
71 115
71 303
32 24
32 66
32 240
32 123
32 154
32 69
32 239
32 49
32 181
32 235
32 291
32 170
32 411
32 406
32 339
32 410
32 115
32 429
32 230
32 303
32 285
32 33
32 244
303 11
303 69
303 150
303 210
303 230
303 231
303 236
303 249
303 257
303 262
303 406
303 410
303 339
303 429
303 372
17 353
17 378
17 108
17 214
17 50
17 288
17 385
17 166
17 79
17 280
17 51
17 173
17 234
173 20
173 22
173 54
173 90
173 91
173 120
173 132
173 137
173 144
173 247
173 357
173 205
173 242
173 234
173 362
234 15
234 58
234 105
234 120
234 195
234 221
234 285
234 375
234 422
234 242
234 356
234 412
234 398
234 283
372 33
372 69
372 121
372 123
372 164
372 231
372 236
372 249
372 284
372 346
372 349
372 445
372 434
372 424
54 20
54 26
54 27
54 283
54 110
54 132
54 425
54 196
54 72
54 135
54 291
54 417
54 398
54 410
54 412
54 63
54 362
54 58
449 28
449 81
449 101
449 102
449 138
449 162
449 210
449 235
449 236
449 245
449 250
449 253
449 266
449 267
449 270
449 315
449 363
449 365
449 368
449 421
449 425
449 437
379 52
379 86
379 88
379 91
379 93
379 160
379 166
379 177
379 203
379 227
379 250
379 285
379 318
379 340
379 346
379 356
379 402
379 446
340 38
340 212
340 269
340 318
115 102
115 228
225 13
225 49
225 59
225 78
225 102
225 164
225 184
225 243
225 384
225 377
225 274
225 297
225 339
184 35
184 42
184 102
184 131
184 337
184 215
184 301
184 271
184 305
184 221
184 242
110 49
110 59
110 92
110 102
110 443
110 283
110 301
110 164
110 117
110 333
110 394
110 169
110 182
110 243
110 121
110 113
102 11
102 28
102 45
102 90
102 440
102 236
102 275
102 346
102 354
102 270
102 395
102 231
102 121
102 118
7 191
7 325
7 55
7 411
7 304
7 129
7 223
7 384
7 45
7 269
7 160
7 133
7 24
7 440
7 416
7 403
7 43
7 399
7 76
7 313
7 109
191 14
191 45
191 72
191 160
191 270
191 394
191 385
191 238
191 434
191 233
191 254
191 265
191 432
191 249
325 24
325 44
325 56
325 67
325 88
325 134
325 172
325 236
325 249
325 257
325 262
325 278
325 437
325 364
325 343
325 416
325 423
55 24
55 51
55 321
55 364
55 231
55 411
55 249
55 138
55 359
55 247
55 83
55 134
55 139
55 182
411 33
411 49
411 59
411 60
411 122
411 128
411 170
411 228
411 280
411 285
411 313
411 318
411 354
411 395
411 409
411 419
411 433
304 10
304 56
304 67
304 72
304 100
304 108
304 113
304 182
304 190
304 223
304 236
304 280
304 370
304 406
304 333
304 352
304 448
129 38
129 43
129 67
129 80
129 122
129 170
129 378
129 260
129 232
129 350
129 347
129 440
129 406
129 245
129 201
129 407
129 153
129 315
129 132
129 263
223 11
223 20
223 21
223 100
223 205
223 214
223 394
223 347
223 356
223 232
384 11
384 23
384 45
384 122
384 133
384 135
384 138
384 235
384 315
384 358
384 363
384 377
384 406
45 11
45 274
45 362
45 133
45 357
45 353
45 49
45 101
45 267
45 278
45 123
45 164
45 354
269 28
269 76
269 143
269 160
269 171
269 242
269 250
269 253
269 262
269 266
269 442
269 416
269 430
269 351
269 446
269 363
269 270
269 445
269 320
269 368
160 44
160 76
160 88
160 92
160 154
160 203
160 346
160 318
160 166
160 377
160 362
160 334
133 11
133 24
133 60
133 114
133 117
133 122
133 232
133 351
133 420
133 181
133 416
133 347
133 150
133 235
133 406
24 358
24 316
24 66
24 363
24 235
24 406
24 416
24 145
24 61
24 196
24 342
440 14
440 19
440 43
440 56
440 121
440 134
440 236
440 244
440 301
440 347
440 352
440 354
440 357
440 362
440 403
440 416
440 438
416 44
416 100
416 143
416 148
416 210
416 228
416 252
416 318
416 354
416 403
416 418
416 435
416 423
403 15
403 29
403 66
403 90
403 122
403 135
403 175
403 232
403 237
403 291
403 299
403 347
403 351
403 385
403 406
43 21
43 356
43 445
43 66
43 237
43 350
43 347
43 321
43 406
43 122
43 232
43 185
43 76
43 399
399 76
399 85
399 132
399 153
399 175
399 182
399 201
399 263
399 265
399 355
399 357
399 378
399 445
399 407
76 8
76 50
76 308
76 123
76 434
76 385
76 254
76 275
76 143
76 313
76 109
313 15
313 19
313 44
313 60
313 109
313 121
313 122
313 131
313 134
313 136
313 224
313 232
313 237
313 289
313 305
313 347
313 401
313 404
109 11
109 65
109 93
109 270
109 425
109 172
109 203
109 360
109 111
109 271
109 245
109 381
109 402
109 181
109 406
109 318
109 365
109 446
8 377
8 262
8 344
8 74
8 395
8 42
8 164
8 254
8 101
8 267
8 446
8 434
377 50
377 51
377 166
377 249
377 278
377 349
377 368
377 445
262 33
262 35
262 56
262 61
262 169
262 171
262 375
262 396
262 349
262 315
262 286
262 281
262 354
262 424
262 334
262 278
262 320
262 368
344 13
344 42
344 123
344 233
344 396
74 13
74 35
74 66
74 226
74 238
74 215
74 395
74 305
74 401
74 396
74 425
74 376
74 427
74 270
74 92
74 348
74 147
74 123
395 63
395 118
395 123
395 231
395 297
395 299
395 343
395 414
395 409
42 15
42 19
42 433
42 164
42 80
42 271
42 368
42 278
42 245
42 381
164 13
164 117
164 123
164 142
164 233
164 257
164 238
164 315
164 376
164 247
254 13
254 30
254 120
254 123
254 151
254 210
254 233
254 257
254 348
254 326
254 357
254 336
254 271
254 312
101 87
101 385
101 278
101 228
101 334
101 273
101 284
101 265
101 177
101 358
101 114
101 357
101 353
101 409
101 270
101 267
101 368
267 89
267 163
267 205
267 210
267 215
267 216
267 343
267 364
267 430
267 278
267 349
267 375
267 270
267 326
267 368
267 359
446 93
446 108
446 135
446 140
446 214
446 242
446 250
446 273
446 284
446 360
446 365
446 422
446 434
434 27
434 67
434 123
434 136
434 181
434 205
434 233
434 238
434 257
434 385
285 14
285 26
285 27
285 33
285 117
285 143
285 158
285 207
285 239
285 244
285 253
285 273
285 278
285 349
285 359
343 35
343 47
343 80
343 201
343 241
195 14
195 28
195 89
195 131
195 163
195 349
195 311
195 228
195 273
195 232
195 427
195 438
195 221
195 401
195 327
131 52
131 64
131 79
131 80
131 85
131 190
131 322
131 134
131 142
131 148
131 409
131 412
131 420
131 305
131 232
442 28
442 56
442 90
442 93
442 118
442 150
442 166
442 171
442 205
442 260
442 265
442 281
442 286
442 354
442 375
442 396
228 15
228 21
228 52
228 162
228 167
228 205
228 210
228 385
113 15
113 57
113 66
113 166
113 221
113 394
113 171
113 172
113 426
113 305
113 401
113 190
113 121
15 14
15 291
15 201
15 316
15 137
15 58
15 168
15 239
15 349
15 136
15 232
15 406
15 122
15 226
15 108
15 394
231 38
231 118
231 158
231 170
231 192
231 424
231 280
118 11
118 270
118 121
118 250
118 327
105 14
105 58
105 182
105 153
105 443
105 239
105 349
105 357
105 263
105 121
105 203
105 301
105 308
105 314
301 14
301 143
301 215
301 239
301 349
301 333
301 445
301 394
301 443
301 308
301 314
301 359
316 22
316 47
316 83
316 89
316 134
316 137
316 227
316 235
316 240
316 253
316 263
316 317
316 348
316 404
316 350
316 333
316 407
316 423
227 86
227 91
227 114
227 135
227 158
227 201
227 204
227 426
227 250
227 284
227 420
227 311
10 414
10 419
10 136
10 27
10 172
10 402
10 108
10 406
10 168
10 79
10 226
414 35
414 51
414 58
414 63
414 100
414 170
414 215
414 236
414 252
414 280
414 283
414 288
414 398
414 406
414 417
419 100
419 103
419 190
419 192
419 241
419 280
419 357
419 370
419 443
419 426
136 27
136 52
136 117
136 350
136 297
136 412
136 142
136 322
136 349
136 179
136 238
136 423
136 404
136 359
136 240
136 232
136 235
27 26
27 238
27 418
27 58
172 19
172 23
172 35
172 56
172 61
172 100
172 144
172 171
172 203
172 224
172 281
172 205
172 210
172 364
172 396
172 293
402 79
402 88
402 114
402 185
402 204
402 245
402 271
402 289
402 350
402 358
402 381
402 448
108 51
108 80
108 205
108 171
108 352
108 250
108 214
108 221
108 242
108 226
108 394
406 122
406 212
406 235
406 240
406 288
406 293
406 318
406 339
406 350
406 354
168 60
168 79
168 87
168 92
168 100
168 427
168 169
168 349
168 226
168 215
168 326
79 51
79 61
79 278
79 100
79 321
79 190
79 437
79 280
79 370
79 226
226 14
226 23
226 59
226 103
226 293
226 240
226 429
226 239
226 235
226 350
226 394
11 167
11 77
11 347
11 333
11 214
11 114
11 33
11 154
11 385
11 257
11 354
11 437
11 28
11 359
11 270
167 16
167 19
167 94
167 126
167 138
167 145
167 205
167 351
167 260
167 241
167 236
167 318
167 425
77 16
77 35
77 38
77 59
77 398
77 351
77 260
77 210
77 236
77 308
77 404
77 126
347 16
347 44
347 90
347 126
347 134
347 150
347 236
347 241
347 315
347 351
333 21
333 72
333 81
333 100
333 121
333 182
333 196
333 201
333 214
333 215
333 240
333 246
333 270
333 394
333 412
333 350
333 407
214 72
214 90
214 117
214 181
214 182
214 205
214 385
214 271
214 360
214 232
214 270
214 246
214 412
214 250
214 242
114 23
114 26
114 65
114 86
114 91
114 286
114 363
114 425
114 376
114 365
114 342
114 177
114 358
33 147
33 64
33 150
33 430
33 80
33 241
33 142
33 346
33 170
33 257
33 154
33 424
33 334
33 425
33 376
33 244
154 22
154 91
154 100
154 143
154 148
154 430
154 373
154 250
154 266
154 257
154 362
154 263
385 123
385 166
385 346
257 16
257 30
257 44
257 123
257 169
257 205
257 210
257 236
257 239
257 241
257 249
257 430
257 351
257 339
257 364
354 81
354 170
354 171
354 207
354 212
354 260
354 281
354 306
354 350
354 438
354 433
354 375
354 432
437 16
437 28
437 35
437 90
437 100
437 126
437 134
437 143
437 179
437 210
437 236
437 241
437 265
437 274
437 351
437 359
28 212
28 179
28 351
28 255
28 90
28 286
28 205
28 171
28 359
28 210
28 236
28 401
28 327
28 89
359 26
359 80
359 117
359 138
359 140
359 143
359 145
359 215
359 216
359 235
359 241
359 253
359 322
359 326
359 327
359 401
359 368
270 58
270 64
270 72
270 78
270 82
270 92
270 153
270 253
270 357
270 297
270 362
270 317
270 438
270 348
270 281
270 373
270 368
346 44
346 50
346 128
346 139
346 192
346 203
346 275
346 424
288 20
288 29
288 50
288 166
288 171
288 215
288 237
288 242
288 401
288 381
288 352
288 299
299 35
299 56
299 63
299 117
299 135
299 215
299 216
299 232
299 237
299 291
299 293
299 297
299 305
299 396
215 13
215 56
215 87
215 92
215 143
215 182
215 409
215 238
215 348
215 337
215 236
215 326
215 368
121 23
121 38
121 69
121 192
121 394
121 224
121 284
121 445
121 349
121 203
224 65
224 83
224 88
224 182
224 245
224 281
224 425
224 356
224 412
224 308
224 280
224 297
224 423
13 422
13 409
13 171
13 82
13 435
13 326
13 87
13 35
13 396
13 49
13 181
13 271
13 312
422 59
422 80
422 103
422 111
422 135
422 140
422 193
422 216
422 221
422 260
422 283
422 365
422 370
422 373
422 445
409 35
409 60
409 72
409 128
409 182
409 237
409 243
409 305
409 311
409 353
409 357
409 401
409 407
409 426
409 420
409 412
409 417
409 445
171 23
171 29
171 44
171 82
171 315
171 283
171 319
171 308
171 430
171 352
171 205
171 334
171 320
171 368
82 64
82 396
82 283
82 103
82 193
82 429
82 320
82 281
82 373
435 38
435 81
435 87
435 89
435 177
435 314
435 326
435 351
435 423
435 424
435 432
435 448
326 38
326 87
326 100
326 139
326 177
326 210
326 278
326 424
326 353
326 357
326 349
326 448
326 368
87 348
87 216
87 283
87 205
87 193
87 438
87 239
87 350
35 306
35 216
35 61
35 352
35 123
35 417
35 128
35 72
35 243
35 396
35 293
35 241
35 143
35 179
35 126
396 103
396 150
396 260
396 265
396 293
396 352
396 375
49 135
49 238
49 357
49 353
49 128
49 181
49 182
49 243
181 65
181 122
181 185
181 238
181 318
271 65
271 93
271 132
271 353
271 319
271 368
271 312
312 64
312 65
312 103
312 185
312 190
312 193
312 239
312 244
312 381
312 438
312 350
312 334
312 429
312 410
14 57
14 342
14 401
14 52
14 357
14 273
14 170
14 163
14 337
14 158
14 350
57 19
57 20
57 23
57 85
57 61
57 305
57 289
57 355
57 286
57 291
57 293
57 190
57 66
57 360
57 203
57 80
57 401
342 30
342 81
342 85
342 86
342 140
342 158
342 196
342 255
342 289
342 306
342 311
342 320
342 365
342 370
342 421
401 38
401 69
401 80
401 89
401 134
401 147
401 190
401 237
401 305
401 327
401 334
401 420
401 417
52 21
52 135
52 274
52 356
52 420
52 318
52 179
52 60
52 355
52 138
52 89
357 44
357 83
357 210
357 216
357 263
357 353
357 404
357 443
357 375
357 430
273 20
273 30
273 65
273 111
273 216
273 260
273 265
273 337
273 355
273 381
273 284
170 51
170 59
170 158
170 239
170 244
170 433
170 318
170 283
163 47
163 150
163 284
163 275
163 365
163 311
163 349
163 320
163 169
337 93
337 94
337 134
337 135
337 140
337 145
337 150
337 151
337 158
337 204
337 255
337 266
337 289
337 320
337 363
337 445
337 376
337 350
158 66
158 81
158 86
158 91
158 117
158 135
158 175
158 275
158 280
158 185
158 350
158 284
158 420
158 311
350 19
350 59
350 103
350 232
350 239
350 244
350 373
350 378
350 438
350 407
291 20
291 23
291 38
291 59
291 103
291 135
291 203
291 212
291 237
291 244
291 245
291 327
291 360
291 355
291 417
291 398
201 20
201 47
201 63
201 137
201 153
201 317
201 433
201 360
201 378
201 355
201 328
201 245
201 240
201 407
137 20
137 58
137 64
137 83
137 86
137 91
137 311
137 238
137 418
137 263
137 148
137 245
137 328
58 21
58 26
58 86
58 356
58 421
58 252
58 210
58 142
58 144
58 362
239 80
239 103
239 132
239 260
239 328
239 412
239 438
239 247
239 443
239 375
239 306
239 311
239 317
349 147
349 210
349 278
349 445
232 19
232 21
232 185
232 205
232 246
232 240
232 305
232 356
122 60
122 65
122 179
122 404
122 235
122 175
394 20
394 117
16 412
16 322
16 143
16 315
16 339
16 425
16 90
16 274
412 21
412 38
412 59
412 63
412 128
412 185
412 243
412 245
412 246
412 250
412 308
412 356
412 365
412 398
412 410
412 423
412 420
412 430
322 21
322 140
322 143
322 179
322 233
322 241
322 245
322 246
322 420
322 365
322 356
143 26
143 89
143 140
143 421
143 212
143 430
143 244
143 260
143 196
143 207
143 432
143 255
143 420
143 179
143 241
315 67
315 72
315 81
315 138
315 162
315 196
315 247
315 274
315 286
315 363
315 376
339 22
339 78
339 111
339 193
339 286
339 418
425 63
425 67
425 72
425 182
425 196
425 286
425 334
425 348
425 363
425 376
425 423
425 427
90 81
90 286
90 196
90 351
90 242
90 274
274 135
274 362
274 376
353 22
353 132
353 139
353 140
353 210
353 235
353 247
353 266
353 319
353 362
353 355
353 381
378 111
378 145
378 237
378 242
378 245
378 352
378 355
50 314
50 319
50 177
50 138
50 89
50 418
50 193
50 429
50 94
50 166
166 94
166 103
166 144
166 368
166 275
166 352
166 193
166 283
166 318
166 203
280 51
280 64
280 448
280 321
280 373
280 297
280 423
51 249
51 93
51 60
51 364
51 373
51 64
51 283
237 66
237 135
237 286
237 305
205 23
205 67
205 81
205 123
205 193
205 351
205 398
205 352
352 29
352 56
352 100
352 314
319 81
319 128
319 132
319 140
319 230
319 238
319 243
319 410
319 320
230 23
230 29
230 94
230 103
230 204
230 314
230 358
230 418
230 429
230 293
111 20
111 240
111 135
111 360
111 355
111 169
111 245
111 242
111 139
139 61
139 120
139 128
139 151
139 238
139 243
139 362
139 210
139 182
139 235
139 145
139 147
139 192
19 93
19 56
19 260
19 216
19 117
19 80
19 126
19 318
19 360
19 203
93 65
93 250
93 289
93 266
93 145
93 365
56 134
56 169
56 144
56 210
56 364
56 100
56 278
260 38
260 61
260 126
260 162
260 193
260 216
260 241
260 242
260 244
260 306
260 373
216 89
216 150
216 193
216 265
216 283
216 242
216 263
216 375
216 368
117 80
117 289
117 235
80 38
80 47
80 148
80 244
80 103
80 153
80 317
80 253
80 89
80 221
80 242
80 311
80 433
80 417
126 404
126 150
126 318
126 265
318 162
318 250
318 289
318 421
318 356
360 47
360 86
360 153
360 203
360 247
360 263
360 266
360 297
360 334
360 356
360 407
203 61
203 65
203 91
203 240
203 289
203 355
20 317
20 169
20 21
20 362
317 78
317 85
317 86
317 91
317 244
317 305
317 311
317 410
317 426
317 438
317 348
169 92
169 147
169 286
169 281
169 278
169 320
21 233
21 423
21 142
21 355
21 138
21 89
21 59
21 245
362 83
362 100
362 120
362 144
362 148
362 238
362 244
362 263
362 328
362 334
362 443
362 418
233 212
233 255
233 421
233 432
233 246
423 44
423 60
423 65
423 67
423 72
423 85
423 134
423 182
423 196
423 235
423 240
423 265
423 297
423 306
423 314
423 404
423 407
142 238
142 355
142 241
142 420
142 356
142 190
142 246
142 418
142 429
142 144
355 59
355 89
355 103
355 132
355 138
355 153
355 284
355 289
355 443
355 381
138 26
138 60
138 81
138 89
138 356
138 420
138 236
138 179
138 162
89 47
89 81
89 363
89 351
89 212
89 207
89 140
89 432
89 255
89 311
89 375
89 368
89 253
89 327
59 22
59 438
59 328
59 175
59 443
59 265
59 85
59 286
59 445
59 245
59 103
245 38
245 148
245 153
245 242
245 244
245 363
245 334
245 417
245 381
245 328
245 407
22 321
22 443
22 91
22 83
22 404
22 445
22 263
22 244
321 60
443 132
443 247
443 265
443 306
443 375
91 47
91 63
91 65
91 438
91 407
91 433
91 348
83 44
83 134
83 410
83 246
83 404
83 240
83 132
83 376
83 247
83 314
404 60
404 132
404 150
404 240
404 242
404 308
404 420
404 417
404 407
445 103
445 182
445 192
445 243
445 253
445 278
445 284
445 289
445 433
263 85
263 100
263 132
263 242
263 244
263 247
263 424
263 375
263 266
244 38
244 61
244 148
244 190
244 373
244 417
23 410
23 135
23 336
23 420
23 221
23 204
410 63
410 66
410 94
410 193
410 204
410 243
410 246
410 314
410 336
410 426
410 438
410 429
135 86
135 356
135 266
135 327
135 284
135 417
135 398
336 94
336 185
336 190
336 278
336 429
420 64
420 69
420 179
420 221
420 289
420 311
420 417
221 179
221 190
221 305
221 278
221 242
221 293
204 66
204 140
204 363
204 320
204 351
204 358
204 266
204 376
358 67
358 177
358 240
358 266
358 275
358 376
66 417
66 185
66 190
66 147
66 123
363 145
363 179
363 235
363 266
235 134
235 364
235 407
145 61
145 88
145 134
145 417
145 418
145 249
145 241
145 421
145 432
145 243
145 147
145 151
145 242
61 417
61 429
61 370
61 140
61 147
61 365
61 327
196 63
196 72
196 85
196 162
196 334
196 432
196 284
196 433
196 252
196 418
196 429
283 100
283 120
283 144
283 236
252 81
252 86
252 148
252 150
252 238
252 375
252 265
252 370
252 421
252 328
252 306
252 424
252 418
252 429
148 64
148 81
148 85
148 86
148 334
148 150
148 306
148 424
293 29
293 140
293 190
293 240
293 286
293 305
86 47
86 418
86 140
86 407
86 243
86 250
86 365
86 284
132 240
132 190
132 314
132 381
123 147
266 67
266 78
266 140
266 153
266 247
266 250
266 253
266 427
266 448
266 373
147 140
147 286
147 370
147 305
147 190
398 120
398 144
398 192
398 356
398 417
308 44
308 65
308 286
308 417
308 430
308 356
308 314
356 140
356 250
356 418
356 365
26 60
26 284
26 175
26 297
26 179
26 65
26 207
26 429
26 253
60 289
60 212
60 69
60 407
60 179
284 85
284 175
284 265
284 297
284 381
175 38
175 64
175 438
175 328
175 297
175 417
297 63
297 153
297 243
179 47
179 150
179 368
179 240
179 311
179 253
179 241
65 334
65 88
65 207
65 429
207 120
207 429
429 78
429 140
429 193
429 320
429 418
253 47
253 162
253 250
253 376
253 430
253 351
253 311
253 365
253 421
418 69
418 240
418 249
418 421
351 44
351 210
351 320
351 430
255 63
255 72
255 88
255 151
255 241
255 243
255 247
255 373
255 424
255 432
255 314
255 433
255 421
286 85
286 327
286 417
210 81
210 144
210 162
210 364
210 278
210 236
236 100
236 134
236 364
327 94
327 250
327 365
29 30
29 407
29 63
30 364
30 421
30 151
30 144
30 348
30 241
407 63
407 134
407 153
407 240
407 243
407 426
63 182
63 144
63 185
63 246
63 140
63 421
63 72
364 120
364 140
421 72
421 140
421 162
421 243
421 328
421 365
421 370
421 424
421 432
151 67
151 134
151 365
151 370
151 427
151 348
151 424
151 433
151 247
144 72
144 120
144 241
348 85
348 92
348 376
348 427
241 140
241 370
241 365
241 424
433 47
433 85
433 162
433 311
433 426
64 38
64 85
64 92
64 417
64 150
64 427
64 281
64 373
153 72
153 426
153 182
92 78
92 334
182 44
182 100
182 134
182 265
182 314
182 243
243 72
243 426
240 69
240 88
240 177
240 289
69 78
69 193
69 417
69 150
69 427
150 289
150 427
150 306
150 424
430 38
430 44
430 81
424 38
424 192
424 306
424 373
334 38
334 305
334 373
334 427
334 376
334 368
334 417
376 67
376 78
376 85
376 247
376 314
376 427
275 177
275 278
275 328
426 47
426 78
426 190
426 314
426 438
177 88
177 250
177 289
177 448
448 67
448 250
448 381
306 72
306 162
306 265
306 375
306 432
417 38
417 128
417 250
417 305
128 250
128 192
72 311
72 94
72 320
72 81
72 85
72 265
72 140
247 134
247 140
247 314
375 162
375 368
375 432
67 370
67 320
67 250
67 88
67 134
265 249
265 289
265 281
265 432
373 250
373 281
427 78
427 85
427 438
278 100
278 185
278 381
38 250
38 192
38 305
250 44
250 88
250 242
192 103
305 242
305 311
365 162
185 88
185 246
438 85
438 381
314 81
314 88
314 246
314 320
190 47
190 103
190 311
190 246
368 320
381 88
381 289
47 85
47 311
85 78
85 289
311 103
81 432
81 94
81 320
81 162
193 320
94 140
94 320
249 432
370 328
134 88
289 88
