450 8263
0 266
0 241
0 316
0 270
0 436
0 77
0 93
0 434
0 366
0 29
0 445
0 61
0 302
0 118
0 309
0 341
0 182
0 348
0 114
0 55
0 296
0 187
0 128
0 219
266 25
266 107
266 125
266 157
266 252
266 286
266 343
266 434
241 4
241 10
241 17
241 29
241 36
241 43
241 58
241 59
241 61
241 69
241 93
241 120
241 121
241 125
241 126
241 145
241 156
241 165
241 176
241 182
241 197
241 198
241 209
241 215
241 227
241 232
241 235
241 250
241 427
241 423
241 264
241 430
241 437
241 403
241 331
241 297
241 388
241 350
241 289
241 280
241 246
241 362
241 303
241 444
241 392
241 283
241 299
316 1
316 6
316 17
316 35
316 37
316 39
316 44
316 59
316 71
316 74
316 92
316 105
316 109
316 112
316 113
316 120
316 125
316 128
316 133
316 136
316 140
316 151
316 161
316 179
316 187
316 193
316 225
316 235
316 244
316 247
316 248
316 254
316 296
316 302
316 307
316 315
316 357
316 382
316 348
316 355
316 421
316 431
316 422
316 338
316 407
316 398
316 364
316 380
316 433
316 320
316 352
316 418
316 325
316 439
316 403
316 374
270 21
270 22
270 35
270 41
270 51
270 77
270 79
270 87
270 93
270 132
270 134
270 140
270 148
270 153
270 169
270 174
270 180
270 183
270 196
270 204
270 206
270 210
270 230
270 238
270 249
270 386
270 429
270 411
270 436
270 434
270 366
270 387
270 442
270 390
270 331
270 322
270 363
270 361
270 352
270 418
270 300
270 439
270 428
270 344
270 276
270 392
270 308
436 20
436 52
436 77
436 88
436 93
436 102
436 127
436 145
436 147
436 177
436 218
436 245
436 279
436 322
436 338
436 354
436 366
436 370
436 381
436 434
77 17
77 26
77 30
77 33
77 42
77 56
77 59
77 66
77 143
77 93
77 434
77 366
77 122
77 238
77 154
77 420
77 118
77 359
77 275
77 323
77 189
77 155
77 271
77 237
77 408
77 224
77 415
77 147
77 188
77 404
77 320
77 211
77 168
77 234
77 375
77 141
77 256
77 222
77 313
77 279
77 345
77 111
77 193
77 100
77 291
77 432
77 223
77 114
77 296
77 87
77 428
77 444
77 310
77 376
77 399
77 240
93 4
93 9
93 10
93 17
93 34
93 36
93 58
93 59
93 69
93 202
93 434
93 366
93 422
93 413
93 429
93 220
93 111
93 102
93 156
93 197
93 388
93 145
93 427
93 125
93 182
93 423
93 264
93 430
93 121
93 437
93 403
93 126
93 299
93 165
434 25
434 157
434 252
434 286
434 343
434 366
434 375
434 400
434 425
434 443
366 14
366 55
366 57
366 62
366 87
366 89
366 96
366 100
366 103
366 107
366 109
366 126
366 132
366 146
366 148
366 149
366 160
366 167
366 180
366 182
366 200
366 205
366 208
366 217
366 226
366 234
366 235
366 237
366 240
366 260
366 274
366 321
366 325
366 328
366 344
366 348
366 414
366 408
366 368
366 425
366 373
366 428
366 401
366 367
366 433
29 3
29 7
29 17
29 26
29 63
29 288
29 445
29 302
29 118
29 309
29 341
29 182
29 348
29 114
29 55
29 296
29 187
29 128
29 219
29 131
29 322
29 70
29 261
29 402
29 218
29 409
29 75
29 41
29 132
29 123
29 39
29 330
29 446
29 412
29 53
29 119
29 285
29 433
29 49
29 190
29 331
29 297
29 388
29 120
29 61
29 227
29 43
29 209
29 350
29 232
29 198
29 289
29 280
29 246
29 362
29 303
29 444
29 235
29 176
29 392
29 283
29 299
29 215
29 381
29 122
29 163
29 45
29 336
29 52
29 243
29 359
29 300
29 66
29 148
29 439
29 155
29 321
29 87
29 244
29 160
29 51
29 442
29 133
29 424
29 90
445 7
445 40
445 54
445 55
445 61
445 114
445 118
445 123
445 128
445 136
445 143
445 150
445 154
445 166
445 177
445 182
445 186
445 187
445 206
445 219
445 238
445 254
445 258
445 284
445 296
445 302
445 309
445 324
445 341
445 347
445 348
61 5
61 9
61 14
61 20
61 30
61 35
61 43
61 47
61 55
61 263
61 79
61 243
61 384
61 372
61 88
61 304
61 245
61 327
61 68
61 159
61 225
61 291
61 432
61 323
61 239
61 396
61 162
61 269
61 101
61 267
61 433
61 149
61 265
61 206
61 347
61 238
61 154
61 302
61 118
61 309
61 341
61 182
61 114
61 296
61 187
61 128
61 219
61 278
61 94
61 335
61 251
61 67
61 308
61 124
61 340
61 306
61 138
61 179
61 345
61 252
61 293
61 338
61 254
61 277
61 218
61 275
61 91
61 282
61 348
61 371
61 262
61 228
61 331
61 297
61 388
61 120
61 227
61 209
61 350
61 232
61 198
61 289
61 280
61 246
61 362
61 303
61 444
61 235
61 176
61 392
61 283
61 299
61 215
302 4
302 9
302 17
302 22
302 26
302 42
302 44
302 50
302 55
302 59
302 60
302 66
302 70
302 74
302 108
302 112
302 114
302 115
302 117
302 118
302 120
302 125
302 128
302 129
302 131
302 138
302 140
302 151
302 161
302 163
302 168
302 182
302 184
302 187
302 193
302 195
302 218
302 219
302 235
302 244
302 254
302 260
302 261
302 272
302 286
302 296
302 386
302 444
302 358
302 424
302 406
302 309
302 341
302 348
302 321
302 403
302 351
302 431
302 422
302 338
302 407
302 398
302 364
302 380
302 433
118 16
118 19
118 51
118 55
118 66
118 80
118 83
118 86
118 113
118 114
118 427
118 409
118 309
118 341
118 182
118 348
118 296
118 187
118 128
118 219
118 122
118 238
118 154
118 420
118 211
118 359
118 275
118 432
118 323
118 189
118 155
118 271
118 237
118 431
118 372
118 204
118 245
118 202
118 334
118 300
118 207
118 298
118 339
118 171
118 162
118 203
118 160
118 442
118 149
118 315
309 18
309 50
309 52
309 53
309 55
309 58
309 63
309 66
309 69
309 73
309 75
309 114
309 128
309 130
309 182
309 187
309 211
309 219
309 243
309 249
309 264
309 268
309 296
309 298
309 368
309 407
309 341
309 348
309 431
309 397
309 379
309 420
309 357
309 314
309 346
309 412
309 410
309 401
309 342
309 340
341 21
341 55
341 100
341 114
341 127
341 128
341 148
341 167
341 182
341 184
341 187
341 194
341 219
341 232
341 296
341 330
341 337
341 348
341 393
341 389
341 353
341 385
341 426
182 4
182 10
182 17
182 36
182 55
182 58
182 59
182 69
182 89
182 114
182 121
182 125
182 126
182 128
182 145
182 146
182 156
182 165
182 180
182 323
182 368
182 234
182 325
182 237
182 328
182 344
182 235
182 226
182 217
182 208
182 348
182 296
182 187
182 219
182 197
182 388
182 427
182 423
182 264
182 430
182 437
182 403
182 299
348 9
348 14
348 28
348 30
348 37
348 39
348 46
348 51
348 55
348 64
348 82
348 89
348 91
348 92
348 114
348 120
348 128
348 137
348 146
348 160
348 165
348 180
348 183
348 187
348 194
348 205
348 208
348 217
348 218
348 219
348 226
348 228
348 230
348 234
348 235
348 237
348 244
348 249
348 251
348 253
348 254
348 262
348 275
348 277
348 281
348 282
348 296
348 307
348 325
348 328
348 335
348 338
348 344
348 407
348 355
348 421
348 368
348 365
348 371
348 396
348 367
348 358
348 399
114 17
114 30
114 33
114 51
114 55
114 59
114 87
114 100
114 111
114 448
114 123
114 187
114 128
114 219
114 130
114 396
114 162
114 203
114 419
114 385
114 367
114 358
114 140
114 206
114 397
114 438
114 204
114 256
114 222
114 313
114 279
114 345
114 193
114 291
114 432
114 223
114 296
114 428
114 444
114 310
114 376
114 399
114 240
55 14
55 246
55 439
55 271
55 339
55 296
55 187
55 128
55 219
55 109
55 425
55 57
55 373
55 321
55 87
55 428
55 344
55 160
55 401
55 367
55 433
55 149
296 1
296 17
296 22
296 30
296 32
296 33
296 36
296 59
296 60
296 69
296 73
296 74
296 87
296 100
296 111
296 112
296 120
296 125
296 128
296 134
296 137
296 140
296 142
296 151
296 155
296 161
296 162
296 168
296 187
296 193
296 206
296 213
296 219
296 222
296 223
296 225
296 235
296 240
296 244
296 249
296 254
296 256
296 264
296 279
296 290
296 291
296 402
296 403
296 383
296 431
296 422
296 338
296 407
296 398
296 364
296 380
296 433
296 313
296 345
296 432
296 428
296 444
296 310
296 376
296 399
187 17
187 28
187 46
187 59
187 64
187 74
187 91
187 92
187 103
187 120
187 125
187 128
187 140
187 151
187 161
187 171
187 183
187 271
187 219
187 307
187 205
187 194
187 335
187 251
187 249
187 365
187 281
187 431
187 422
187 338
187 254
187 193
187 407
187 398
187 364
187 380
187 244
187 235
187 433
128 17
128 20
128 35
128 59
128 74
128 92
128 101
128 120
128 125
128 126
128 194
128 412
128 410
128 301
128 292
128 233
128 371
128 287
128 294
128 162
128 269
128 267
128 149
128 265
128 206
128 347
128 238
128 154
128 252
128 219
128 431
128 422
128 338
128 254
128 161
128 193
128 407
128 398
128 364
128 380
128 244
128 235
128 151
128 433
128 140
219 228
219 353
219 235
219 310
219 285
1 167
1 160
1 64
1 330
1 162
1 178
1 94
1 410
1 217
1 108
1 449
1 390
1 131
1 197
1 388
1 206
1 22
1 213
1 279
1 345
1 36
1 402
1 168
1 134
1 225
1 291
1 32
1 73
1 264
1 380
1 87
1 69
1 60
1 142
1 383
1 249
1 290
1 6
1 247
1 113
1 179
1 320
1 136
1 352
1 418
1 109
1 325
1 307
1 248
1 439
1 105
1 71
1 112
1 403
1 44
1 35
1 92
1 133
1 374
1 315
167 21
167 62
167 96
167 100
167 101
167 103
167 107
167 126
167 127
167 148
167 226
167 326
167 358
167 325
167 414
167 205
167 344
167 260
167 408
167 274
167 240
167 393
167 184
167 232
167 389
167 330
167 337
167 353
167 194
167 385
167 426
160 3
160 7
160 14
160 16
160 19
160 26
160 45
160 51
160 52
160 57
160 64
160 66
160 80
160 83
160 86
160 87
160 90
160 91
160 109
160 113
160 119
160 121
160 122
160 133
160 137
160 144
160 148
160 149
160 155
160 159
160 411
160 277
160 268
160 284
160 423
160 264
160 355
160 371
160 312
160 425
160 373
160 428
160 344
160 401
160 433
160 295
160 286
160 227
160 393
160 175
160 398
160 362
160 228
160 275
160 282
160 230
160 396
160 253
160 367
160 358
160 399
160 165
160 381
160 163
160 336
160 243
160 359
160 439
160 321
160 244
160 424
160 431
160 372
160 204
160 245
160 202
160 334
160 300
160 207
160 298
160 339
160 171
160 162
160 203
160 442
160 315
64 23
64 28
64 46
64 51
64 280
64 373
64 305
64 123
64 255
64 248
64 330
64 71
64 162
64 178
64 94
64 410
64 217
64 108
64 449
64 390
64 131
64 197
64 388
64 307
64 205
64 194
64 335
64 251
64 92
64 183
64 249
64 365
64 281
64 275
64 91
64 282
64 230
64 396
64 137
64 253
64 244
64 367
64 358
64 399
64 165
330 2
330 11
330 17
330 21
330 26
330 31
330 34
330 39
330 40
330 41
330 49
330 53
330 70
330 71
330 75
330 85
330 94
330 96
330 100
330 108
330 119
330 123
330 127
330 131
330 132
330 137
330 142
330 148
330 162
330 164
330 169
330 172
330 173
330 175
330 178
330 184
330 190
330 191
330 194
330 197
330 199
330 217
330 218
330 232
330 248
330 253
330 261
330 285
330 304
330 322
330 326
330 401
330 350
330 382
330 448
330 410
330 449
330 390
330 393
330 337
330 353
330 385
330 426
330 388
330 402
330 409
330 446
330 412
330 433
330 438
330 370
330 443
330 389
330 408
162 16
162 19
162 20
162 35
162 51
162 71
162 80
162 83
162 86
162 94
162 101
162 108
162 113
162 130
162 131
162 140
162 149
162 153
162 154
162 228
162 269
162 267
162 433
162 265
162 347
162 238
162 252
162 248
162 178
162 410
162 217
162 449
162 390
162 197
162 388
162 396
162 419
162 385
162 367
162 358
162 399
162 206
162 397
162 438
162 431
162 372
162 204
162 245
162 202
162 334
162 300
162 207
162 298
162 339
162 171
162 203
162 442
162 315
178 19
178 37
178 69
178 71
178 94
178 108
178 131
178 248
178 410
178 217
178 449
178 390
178 197
178 388
94 5
94 47
94 53
94 67
94 71
94 153
94 360
94 446
94 412
94 401
94 112
94 378
94 285
94 376
94 417
94 233
94 248
94 410
94 217
94 108
94 449
94 390
94 131
94 197
94 388
94 335
94 251
94 308
94 124
94 340
94 306
94 138
94 179
94 345
94 252
94 293
94 107
94 198
94 239
94 421
94 137
94 278
94 310
94 326
94 267
94 383
94 249
94 365
94 281
94 97
410 50
410 52
410 53
410 58
410 63
410 66
410 69
410 71
410 73
410 108
410 130
410 131
410 197
410 211
410 217
410 233
410 243
410 248
410 249
410 292
410 294
410 301
410 314
410 326
410 340
410 342
410 346
410 357
410 379
410 388
410 390
410 397
410 401
410 449
410 431
410 420
410 412
217 71
217 89
217 101
217 108
217 131
217 133
217 146
217 180
217 183
217 197
217 201
217 208
217 301
217 368
217 234
217 325
217 237
217 328
217 344
217 235
217 226
217 248
217 449
217 390
217 388
108 24
108 44
108 49
108 50
108 56
108 60
108 66
108 70
108 71
108 72
108 74
108 99
108 317
108 124
108 315
108 429
108 340
108 381
108 172
108 438
108 254
108 248
108 449
108 390
108 197
108 388
108 131
108 272
108 138
108 129
108 286
108 168
108 184
108 407
108 398
108 364
108 380
108 321
108 112
108 403
108 351
108 117
108 115
449 15
449 40
449 65
449 71
449 131
449 197
449 248
449 333
449 388
449 390
449 415
449 440
390 21
390 22
390 35
390 51
390 71
390 124
390 131
390 153
390 169
390 181
390 183
390 197
390 204
390 206
390 224
390 230
390 238
390 248
390 249
390 349
390 387
390 388
390 442
131 17
131 26
131 39
131 41
131 44
131 49
131 50
131 53
131 60
131 65
131 66
131 70
131 71
131 74
131 75
131 112
131 115
131 117
131 119
131 123
131 129
131 165
131 247
131 297
131 290
131 248
131 197
131 322
131 388
131 261
131 402
131 218
131 409
131 132
131 446
131 412
131 285
131 433
131 190
131 272
131 138
131 286
131 168
131 184
131 407
131 398
131 364
131 380
131 321
131 403
131 351
197 4
197 10
197 17
197 36
197 58
197 59
197 69
197 71
197 121
197 125
197 126
197 145
197 156
197 165
197 313
197 256
197 381
197 248
197 388
197 427
197 423
197 264
197 430
197 437
197 403
197 299
388 4
388 10
388 17
388 24
388 26
388 36
388 39
388 41
388 43
388 49
388 53
388 56
388 58
388 59
388 69
388 70
388 71
388 72
388 75
388 97
388 104
388 106
388 119
388 120
388 121
388 123
388 125
388 126
388 132
388 134
388 145
388 156
388 165
388 170
388 176
388 190
388 198
388 209
388 215
388 218
388 227
388 232
388 235
388 246
388 248
388 261
388 264
388 275
388 280
388 283
388 285
388 289
388 290
388 293
388 297
388 299
388 303
388 315
388 322
388 331
388 350
388 358
388 361
388 362
388 374
388 377
388 422
388 429
388 401
388 402
388 409
388 446
388 412
388 433
388 427
388 423
388 430
388 437
388 403
388 444
388 392
206 7
206 20
206 21
206 22
206 32
206 35
206 36
206 40
206 51
206 60
206 69
206 73
206 87
206 101
206 123
206 130
206 134
206 140
206 142
206 143
206 149
206 150
206 153
206 154
206 166
206 168
206 169
206 177
206 183
206 186
206 203
206 204
206 447
206 372
206 269
206 267
206 433
206 265
206 252
206 230
206 387
206 442
206 258
206 324
206 347
206 238
206 284
206 396
206 419
206 385
206 367
206 358
206 399
206 397
206 438
206 213
206 279
206 345
206 402
206 225
206 291
206 264
206 380
206 403
206 383
206 249
206 290
22 4
22 9
22 11
22 21
22 263
22 188
22 440
22 304
22 370
22 444
22 260
22 26
22 42
22 358
22 424
22 115
22 406
22 163
22 195
22 286
22 218
22 230
22 387
22 153
22 169
22 35
22 51
22 442
22 183
22 238
22 204
22 213
22 279
22 345
22 36
22 402
22 168
22 134
22 225
22 291
22 32
22 73
22 264
22 380
22 87
22 403
22 69
22 60
22 142
22 383
22 249
22 290
213 11
213 32
213 36
213 60
213 69
213 73
213 87
213 122
213 134
213 142
213 168
213 229
213 329
213 247
213 440
213 406
213 304
213 370
213 279
213 345
213 402
213 225
213 291
213 264
213 380
213 403
213 383
213 249
213 290
279 17
279 30
279 32
279 33
279 36
279 59
279 60
279 69
279 73
279 87
279 88
279 100
279 111
279 115
279 134
279 142
279 168
279 177
279 193
279 199
279 218
279 222
279 223
279 225
279 240
279 249
279 252
279 256
279 264
279 420
279 370
279 408
279 331
279 322
279 338
279 395
279 286
279 368
279 334
279 425
279 441
279 332
279 402
279 380
279 403
279 383
279 290
279 313
279 345
279 291
279 432
279 428
279 444
279 310
279 376
279 399
345 17
345 30
345 32
345 33
345 36
345 47
345 54
345 59
345 60
345 67
345 69
345 73
345 79
345 87
345 100
345 111
345 124
345 134
345 138
345 142
345 161
345 168
345 179
345 193
345 222
345 223
345 225
345 240
345 243
345 249
345 251
345 252
345 256
345 263
345 264
345 277
345 278
345 290
345 291
345 293
345 306
345 308
345 310
345 313
345 335
345 340
345 404
345 384
345 402
345 380
345 403
345 383
345 432
345 428
345 444
345 376
345 399
36 4
36 10
36 17
36 20
36 32
36 327
36 365
36 306
36 447
36 313
36 329
36 245
36 377
36 268
36 209
36 400
36 66
36 407
36 323
36 139
36 355
36 402
36 168
36 134
36 225
36 291
36 73
36 380
36 87
36 60
36 142
36 383
36 249
36 290
36 156
36 145
36 427
36 59
36 125
36 423
36 264
36 430
36 121
36 437
36 403
36 69
36 126
36 58
36 299
36 165
402 17
402 26
402 32
402 39
402 40
402 41
402 47
402 49
402 50
402 53
402 60
402 69
402 70
402 73
402 75
402 87
402 88
402 91
402 99
402 119
402 123
402 132
402 134
402 136
402 141
402 142
402 143
402 157
402 168
402 170
402 181
402 184
402 189
402 190
402 218
402 225
402 234
402 236
402 249
402 250
402 261
402 264
402 285
402 290
402 291
402 322
402 354
402 361
402 380
402 383
402 448
402 403
402 409
402 446
402 412
402 433
168 26
168 32
168 42
168 44
168 50
168 56
168 60
168 66
168 69
168 70
168 73
168 74
168 87
168 91
168 112
168 115
168 117
168 129
168 134
168 138
168 141
168 142
168 147
168 209
168 261
168 408
168 224
168 415
168 188
168 404
168 320
168 211
168 234
168 375
168 225
168 291
168 264
168 383
168 249
168 290
168 272
168 286
168 184
168 407
168 398
168 364
168 380
168 321
168 403
168 351
134 32
134 41
134 60
134 66
134 69
134 73
134 79
134 87
134 104
134 106
134 132
134 393
134 286
134 277
134 407
134 285
134 401
134 358
134 374
134 170
134 377
134 293
134 275
134 225
134 291
134 264
134 380
134 403
134 142
134 383
134 249
134 290
134 331
134 322
134 363
134 361
134 352
134 418
134 300
134 148
134 439
134 180
134 196
134 428
134 344
134 210
134 276
134 392
134 308
134 174
134 140
225 5
225 32
225 34
225 60
225 68
225 69
225 73
225 87
225 88
225 142
225 159
225 259
225 331
225 372
225 304
225 245
225 327
225 432
225 323
225 239
225 396
225 291
225 264
225 380
225 403
225 383
225 249
225 290
291 5
291 7
291 17
291 30
291 32
291 33
291 52
291 59
291 60
291 68
291 69
291 73
291 87
291 88
291 100
291 111
291 142
291 159
291 184
291 193
291 222
291 223
291 239
291 240
291 245
291 249
291 256
291 264
291 290
291 325
291 350
291 293
291 398
291 407
291 298
291 331
291 372
291 304
291 327
291 323
291 396
291 380
291 403
291 383
291 313
291 432
291 428
291 444
291 310
291 376
291 399
32 23
32 41
32 166
32 391
32 73
32 264
32 380
32 87
32 403
32 69
32 60
32 142
32 383
32 249
32 290
73 34
73 50
73 52
73 53
73 58
73 60
73 63
73 66
73 69
73 132
73 257
73 200
73 416
73 264
73 380
73 87
73 403
73 142
73 383
73 290
73 431
73 397
73 379
73 420
73 211
73 243
73 357
73 314
73 130
73 346
73 412
73 401
73 342
73 249
73 340
264 4
264 10
264 17
264 26
264 58
264 59
264 60
264 66
264 69
264 75
264 87
264 91
264 121
264 125
264 126
264 142
264 145
264 156
264 165
264 173
264 175
264 249
264 305
264 407
264 298
264 411
264 277
264 268
264 284
264 282
264 355
264 371
264 312
264 428
264 344
264 380
264 383
264 290
264 427
264 423
264 430
264 437
264 403
264 299
380 17
380 44
380 50
380 59
380 60
380 66
380 69
380 70
380 74
380 87
380 112
380 115
380 117
380 120
380 125
380 129
380 138
380 140
380 142
380 151
380 161
380 184
380 193
380 235
380 244
380 249
380 254
380 272
380 286
380 290
380 321
380 338
380 351
380 364
380 383
380 403
380 431
380 422
380 407
380 398
380 433
87 3
87 7
87 14
87 17
87 30
87 33
87 41
87 45
87 51
87 52
87 53
87 57
87 59
87 60
87 66
87 69
87 71
87 79
87 421
87 96
87 109
87 425
87 373
87 401
87 367
87 433
87 149
87 403
87 142
87 383
87 249
87 290
87 331
87 322
87 363
87 361
87 352
87 418
87 132
87 180
87 196
87 344
87 210
87 276
87 392
87 308
87 174
87 140
87 256
87 222
87 313
87 111
87 193
87 100
87 432
87 223
87 428
87 444
87 310
87 376
87 399
87 240
87 381
87 122
87 163
87 336
87 243
87 359
87 300
87 148
87 439
87 155
87 321
87 244
87 442
87 133
87 424
87 90
69 4
69 10
69 17
69 35
69 50
69 52
69 53
69 58
69 59
69 60
69 63
69 66
69 278
69 78
69 142
69 383
69 290
69 156
69 145
69 427
69 125
69 423
69 430
69 121
69 437
69 403
69 126
69 299
69 165
69 431
69 397
69 379
69 420
69 211
69 243
69 357
69 314
69 130
69 346
69 412
69 401
69 342
69 249
69 340
60 44
60 50
60 269
60 142
60 383
60 249
60 290
60 272
60 138
60 129
60 70
60 286
60 184
60 66
60 407
60 398
60 364
60 321
60 112
60 403
60 351
60 117
60 74
60 115
142 2
142 8
142 11
142 31
142 33
142 34
142 40
142 41
142 71
142 85
142 126
142 132
142 137
142 226
142 403
142 383
142 249
142 290
142 172
142 438
142 304
142 370
142 443
142 175
142 173
142 389
142 253
142 169
142 326
142 408
142 199
383 5
383 97
383 107
383 137
383 198
383 239
383 249
383 267
383 278
383 281
383 290
383 310
383 324
383 326
383 349
383 365
383 421
383 403
249 5
249 17
249 21
249 28
249 35
249 46
249 50
249 51
249 52
249 53
249 58
249 63
249 66
249 91
249 92
249 97
249 107
249 130
249 137
249 153
249 169
249 183
249 194
249 198
249 204
249 205
249 210
249 211
249 230
249 238
249 239
249 243
249 315
249 415
249 344
249 408
249 387
249 442
249 307
249 335
249 251
249 421
249 278
249 310
249 326
249 267
249 365
249 281
249 403
249 290
249 431
249 397
249 379
249 420
249 357
249 314
249 346
249 412
249 401
249 342
249 340
290 24
290 49
290 104
290 106
290 149
290 170
290 274
290 275
290 285
290 401
290 392
290 358
290 374
290 322
290 361
290 377
290 293
290 403
6 322
6 440
6 247
6 113
6 179
6 320
6 136
6 352
6 418
6 109
6 325
6 307
6 248
6 439
6 105
6 71
6 112
6 403
6 44
6 35
6 92
6 133
6 374
6 315
247 35
247 44
247 71
247 92
247 105
247 109
247 112
247 113
247 133
247 136
247 163
247 179
247 238
247 356
247 320
247 352
247 418
247 325
247 307
247 248
247 439
247 403
247 374
247 315
113 16
113 19
113 27
113 35
113 44
113 51
113 71
113 80
113 83
113 86
113 92
113 105
113 109
113 111
113 112
113 172
113 304
113 229
113 120
113 368
113 431
113 372
113 204
113 245
113 202
113 334
113 300
113 207
113 298
113 339
113 171
113 203
113 442
113 149
113 179
113 320
113 136
113 352
113 418
113 325
113 307
113 248
113 439
113 403
113 133
113 374
113 315
179 13
179 35
179 44
179 47
179 49
179 67
179 71
179 72
179 92
179 105
179 109
179 112
179 124
179 133
179 136
179 138
179 395
179 370
179 215
179 406
179 295
179 278
179 335
179 251
179 308
179 340
179 306
179 252
179 293
179 320
179 352
179 418
179 325
179 307
179 248
179 439
179 403
179 374
179 315
320 26
320 35
320 42
320 44
320 54
320 56
320 71
320 79
320 92
320 105
320 109
320 112
320 133
320 136
320 141
320 147
320 161
320 188
320 211
320 224
320 234
320 248
320 261
320 304
320 307
320 315
320 408
320 415
320 404
320 375
320 352
320 418
320 325
320 439
320 403
320 374
136 2
136 9
136 35
136 44
136 71
136 92
136 95
136 97
136 105
136 109
136 112
136 120
136 129
136 133
136 220
136 344
136 210
136 276
136 367
136 408
136 174
136 215
136 381
136 363
136 377
136 318
136 352
136 418
136 325
136 307
136 248
136 439
136 403
136 374
136 315
352 18
352 35
352 41
352 44
352 71
352 79
352 92
352 105
352 109
352 112
352 132
352 133
352 140
352 148
352 174
352 180
352 196
352 210
352 248
352 276
352 300
352 307
352 308
352 315
352 322
352 325
352 331
352 343
352 344
352 386
352 368
352 363
352 361
352 428
352 392
352 418
352 439
352 403
352 374
418 2
418 35
418 41
418 44
418 71
418 79
418 92
418 105
418 109
418 112
418 132
418 133
418 140
418 148
418 174
418 180
418 196
418 210
418 227
418 248
418 276
418 300
418 307
418 308
418 315
418 322
418 325
418 331
418 344
418 361
418 363
418 374
418 392
418 403
418 428
418 439
109 14
109 35
109 44
109 57
109 68
109 71
109 92
109 105
109 300
109 193
109 425
109 373
109 321
109 428
109 344
109 401
109 367
109 433
109 149
109 325
109 307
109 248
109 439
109 112
109 403
109 133
109 374
109 315
325 35
325 44
325 62
325 71
325 89
325 92
325 96
325 103
325 105
325 107
325 112
325 126
325 133
325 146
325 148
325 180
325 205
325 208
325 226
325 234
325 235
325 237
325 240
325 248
325 260
325 274
325 307
325 315
325 334
325 414
325 408
325 368
325 328
325 344
325 439
325 403
325 374
307 28
307 35
307 44
307 46
307 71
307 91
307 92
307 105
307 112
307 121
307 125
307 133
307 183
307 189
307 194
307 205
307 216
307 248
307 251
307 281
307 298
307 441
307 323
307 335
307 365
307 439
307 403
307 374
307 315
248 35
248 44
248 71
248 89
248 92
248 105
248 112
248 133
248 207
248 432
248 439
248 403
248 374
248 315
439 3
439 7
439 23
439 35
439 41
439 44
439 45
439 48
439 51
439 52
439 62
439 66
439 71
439 79
439 80
439 90
439 92
439 96
439 103
439 105
439 112
439 119
439 122
439 132
439 133
439 140
439 146
439 148
439 155
439 157
439 163
439 174
439 180
439 196
439 210
439 243
439 244
439 273
439 276
439 300
439 308
439 315
439 321
439 322
439 331
439 336
439 337
439 344
439 359
439 361
439 363
439 373
439 374
439 381
439 392
439 403
439 424
439 428
439 442
105 21
105 35
105 44
105 71
105 89
105 92
105 446
105 112
105 403
105 133
105 374
105 315
71 2
71 11
71 31
71 34
71 35
71 40
71 41
71 44
71 172
71 438
71 304
71 370
71 443
71 175
71 132
71 173
71 389
71 137
71 253
71 169
71 85
71 326
71 408
71 199
71 112
71 403
71 92
71 133
71 374
71 315
112 35
112 44
112 50
112 66
112 70
112 74
112 92
112 421
112 353
112 428
112 378
112 285
112 376
112 417
112 233
112 272
112 138
112 129
112 286
112 184
112 407
112 398
112 364
112 321
112 351
112 117
112 115
112 403
112 133
112 374
112 315
403 4
403 10
403 17
403 19
403 35
403 44
403 50
403 58
403 59
403 66
403 70
403 74
403 80
403 92
403 115
403 117
403 119
403 121
403 125
403 126
403 129
403 133
403 138
403 145
403 146
403 156
403 165
403 184
403 272
403 286
403 299
403 315
403 321
403 337
403 351
403 364
403 373
403 374
403 398
403 427
403 423
403 430
403 437
403 407
44 35
44 278
44 110
44 272
44 138
44 129
44 70
44 286
44 184
44 50
44 66
44 407
44 398
44 364
44 321
44 351
44 117
44 74
44 115
44 92
44 133
44 374
44 315
35 20
35 21
35 371
35 287
35 294
35 126
35 269
35 101
35 267
35 433
35 149
35 265
35 347
35 154
35 252
35 230
35 387
35 153
35 169
35 51
35 442
35 183
35 238
35 204
35 92
35 133
35 374
35 315
92 26
92 28
92 46
92 91
92 233
92 226
92 208
92 371
92 287
92 294
92 126
92 205
92 194
92 335
92 251
92 183
92 365
92 281
92 133
92 374
92 315
133 3
133 7
133 45
133 51
133 52
133 66
133 90
133 122
133 317
133 381
133 163
133 336
133 243
133 359
133 300
133 148
133 155
133 321
133 244
133 442
133 424
133 374
133 315
374 33
374 104
374 106
374 170
374 215
374 265
374 275
374 285
374 293
374 315
374 322
374 358
374 361
374 401
374 392
374 377
315 16
315 19
315 24
315 31
315 51
315 56
315 72
315 80
315 83
315 86
315 149
315 171
315 202
315 203
315 204
315 207
315 245
315 298
315 300
315 406
315 429
315 431
315 372
315 334
315 339
315 442
2 43
2 111
2 336
2 31
2 172
2 438
2 304
2 370
2 11
2 443
2 34
2 175
2 41
2 132
2 173
2 389
2 137
2 253
2 169
2 85
2 326
2 408
2 199
2 40
43 184
43 427
43 331
43 297
43 120
43 227
43 209
43 350
43 232
43 198
43 289
43 280
43 246
43 362
43 303
43 444
43 235
43 176
43 392
43 283
43 299
43 215
111 17
111 27
111 30
111 33
111 59
111 100
111 102
111 229
111 120
111 368
111 334
111 422
111 413
111 429
111 220
111 256
111 222
111 313
111 193
111 432
111 223
111 428
111 444
111 310
111 376
111 399
111 240
336 3
336 7
336 45
336 51
336 52
336 66
336 70
336 90
336 102
336 122
336 148
336 155
336 163
336 243
336 244
336 295
336 300
336 321
336 395
336 381
336 359
336 442
336 424
31 4
31 11
31 190
31 346
31 337
31 353
31 269
31 110
31 226
31 117
31 83
31 124
31 415
31 63
31 195
31 211
31 172
31 438
31 304
31 370
31 443
31 34
31 175
31 41
31 132
31 173
31 389
31 137
31 253
31 169
31 85
31 326
31 408
31 199
31 40
172 4
172 11
172 24
172 34
172 40
172 41
172 56
172 63
172 83
172 85
172 110
172 117
172 124
172 132
172 137
172 169
172 340
172 381
172 254
172 346
172 337
172 353
172 269
172 226
172 415
172 195
172 211
172 438
172 304
172 370
172 443
172 175
172 173
172 389
172 253
172 326
172 408
172 199
438 11
438 24
438 34
438 40
438 41
438 51
438 72
438 85
438 130
438 132
438 137
438 140
438 169
438 173
438 175
438 199
438 203
438 204
438 253
438 254
438 304
438 326
438 340
438 354
438 358
438 367
438 370
438 381
438 385
438 389
438 396
438 397
438 399
438 408
438 419
438 443
304 5
304 11
304 34
304 40
304 41
304 68
304 85
304 88
304 132
304 137
304 159
304 169
304 173
304 175
304 199
304 239
304 245
304 253
304 295
304 440
304 406
304 331
304 372
304 327
304 432
304 323
304 396
304 370
304 443
304 389
304 326
304 408
370 11
370 34
370 40
370 41
370 54
370 85
370 132
370 137
370 169
370 173
370 175
370 177
370 199
370 218
370 253
370 322
370 326
370 338
370 411
370 440
370 406
370 443
370 389
370 408
11 20
11 145
11 440
11 406
11 443
11 34
11 175
11 41
11 132
11 173
11 389
11 137
11 253
11 169
11 85
11 326
11 408
11 199
11 40
443 9
443 34
443 40
443 41
443 85
443 102
443 132
443 137
443 169
443 173
443 175
443 199
443 253
443 326
443 359
443 389
443 408
443 409
34 193
34 318
34 218
34 250
34 200
34 416
34 357
34 314
34 130
34 175
34 41
34 132
34 173
34 389
34 137
34 253
34 169
34 85
34 326
34 408
34 199
34 40
175 26
175 40
175 41
175 80
175 85
175 91
175 116
175 121
175 132
175 137
175 159
175 169
175 173
175 384
175 411
175 277
175 268
175 284
175 423
175 355
175 371
175 312
175 428
175 344
175 295
175 286
175 227
175 393
175 282
175 398
175 339
175 362
175 228
175 244
175 389
175 253
175 326
175 408
175 199
41 17
41 26
41 39
41 40
41 57
41 50
41 82
41 70
41 261
41 218
41 409
41 75
41 123
41 446
41 412
41 53
41 119
41 285
41 433
41 49
41 190
41 173
41 389
41 137
41 253
41 169
41 85
41 326
41 408
41 199
41 331
41 322
41 363
41 79
41 361
41 300
41 132
41 148
41 180
41 196
41 428
41 344
41 210
41 276
41 392
41 308
41 174
41 140
132 17
132 26
132 39
132 40
132 49
132 53
132 70
132 75
132 79
132 85
132 119
132 123
132 141
132 261
132 218
132 409
132 446
132 412
132 285
132 433
132 190
132 173
132 389
132 137
132 253
132 169
132 326
132 408
132 199
132 331
132 322
132 363
132 361
132 300
132 148
132 180
132 196
132 428
132 344
132 210
132 276
132 392
132 308
132 174
132 140
173 7
173 40
173 85
173 107
173 137
173 169
173 232
173 332
173 289
173 389
173 253
173 326
173 408
173 199
389 21
389 40
389 48
389 85
389 100
389 127
389 137
389 148
389 169
389 184
389 194
389 199
389 232
389 253
389 280
389 326
389 337
389 353
389 355
389 373
389 385
389 398
389 393
389 426
389 408
137 5
137 40
137 51
137 85
137 91
137 97
137 107
137 303
137 228
137 328
137 171
137 198
137 239
137 421
137 278
137 310
137 267
137 365
137 281
137 275
137 282
137 230
137 396
137 244
137 367
137 358
137 399
137 165
137 253
137 169
137 326
137 408
137 199
253 40
253 51
253 85
253 91
253 144
253 165
253 169
253 194
253 199
253 230
253 237
253 244
253 262
253 275
253 282
253 396
253 367
253 358
253 399
253 326
253 408
169 21
169 40
169 51
169 53
169 85
169 110
169 139
169 153
169 378
169 435
169 448
169 405
169 246
169 412
169 230
169 387
169 442
169 183
169 238
169 204
169 326
169 408
169 199
85 40
85 369
85 301
85 326
85 408
85 199
326 5
326 40
326 97
326 107
326 198
326 199
326 210
326 239
326 242
326 267
326 278
326 281
326 310
326 435
326 421
326 365
326 408
408 9
408 17
408 26
408 40
408 42
408 56
408 62
408 96
408 97
408 103
408 107
408 115
408 120
408 122
408 126
408 129
408 141
408 147
408 148
408 149
408 174
408 188
408 199
408 205
408 210
408 211
408 215
408 224
408 234
408 240
408 251
408 252
408 260
408 274
408 276
408 286
408 318
408 322
408 331
408 332
408 334
408 338
408 340
408 344
408 363
408 367
408 368
408 375
408 377
408 381
408 395
408 404
408 406
408 414
408 425
408 441
408 415
199 17
199 40
199 42
199 58
199 65
199 115
199 122
199 126
199 283
199 308
199 406
199 331
199 322
199 338
199 395
199 286
199 252
199 368
199 334
199 425
199 441
199 332
40 7
40 10
40 224
40 281
40 126
40 42
40 333
40 231
40 99
40 181
40 47
40 88
40 354
40 170
40 361
40 234
40 250
40 141
40 157
40 448
40 189
40 258
40 324
40 347
40 238
40 154
40 186
40 177
40 143
40 284
40 150
40 166
40 123
3 344
3 294
3 319
3 437
3 381
3 122
3 163
3 45
3 52
3 243
3 359
3 300
3 66
3 7
3 148
3 155
3 321
3 244
3 51
3 442
3 424
3 90
344 9
344 14
344 17
344 26
344 57
344 62
344 79
344 89
344 91
344 96
344 97
344 103
344 107
344 120
344 126
344 129
344 140
344 146
344 148
344 149
344 174
344 180
344 185
344 196
344 205
344 208
344 210
344 215
344 226
344 234
344 235
344 237
344 240
344 251
344 260
344 268
344 274
344 276
344 277
344 282
344 284
344 285
344 300
344 308
344 312
344 318
344 321
344 322
344 328
344 331
344 340
344 414
344 368
344 411
344 423
344 355
344 371
344 425
344 373
344 401
344 433
344 367
344 381
344 377
344 363
344 361
344 428
344 392
294 10
294 124
294 126
294 151
294 228
294 233
294 287
294 292
294 385
294 412
294 301
294 371
294 392
294 333
319 203
319 310
319 360
319 328
319 428
437 4
437 10
437 17
437 58
437 59
437 121
437 125
437 126
437 145
437 156
437 165
437 299
437 321
437 353
437 423
437 427
437 430
381 7
381 9
381 15
381 24
381 45
381 51
381 52
381 66
381 88
381 90
381 97
381 120
381 122
381 129
381 145
381 147
381 148
381 155
381 163
381 174
381 210
381 215
381 240
381 243
381 244
381 254
381 276
381 300
381 318
381 321
381 340
381 354
381 359
381 363
381 367
381 377
381 442
381 424
122 7
122 42
122 45
122 51
122 52
122 56
122 66
122 90
122 115
122 188
122 288
122 126
122 406
122 238
122 154
122 420
122 211
122 275
122 432
122 323
122 189
122 271
122 237
122 163
122 243
122 359
122 300
122 148
122 155
122 321
122 244
122 442
122 424
163 4
163 7
163 9
163 26
163 42
163 45
163 51
163 52
163 54
163 66
163 79
163 90
163 115
163 147
163 148
163 155
163 372
163 429
163 444
163 260
163 358
163 406
163 195
163 286
163 218
163 243
163 359
163 300
163 321
163 244
163 442
163 424
45 7
45 254
45 129
45 386
45 327
45 68
45 184
45 125
45 52
45 243
45 359
45 300
45 66
45 148
45 155
45 321
45 244
45 51
45 442
45 424
45 90
52 7
52 50
52 51
52 236
52 268
52 147
52 88
52 354
52 145
52 293
52 184
52 100
52 407
52 398
52 359
52 300
52 148
52 155
52 321
52 244
52 442
52 424
52 90
52 431
52 397
52 63
52 379
52 420
52 211
52 243
52 66
52 357
52 314
52 130
52 346
52 412
52 53
52 401
52 342
52 58
52 340
243 7
243 50
243 51
243 53
243 58
243 63
243 66
243 79
243 90
243 130
243 148
243 155
243 177
243 211
243 284
243 334
243 263
243 277
243 384
243 359
243 300
243 321
243 244
243 442
243 424
243 431
243 397
243 379
243 420
243 357
243 314
243 346
243 412
243 401
243 342
243 340
359 7
359 18
359 51
359 66
359 90
359 148
359 154
359 155
359 189
359 200
359 211
359 237
359 238
359 244
359 271
359 275
359 300
359 321
359 323
359 343
359 420
359 432
359 442
359 424
300 7
300 9
300 16
300 19
300 51
300 66
300 79
300 80
300 83
300 86
300 90
300 140
300 148
300 149
300 155
300 171
300 174
300 180
300 196
300 202
300 203
300 204
300 207
300 210
300 244
300 245
300 276
300 277
300 286
300 293
300 298
300 391
300 416
300 407
300 331
300 322
300 363
300 361
300 428
300 392
300 308
300 321
300 424
300 431
300 372
300 334
300 339
300 442
66 7
66 50
66 51
66 53
66 58
66 63
66 75
66 298
66 277
66 293
66 238
66 154
66 275
66 432
66 189
66 271
66 237
66 365
66 306
66 447
66 313
66 329
66 245
66 377
66 268
66 209
66 400
66 323
66 139
66 355
66 272
66 138
66 129
66 70
66 286
66 184
66 407
66 398
66 364
66 351
66 117
66 74
66 115
66 148
66 155
66 321
66 244
66 442
66 424
66 90
66 431
66 397
66 379
66 420
66 211
66 357
66 314
66 130
66 346
66 412
66 401
66 342
66 340
7 391
7 258
7 324
7 347
7 238
7 154
7 186
7 177
7 143
7 284
7 150
7 166
7 123
7 148
7 155
7 321
7 244
7 51
7 442
7 424
7 90
148 14
148 21
148 51
148 62
148 79
148 90
148 96
148 100
148 103
148 107
148 126
148 127
148 140
148 357
148 332
148 364
148 355
148 396
148 237
148 303
148 414
148 205
148 260
148 274
148 240
148 393
148 184
148 232
148 337
148 353
148 194
148 385
148 426
148 331
148 322
148 363
148 361
148 180
148 196
148 428
148 210
148 276
148 392
148 308
148 174
148 155
148 321
148 244
148 442
148 424
155 51
155 89
155 90
155 154
155 371
155 214
155 238
155 420
155 211
155 275
155 432
155 323
155 189
155 271
155 237
155 321
155 244
155 442
155 424
321 12
321 14
321 50
321 51
321 57
321 70
321 74
321 90
321 115
321 117
321 129
321 138
321 149
321 184
321 244
321 255
321 272
321 286
321 303
321 419
321 360
321 342
321 425
321 373
321 428
321 401
321 367
321 433
321 407
321 398
321 364
321 351
321 442
321 424
244 17
244 51
244 59
244 74
244 80
244 90
244 91
244 120
244 121
244 125
244 140
244 151
244 159
244 161
244 165
244 185
244 193
244 210
244 227
244 228
244 230
244 235
244 295
244 286
244 393
244 339
244 362
244 275
244 282
244 396
244 367
244 358
244 399
244 431
244 422
244 338
244 254
244 407
244 398
244 364
244 433
244 442
244 424
51 8
51 12
51 16
51 19
51 21
51 47
51 49
51 215
51 406
51 303
51 360
51 342
51 387
51 153
51 183
51 238
51 130
51 419
51 385
51 140
51 397
51 275
51 91
51 282
51 230
51 396
51 367
51 358
51 399
51 165
51 424
51 90
51 431
51 372
51 204
51 245
51 86
51 202
51 334
51 207
51 298
51 339
51 80
51 171
51 203
51 442
51 83
51 149
442 16
442 19
442 21
442 80
442 83
442 86
442 90
442 149
442 153
442 171
442 183
442 202
442 203
442 204
442 207
442 230
442 238
442 245
442 298
442 334
442 339
442 372
442 387
442 424
442 431
424 4
424 9
424 26
424 42
424 65
424 90
424 115
424 140
424 195
424 218
424 260
424 286
424 288
424 306
424 358
424 379
424 395
424 406
424 447
424 444
90 74
90 99
90 431
90 406
4 170
4 95
4 288
4 188
4 444
4 260
4 26
4 42
4 358
4 115
4 406
4 286
4 218
4 9
4 346
4 337
4 353
4 269
4 110
4 226
4 117
4 83
4 124
4 415
4 63
4 195
4 211
4 156
4 145
4 427
4 59
4 125
4 423
4 430
4 121
4 10
4 126
4 17
4 58
4 299
4 165
170 47
170 88
170 99
170 104
170 106
170 141
170 143
170 157
170 329
170 386
170 286
170 311
170 181
170 354
170 234
170 250
170 448
170 189
170 285
170 401
170 392
170 358
170 322
170 361
170 377
170 293
170 275
95 254
95 236
95 229
95 161
288 140
288 354
288 429
288 347
288 306
288 447
288 379
288 395
188 26
188 42
188 56
188 141
188 147
188 347
188 379
188 224
188 415
188 404
188 211
188 234
188 375
444 9
444 17
444 26
444 30
444 33
444 42
444 59
444 78
444 100
444 115
444 120
444 176
444 193
444 195
444 198
444 209
444 210
444 215
444 218
444 222
444 223
444 227
444 232
444 235
444 240
444 246
444 256
444 260
444 280
444 283
444 285
444 286
444 289
444 297
444 299
444 303
444 310
444 313
444 331
444 350
444 358
444 362
444 376
444 392
444 399
444 406
444 428
444 432
260 9
260 19
260 26
260 42
260 62
260 76
260 96
260 103
260 107
260 115
260 119
260 126
260 153
260 195
260 205
260 218
260 240
260 246
260 280
260 387
260 358
260 406
260 286
260 414
260 274
26 9
26 17
26 117
26 385
26 358
26 115
26 406
26 195
26 286
26 411
26 277
26 268
26 284
26 91
26 282
26 423
26 355
26 371
26 312
26 428
26 42
26 224
26 415
26 56
26 147
26 404
26 211
26 234
26 375
26 141
26 322
26 70
26 261
26 218
26 409
26 75
26 123
26 39
26 446
26 412
26 53
26 119
26 285
26 433
26 49
26 190
42 9
42 10
42 433
42 376
42 151
42 126
42 333
42 99
42 231
42 358
42 115
42 406
42 195
42 286
42 218
42 224
42 415
42 56
42 147
42 404
42 211
42 234
42 375
42 141
358 9
358 91
358 104
358 106
358 115
358 130
358 140
358 165
358 195
358 203
358 204
358 218
358 230
358 275
358 282
358 285
358 286
358 293
358 322
358 406
358 401
358 392
358 361
358 377
358 419
358 385
358 397
358 396
358 367
358 399
115 9
115 17
115 50
115 70
115 74
115 99
115 174
115 431
115 126
115 406
115 195
115 218
115 331
115 322
115 338
115 395
115 252
115 368
115 334
115 425
115 441
115 332
115 272
115 138
115 129
115 286
115 184
115 407
115 398
115 364
115 351
115 117
406 8
406 9
406 13
406 47
406 49
406 72
406 97
406 126
406 195
406 215
406 218
406 286
406 295
406 367
406 440
286 9
286 17
286 25
286 50
286 70
286 74
286 80
286 91
286 117
286 121
286 129
286 138
286 157
286 159
286 184
286 195
286 218
286 227
286 228
286 252
286 272
286 277
286 282
286 343
286 293
286 331
286 322
286 338
286 395
286 368
286 334
286 425
286 441
286 332
286 295
286 393
286 339
286 362
286 407
286 398
286 364
286 351
218 9
218 14
218 17
218 30
218 39
218 49
218 53
218 70
218 75
218 91
218 119
218 120
218 123
218 177
218 190
218 195
218 384
218 338
218 254
218 277
218 275
218 282
218 371
218 262
218 228
218 322
218 261
218 409
218 446
218 412
218 285
218 433
9 350
9 195
9 338
9 254
9 277
9 275
9 91
9 282
9 14
9 30
9 371
9 262
9 228
9 210
9 276
9 367
9 174
9 215
9 97
9 363
9 129
9 120
9 377
9 318
346 50
346 53
346 58
346 63
346 83
346 110
346 117
346 124
346 130
346 195
346 211
346 226
346 255
346 269
346 314
346 337
346 340
346 342
346 387
346 355
346 353
346 415
346 431
346 397
346 379
346 420
346 357
346 412
346 401
337 21
337 63
337 80
337 83
337 100
337 110
337 117
337 119
337 121
337 124
337 127
337 146
337 184
337 194
337 195
337 211
337 226
337 232
337 269
337 373
337 415
337 393
337 353
337 385
337 426
353 21
353 63
353 83
353 100
353 110
353 117
353 124
353 127
353 184
353 194
353 195
353 211
353 226
353 232
353 269
353 415
353 393
353 385
353 426
269 20
269 63
269 83
269 101
269 110
269 117
269 124
269 149
269 154
269 195
269 211
269 226
269 238
269 252
269 265
269 267
269 433
269 347
269 415
110 63
110 83
110 151
110 369
110 226
110 117
110 124
110 415
110 195
110 211
226 63
226 83
226 89
226 117
226 124
226 146
226 180
226 195
226 208
226 211
226 435
226 368
226 234
226 237
226 328
226 235
226 415
117 50
117 63
117 70
117 74
117 83
117 126
117 124
117 415
117 195
117 211
117 272
117 138
117 129
117 184
117 407
117 398
117 364
117 351
83 16
83 19
83 63
83 80
83 124
83 415
83 195
83 211
83 431
83 372
83 204
83 245
83 86
83 202
83 334
83 207
83 298
83 339
83 171
83 203
83 149
124 10
124 17
124 47
124 63
124 67
124 81
124 228
124 151
124 392
124 333
124 310
124 376
124 433
124 278
124 335
124 251
124 308
124 340
124 306
124 138
124 252
124 293
124 415
124 195
124 211
415 17
415 56
415 63
415 81
415 141
415 147
415 195
415 211
415 224
415 234
415 310
415 349
415 375
415 376
415 404
415 433
63 47
63 50
63 53
63 58
63 404
63 272
63 297
63 195
63 431
63 397
63 379
63 420
63 211
63 357
63 314
63 130
63 412
63 401
63 342
63 340
195 186
195 329
195 236
195 229
195 211
211 50
211 53
211 56
211 58
211 70
211 102
211 130
211 141
211 147
211 152
211 154
211 189
211 295
211 238
211 275
211 432
211 323
211 271
211 237
211 224
211 404
211 234
211 375
211 431
211 397
211 379
211 420
211 357
211 314
211 412
211 401
211 342
211 340
156 10
156 17
156 58
156 59
156 65
156 121
156 125
156 126
156 145
156 147
156 265
156 427
156 423
156 430
156 299
156 165
145 10
145 17
145 58
145 59
145 88
145 121
145 125
145 126
145 386
145 229
145 147
145 354
145 427
145 423
145 430
145 299
145 165
427 10
427 17
427 58
427 59
427 121
427 125
427 126
427 143
427 165
427 236
427 299
427 361
427 423
427 430
59 10
59 17
59 30
59 33
59 58
59 75
59 298
59 239
59 423
59 430
59 121
59 126
59 299
59 165
59 431
59 422
59 338
59 254
59 120
59 161
59 125
59 407
59 398
59 364
59 235
59 151
59 433
59 74
59 140
59 256
59 222
59 313
59 193
59 100
59 432
59 223
59 428
59 310
59 376
59 399
59 240
125 10
125 17
125 58
125 68
125 74
125 120
125 121
125 191
125 216
125 323
125 189
125 205
125 129
125 386
125 327
125 184
125 423
125 430
125 126
125 299
125 165
125 431
125 422
125 338
125 254
125 161
125 193
125 407
125 398
125 364
125 235
125 151
125 433
125 140
423 10
423 17
423 58
423 91
423 121
423 126
423 157
423 165
423 189
423 268
423 277
423 282
423 284
423 299
423 312
423 355
423 371
423 382
423 411
423 428
423 430
430 10
430 14
430 17
430 39
430 58
430 96
430 121
430 126
430 139
430 165
430 299
121 10
121 17
121 58
121 80
121 91
121 216
121 323
121 189
121 205
121 295
121 227
121 393
121 159
121 282
121 398
121 339
121 362
121 228
121 126
121 299
121 165
10 394
10 419
10 99
10 231
10 228
10 151
10 392
10 333
10 126
10 17
10 58
10 299
10 165
126 17
126 58
126 62
126 96
126 99
126 103
126 107
126 135
126 360
126 333
126 231
126 371
126 287
126 414
126 205
126 274
126 240
126 299
126 165
17 8
17 276
17 210
17 251
17 340
17 81
17 331
17 395
17 252
17 368
17 334
17 425
17 441
17 332
17 322
17 70
17 261
17 409
17 75
17 123
17 39
17 446
17 412
17 53
17 119
17 285
17 49
17 190
17 58
17 299
17 165
17 431
17 422
17 338
17 254
17 120
17 161
17 407
17 398
17 364
17 235
17 151
17 433
17 74
17 140
17 256
17 222
17 313
17 193
17 100
17 432
17 223
17 30
17 428
17 310
17 376
17 33
17 399
17 240
58 50
58 53
58 224
58 299
58 165
58 431
58 397
58 379
58 420
58 357
58 314
58 130
58 412
58 401
58 342
58 340
299 120
299 140
299 158
299 165
299 176
299 190
299 198
299 209
299 215
299 227
299 232
299 235
299 246
299 258
299 280
299 283
299 289
299 297
299 331
299 350
299 362
299 303
299 392
165 74
165 91
165 275
165 282
165 230
165 396
165 367
165 399
5 14
5 364
5 331
5 372
5 88
5 245
5 327
5 68
5 159
5 432
5 323
5 396
5 107
5 198
5 239
5 421
5 278
5 310
5 267
5 365
5 281
5 97
14 23
14 425
14 57
14 373
14 428
14 401
14 367
14 433
14 149
14 338
14 254
14 120
14 277
14 275
14 91
14 282
14 30
14 371
14 262
14 228
364 50
364 70
364 74
364 120
364 129
364 138
364 140
364 151
364 161
364 184
364 193
364 235
364 237
364 254
364 272
364 303
364 332
364 338
364 351
364 355
364 396
364 431
364 422
364 407
364 398
364 433
331 15
331 68
331 79
331 88
331 120
331 140
331 159
331 174
331 176
331 180
331 196
331 198
331 209
331 210
331 215
331 227
331 232
331 235
331 239
331 240
331 245
331 246
331 252
331 276
331 280
331 283
331 289
331 297
331 303
331 308
331 322
331 323
331 327
331 365
331 397
331 347
331 372
331 432
331 396
331 338
331 395
331 368
331 334
331 425
331 441
331 332
331 350
331 362
331 363
331 361
331 428
331 392
372 16
372 19
372 68
372 80
372 86
372 88
372 106
372 138
372 149
372 159
372 171
372 202
372 203
372 204
372 207
372 239
372 245
372 298
372 323
372 327
372 334
372 339
372 432
372 396
372 431
88 47
88 68
88 397
88 329
88 147
88 245
88 327
88 159
88 432
88 323
88 239
88 396
88 99
88 181
88 354
88 361
88 143
88 234
88 250
88 141
88 157
88 448
88 189
245 16
245 19
245 68
245 80
245 86
245 139
245 149
245 159
245 171
245 202
245 203
245 204
245 207
245 209
245 239
245 429
245 327
245 432
245 396
245 365
245 306
245 447
245 313
245 329
245 377
245 268
245 400
245 407
245 323
245 355
245 431
245 334
245 298
245 339
327 18
327 68
327 129
327 159
327 184
327 239
327 261
327 323
327 386
327 432
327 396
68 84
68 102
68 209
68 129
68 386
68 184
68 159
68 432
68 323
68 239
68 396
159 80
159 91
159 200
159 432
159 323
159 239
159 396
159 295
159 227
159 393
159 282
159 398
159 339
159 362
159 228
432 30
432 33
432 100
432 154
432 189
432 193
432 222
432 223
432 237
432 238
432 239
432 240
432 256
432 271
432 275
432 310
432 313
432 323
432 376
432 391
432 396
432 399
432 416
432 420
432 428
323 139
323 154
323 164
323 189
323 205
323 209
323 214
323 216
323 237
323 238
323 239
323 268
323 271
323 275
323 306
323 313
323 396
323 420
323 365
323 447
323 329
323 377
323 400
323 407
323 355
396 30
396 91
396 130
396 140
396 203
396 204
396 230
396 237
396 239
396 262
396 275
396 282
396 303
396 332
396 355
396 367
396 385
396 419
396 397
396 399
107 62
107 96
107 97
107 103
107 141
107 414
107 205
107 274
107 240
107 198
107 239
107 421
107 278
107 310
107 267
107 365
107 281
198 97
198 120
198 176
198 239
198 421
198 278
198 310
198 267
198 365
198 281
198 297
198 227
198 209
198 350
198 232
198 289
198 280
198 246
198 362
198 303
198 235
198 392
198 283
198 215
239 30
239 80
239 97
239 98
239 100
239 405
239 407
239 298
239 421
239 278
239 310
239 267
239 365
239 281
421 12
421 37
421 39
421 62
421 97
421 130
421 255
421 267
421 278
421 281
421 310
421 355
421 365
421 407
278 37
278 47
278 67
278 97
278 138
278 144
278 237
278 251
278 252
278 267
278 362
278 335
278 308
278 340
278 306
278 293
278 310
278 365
278 281
310 30
310 33
310 81
310 97
310 100
310 193
310 222
310 223
310 240
310 256
310 267
310 276
310 281
310 351
310 433
310 365
310 313
310 428
310 376
310 399
267 20
267 76
267 97
267 101
267 149
267 154
267 201
267 238
267 252
267 265
267 333
267 301
267 426
267 433
267 347
267 365
267 281
365 28
365 46
365 91
365 97
365 139
365 183
365 194
365 205
365 209
365 251
365 268
365 281
365 306
365 313
365 329
365 335
365 355
365 447
365 377
365 400
365 407
281 28
281 46
281 47
281 72
281 91
281 97
281 183
281 194
281 205
281 240
281 251
281 335
97 56
97 313
97 210
97 276
97 367
97 174
97 215
97 363
97 129
97 120
97 377
97 318
322 39
322 49
322 53
322 70
322 75
322 79
322 104
322 106
322 119
322 123
322 140
322 174
322 177
322 180
322 190
322 196
322 210
322 231
322 252
322 261
322 275
322 276
322 285
322 293
322 308
322 338
322 395
322 368
322 334
322 425
322 441
322 332
322 401
322 377
322 409
322 446
322 412
322 433
322 363
322 361
322 428
322 392
440 13
440 33
440 324
440 349
440 367
440 397
440 431
391 200
391 407
258 67
258 123
258 143
258 150
258 154
258 166
258 177
258 186
258 192
258 238
258 292
258 324
258 347
258 284
324 13
324 33
324 123
324 143
324 150
324 154
324 158
324 166
324 177
324 186
324 238
324 284
324 367
324 431
324 397
324 347
347 20
347 101
347 106
347 123
347 143
347 149
347 150
347 154
347 166
347 177
347 186
347 238
347 252
347 265
347 284
347 431
347 433
238 20
238 21
238 101
238 123
238 143
238 149
238 150
238 153
238 154
238 166
238 177
238 183
238 186
238 189
238 204
238 230
238 237
238 433
238 265
238 252
238 387
238 420
238 275
238 271
238 284
154 20
154 101
154 123
154 143
154 149
154 150
154 363
154 395
154 433
154 265
154 252
154 420
154 275
154 189
154 271
154 237
154 186
154 177
154 284
154 166
186 123
186 143
186 150
186 166
186 177
186 202
186 284
177 123
177 143
177 150
177 166
177 311
177 338
177 284
143 47
143 99
143 123
143 141
143 259
143 202
143 181
143 354
143 361
143 234
143 250
143 157
143 448
143 189
143 284
143 150
143 166
284 18
284 75
284 91
284 123
284 150
284 166
284 268
284 277
284 282
284 411
284 355
284 371
284 312
284 428
150 91
150 123
150 141
150 384
150 166
166 25
166 57
166 82
166 123
166 250
123 39
123 49
123 53
123 70
123 75
123 89
123 119
123 257
123 139
123 261
123 409
123 446
123 412
123 285
123 433
123 190
8 242
8 24
8 367
8 49
8 215
8 47
242 33
242 76
242 201
24 233
24 56
24 72
24 429
24 340
24 254
367 13
367 33
367 47
367 49
367 57
367 91
367 120
367 129
367 130
367 140
367 149
367 151
367 174
367 176
367 203
367 204
367 210
367 215
367 230
367 275
367 276
367 282
367 301
367 318
367 363
367 431
367 425
367 373
367 428
367 401
367 433
367 419
367 385
367 397
367 377
367 399
49 13
49 39
49 47
49 208
49 333
49 215
49 72
49 295
49 70
49 261
49 409
49 75
49 446
49 412
49 53
49 119
49 285
49 433
49 190
215 13
215 47
215 72
215 120
215 129
215 174
215 176
215 209
215 210
215 295
215 276
215 363
215 377
215 318
215 297
215 227
215 350
215 232
215 289
215 280
215 246
215 362
215 303
215 235
215 392
215 283
47 38
47 56
47 81
47 99
47 181
47 354
47 361
47 234
47 250
47 141
47 157
47 448
47 189
47 335
47 251
47 67
47 308
47 340
47 306
47 138
47 252
47 293
350 96
350 120
350 164
350 176
350 191
350 209
350 227
350 232
350 235
350 246
350 280
350 283
350 289
350 297
350 303
350 382
350 448
350 362
350 392
338 30
338 74
338 91
338 120
338 140
338 151
338 161
338 193
338 204
338 228
338 235
338 252
338 254
338 262
338 275
338 277
338 282
338 332
338 334
338 395
338 368
338 425
338 441
338 371
338 431
338 422
338 407
338 398
338 433
254 20
254 30
254 74
254 91
254 120
254 140
254 151
254 161
254 193
254 228
254 235
254 313
254 340
254 277
254 275
254 282
254 371
254 262
254 431
254 422
254 407
254 398
254 433
277 30
277 79
277 91
277 120
277 161
277 228
277 262
277 263
277 268
277 275
277 318
277 386
277 384
277 293
277 407
277 411
277 355
277 312
277 428
277 282
277 371
275 30
275 91
275 104
275 106
275 116
275 120
275 141
275 189
275 228
275 230
275 234
275 237
275 262
275 271
275 285
275 401
275 392
275 361
275 377
275 293
275 420
275 371
275 282
275 399
91 28
91 30
91 46
91 50
91 70
91 80
91 257
91 375
91 357
91 332
91 261
91 184
91 411
91 268
91 355
91 312
91 428
91 205
91 194
91 335
91 251
91 183
91 295
91 227
91 393
91 398
91 339
91 362
91 120
91 371
91 262
91 228
91 282
91 230
91 399
282 30
282 80
282 116
282 120
282 227
282 228
282 230
282 262
282 268
282 448
282 411
282 355
282 312
282 428
282 295
282 393
282 398
282 339
282 362
282 371
282 399
30 407
30 298
30 120
30 371
30 262
30 228
30 256
30 222
30 313
30 193
30 100
30 223
30 428
30 376
30 33
30 399
30 240
371 120
371 130
371 228
371 262
371 268
371 287
371 312
371 355
371 411
371 428
262 120
262 228
228 80
228 120
228 151
228 227
228 392
228 333
228 295
228 393
228 398
228 339
228 362
210 79
210 120
210 129
210 140
210 174
210 180
210 196
210 301
210 251
210 340
210 377
210 318
210 363
210 361
210 428
210 276
210 392
210 308
276 79
276 120
276 129
276 140
276 174
276 180
276 196
276 417
276 377
276 318
276 363
276 361
276 428
276 392
276 308
174 79
174 120
174 129
174 140
174 240
174 433
174 208
174 183
174 377
174 318
174 363
174 361
174 180
174 196
174 428
174 392
174 308
363 79
363 120
363 129
363 140
363 180
363 196
363 308
363 318
363 361
363 447
363 422
363 377
363 428
363 392
129 13
129 50
129 70
129 74
129 120
129 263
129 386
129 377
129 318
129 272
129 138
129 184
129 407
129 398
129 351
120 27
120 74
120 86
120 354
120 229
120 368
120 334
120 377
120 318
120 297
120 227
120 209
120 232
120 289
120 280
120 246
120 362
120 303
120 176
120 392
120 283
120 431
120 422
120 161
120 193
120 407
120 398
120 235
120 151
120 433
120 140
377 104
377 106
377 139
377 161
377 209
377 268
377 285
377 293
377 306
377 313
377 318
377 329
377 355
377 361
377 368
377 401
377 392
377 447
377 400
377 407
318 27
394 78
394 103
394 203
394 435
419 12
419 78
419 130
419 140
419 203
419 204
419 303
419 342
419 360
419 385
419 397
419 399
419 428
99 15
99 433
99 333
99 231
99 181
99 354
99 361
99 234
99 250
99 141
99 157
99 448
99 189
231 140
231 272
231 333
151 74
151 140
151 360
151 392
151 333
151 431
151 422
151 161
151 193
151 407
151 398
151 235
151 433
392 79
392 104
392 106
392 140
392 176
392 180
392 196
392 209
392 227
392 232
392 235
392 246
392 280
392 283
392 285
392 289
392 293
392 297
392 303
392 308
392 333
392 361
392 362
392 401
392 428
333 67
333 292
20 379
20 411
20 101
20 433
20 149
20 265
20 252
12 378
12 303
12 360
12 342
378 212
378 233
378 285
378 376
378 417
303 19
303 176
303 209
303 227
303 232
303 235
303 237
303 246
303 280
303 283
303 289
303 297
303 360
303 342
303 332
303 355
303 362
360 76
360 176
360 194
360 342
342 50
342 53
342 130
342 314
342 340
342 431
342 397
342 379
342 420
342 357
342 412
342 401
13 229
13 204
13 33
13 431
13 397
13 72
13 295
229 27
229 220
229 368
229 334
204 16
204 19
204 21
204 80
204 86
204 130
204 138
204 140
204 149
204 153
204 171
204 183
204 202
204 203
204 230
204 387
204 385
204 399
204 397
204 431
204 334
204 207
204 298
204 339
33 349
33 431
33 397
33 256
33 222
33 313
33 193
33 100
33 223
33 428
33 376
33 399
33 240
431 16
431 19
431 50
431 53
431 74
431 80
431 86
431 130
431 140
431 149
431 161
431 171
431 193
431 202
431 203
431 207
431 235
431 298
431 314
431 334
431 339
431 340
431 357
431 379
431 397
431 398
431 401
431 407
431 412
431 420
431 422
431 433
397 50
397 53
397 106
397 130
397 140
397 203
397 314
397 340
397 357
397 379
397 385
397 413
397 399
397 420
397 412
397 401
72 56
72 429
72 295
295 79
295 80
295 227
295 261
295 393
295 398
295 339
295 362
23 257
23 39
23 382
425 57
425 149
425 209
425 252
425 332
425 334
425 368
425 373
425 395
425 401
425 416
425 441
425 428
425 433
57 448
57 373
57 428
57 401
57 433
57 149
373 80
373 82
373 119
373 146
373 149
373 414
373 428
373 401
373 433
428 19
428 79
428 100
428 140
428 149
428 180
428 193
428 196
428 222
428 223
428 240
428 256
428 268
428 308
428 312
428 313
428 355
428 361
428 376
428 399
428 401
428 411
428 433
401 50
401 53
401 104
401 106
401 130
401 149
401 185
401 285
401 293
401 314
401 317
401 340
401 357
401 361
401 379
401 417
401 446
401 433
401 420
401 412
433 39
433 53
433 70
433 74
433 75
433 81
433 101
433 119
433 140
433 149
433 161
433 190
433 193
433 235
433 252
433 261
433 265
433 285
433 376
433 398
433 407
433 409
433 412
433 422
433 446
149 16
149 19
149 80
149 86
149 101
149 308
149 340
149 240
149 265
149 252
149 202
149 334
149 207
149 298
149 339
149 171
149 203
15 306
306 67
306 138
306 139
306 140
306 209
306 240
306 251
306 252
306 268
306 293
306 379
306 395
306 335
306 308
306 340
306 447
306 313
306 329
306 400
306 407
306 355
16 232
16 86
16 202
16 334
16 207
16 298
16 339
16 80
16 171
16 203
16 19
232 21
232 100
232 116
232 127
232 176
232 184
232 194
232 209
232 227
232 393
232 385
232 426
232 297
232 289
232 280
232 246
232 362
232 235
232 283
86 19
86 80
86 202
86 334
86 207
86 298
86 339
86 171
86 203
202 19
202 80
202 171
202 311
202 334
202 207
202 298
202 339
202 203
334 18
334 19
334 27
334 80
334 171
334 203
334 207
334 252
334 298
334 332
334 400
334 395
334 368
334 441
334 339
207 19
207 80
207 141
207 171
207 203
207 273
207 298
207 339
298 19
298 75
298 80
298 82
298 100
298 171
298 203
298 268
298 407
298 339
339 19
339 80
339 171
339 203
339 227
339 273
339 393
339 398
339 362
80 19
80 48
80 62
80 157
80 96
80 103
80 146
80 119
80 227
80 393
80 398
80 362
80 171
80 203
171 19
171 405
171 237
171 180
171 305
171 203
203 19
203 37
203 130
203 140
203 387
203 369
203 385
203 399
19 235
19 78
251 28
251 46
251 67
251 138
251 183
251 194
251 205
251 435
251 335
251 308
251 340
251 252
251 293
340 50
340 53
340 67
340 130
340 138
340 252
340 293
340 308
340 314
340 335
340 379
340 420
340 357
340 412
81 65
81 190
81 376
395 140
395 252
395 311
395 332
395 361
395 368
395 379
395 447
395 441
252 25
252 67
252 101
252 138
252 157
252 411
252 343
252 265
252 368
252 441
252 332
252 335
252 308
252 293
368 27
368 89
368 127
368 146
368 180
368 208
368 209
368 234
368 235
368 237
368 328
368 332
368 441
441 75
441 200
441 257
441 332
332 237
332 273
332 416
332 355
70 39
70 50
70 53
70 311
70 261
70 409
70 75
70 446
70 412
70 119
70 285
70 190
70 272
70 138
70 184
70 407
70 398
70 351
70 74
261 39
261 50
261 53
261 75
261 119
261 184
261 190
261 420
261 409
261 446
261 412
261 285
409 25
409 39
409 50
409 53
409 75
409 119
409 190
409 285
409 446
409 412
75 39
75 53
75 268
75 407
75 446
75 412
75 119
75 285
75 190
39 37
39 305
39 407
39 355
39 446
39 412
39 53
39 119
39 285
39 190
446 53
446 119
446 130
446 190
446 230
446 285
446 412
412 50
412 53
412 78
412 96
412 103
412 119
412 130
412 139
412 153
412 190
412 233
412 246
412 285
412 292
412 301
412 314
412 357
412 379
412 405
412 448
412 420
53 50
53 287
53 312
53 119
53 285
53 190
53 379
53 420
53 357
53 314
53 130
119 46
119 230
119 287
119 235
119 414
119 280
119 246
119 387
119 153
119 146
119 285
119 190
285 104
285 106
285 190
285 233
285 376
285 417
285 361
285 293
190 56
190 106
190 399
422 74
422 102
422 140
422 161
422 193
422 220
422 235
422 398
422 407
422 413
422 429
161 74
161 140
161 193
161 407
161 398
161 235
407 37
407 50
407 74
407 100
407 138
407 139
407 140
407 184
407 193
407 209
407 235
407 268
407 272
407 293
407 313
407 329
407 351
407 355
407 398
407 400
407 447
398 50
398 74
398 100
398 138
398 140
398 184
398 193
398 227
398 235
398 272
398 293
398 351
398 362
398 393
235 46
235 74
235 89
235 140
235 146
235 153
235 176
235 180
235 193
235 201
235 208
235 209
235 227
235 230
235 234
235 414
235 287
235 237
235 328
235 297
235 289
235 280
235 246
235 362
235 283
74 50
74 272
74 138
74 184
74 351
74 193
74 140
140 79
140 130
140 447
140 379
140 385
140 399
140 193
140 361
140 180
140 196
140 308
256 100
256 193
256 222
256 223
256 240
256 265
256 313
256 376
256 399
222 100
222 193
222 356
222 313
222 223
222 376
222 399
222 240
313 100
313 139
313 193
313 209
313 223
313 240
313 268
313 354
313 447
313 329
313 400
313 355
313 376
313 399
193 84
193 100
193 223
193 376
193 399
193 240
100 21
100 293
100 127
100 393
100 184
100 194
100 385
100 426
100 223
100 376
100 399
100 240
223 189
223 214
223 376
223 399
223 240
376 233
376 240
376 417
376 399
399 130
399 230
399 233
399 240
399 385
240 62
240 96
240 103
240 205
240 414
240 274
18 127
18 384
127 21
127 343
127 393
127 184
127 194
127 385
127 426
384 79
384 263
384 343
78 62
78 287
379 50
379 130
379 314
379 357
379 413
379 447
379 420
411 227
411 268
411 312
411 355
101 192
101 135
101 265
265 181
21 230
21 387
21 153
21 183
21 393
21 184
21 194
21 385
21 426
230 46
230 153
230 183
230 289
230 414
230 287
230 387
387 153
387 183
387 221
387 246
387 280
387 414
153 46
153 139
153 194
153 287
153 448
153 405
153 414
153 280
153 246
153 183
183 28
183 46
183 192
183 205
183 194
183 335
393 27
393 184
393 194
393 227
393 362
393 385
393 426
184 50
184 138
184 386
184 293
184 194
184 385
184 426
184 272
184 351
194 28
194 46
194 435
194 205
194 335
194 385
194 426
385 130
385 426
426 192
426 292
263 79
257 216
382 96
382 164
382 191
382 416
382 448
233 301
233 292
233 417
56 429
56 224
56 147
56 404
56 234
56 375
56 141
429 102
429 220
429 413
25 216
25 343
25 157
216 189
216 205
216 250
343 27
343 157
157 48
157 62
157 96
157 103
157 141
157 181
157 354
157 361
157 234
157 250
157 448
157 189
268 139
268 152
268 209
268 312
268 447
268 329
268 400
268 355
355 37
355 139
355 209
355 237
355 312
355 329
355 447
355 400
312 28
312 146
312 246
224 141
224 147
224 404
224 234
224 375
147 141
147 354
147 404
147 234
147 375
404 141
404 234
404 375
234 89
234 141
234 146
234 180
234 181
234 189
234 208
234 237
234 328
234 354
234 361
234 250
234 448
234 375
375 116
375 141
141 50
141 181
141 354
141 361
141 250
141 448
141 189
27 361
361 79
361 104
361 106
361 180
361 181
361 189
361 196
361 250
361 293
361 308
361 354
361 448
28 212
28 205
28 46
28 335
205 46
205 62
205 96
205 103
205 189
205 214
205 414
205 274
205 335
46 414
46 287
46 335
335 67
335 138
335 293
335 308
297 106
297 176
297 209
297 227
297 246
297 280
297 283
297 289
297 413
297 356
297 362
227 176
227 209
227 289
227 280
227 246
227 362
227 283
209 139
209 176
209 447
209 329
209 400
209 289
209 280
209 246
209 362
209 283
289 176
289 246
289 255
289 280
289 283
289 305
289 362
280 176
280 189
280 246
280 271
280 414
280 362
280 283
246 139
246 176
246 287
246 448
246 405
246 414
246 362
246 283
362 176
362 283
176 135
176 317
176 283
283 67
250 181
250 189
250 191
250 259
250 354
250 448
200 130
200 259
200 416
200 357
200 314
416 130
416 314
416 357
357 50
357 130
357 314
357 420
314 50
314 130
314 420
130 50
130 420
287 271
287 414
447 139
447 181
447 329
447 400
329 139
329 220
329 413
329 400
400 116
400 139
139 448
139 405
37 196
37 96
196 62
196 79
196 180
196 305
196 308
96 48
96 62
96 305
96 191
96 448
96 164
96 414
96 103
96 274
38 104
104 106
104 293
305 146
305 164
305 221
181 65
181 354
181 448
181 189
354 189
354 448
448 164
448 189
448 191
448 405
189 420
189 271
189 237
50 84
50 116
50 272
50 138
50 351
50 420
82 273
79 180
79 308
180 89
180 146
180 214
180 414
180 237
180 328
180 208
180 308
308 67
308 138
308 292
308 293
272 138
272 351
138 67
138 293
138 351
351 185
414 62
414 103
414 274
67 293
293 106
293 152
48 62
48 103
62 103
62 274
103 369
103 274
208 89
208 146
208 237
208 328
420 237
420 271
271 237
255 89
237 89
237 146
237 328
102 413
102 220
76 292
292 201
292 301
146 89
146 328
369 135
89 328
413 220
191 164
164 98
164 405
98 214
135 144
317 158
144 185
405 221
435 201
