450 8260
0 266
0 302
0 168
0 184
0 216
0 307
0 348
0 172
0 88
0 304
0 270
0 336
0 102
0 93
0 434
0 341
0 232
0 173
0 314
0 105
0 21
0 387
266 32
266 57
266 82
266 130
266 159
266 225
266 398
266 314
302 93
302 118
302 143
302 168
302 184
302 193
302 216
302 307
302 348
168 53
168 69
168 76
168 83
168 87
168 95
168 97
168 101
168 125
168 134
168 135
168 136
168 140
168 157
168 202
168 402
168 216
168 307
168 348
168 269
168 317
168 258
168 424
168 281
168 288
168 404
168 320
168 427
168 184
168 241
168 398
168 364
168 380
168 296
168 360
168 217
168 199
168 306
168 447
168 338
168 229
168 211
168 177
168 209
184 4
184 22
184 33
184 36
184 38
184 47
184 52
184 57
184 63
184 68
184 70
184 73
184 75
184 76
184 91
184 97
184 100
184 104
184 105
184 121
184 125
184 126
184 135
184 136
184 140
184 142
184 158
184 170
184 174
184 181
184 216
184 307
184 348
184 401
184 349
184 390
184 188
184 354
184 236
184 293
184 316
184 269
184 317
184 258
184 424
184 281
184 288
184 404
184 320
184 427
184 400
184 382
184 289
184 205
184 203
184 319
184 310
184 301
184 267
184 408
184 215
184 406
184 286
184 202
184 291
184 398
184 339
184 362
184 253
184 219
184 235
184 374
184 240
184 331
184 397
184 245
184 377
184 268
216 25
216 36
216 68
216 79
216 81
216 84
216 98
216 125
216 164
216 350
216 250
216 307
216 348
216 415
216 447
216 263
216 370
216 427
216 257
216 280
307 8
307 14
307 27
307 51
307 53
307 68
307 75
307 91
307 104
307 111
307 112
307 134
307 135
307 144
307 151
307 155
307 158
307 159
307 175
307 219
307 220
307 225
307 238
307 240
307 246
307 248
307 273
307 274
307 280
307 296
307 298
307 306
307 323
307 393
307 316
307 348
307 389
307 312
307 367
307 441
307 373
307 414
307 378
307 360
307 442
307 447
307 368
307 309
348 1
348 33
348 59
348 64
348 82
348 83
348 89
348 100
348 114
348 117
348 137
348 139
348 140
348 142
348 146
348 174
348 194
348 222
348 226
348 230
348 235
348 253
348 256
348 262
348 282
348 328
348 344
348 407
348 391
348 405
348 385
348 349
348 421
172 9
172 11
172 13
172 15
172 20
172 21
172 25
172 27
172 28
172 29
172 38
172 53
172 60
172 63
172 73
172 76
172 87
172 88
172 89
172 93
172 102
172 104
172 105
172 115
172 121
172 128
172 135
172 141
172 146
172 156
172 157
172 158
172 160
172 169
172 170
172 180
172 196
172 426
172 217
172 324
172 256
172 304
172 270
172 336
172 434
172 341
172 232
172 173
172 314
172 387
172 191
172 432
172 248
172 205
172 312
172 401
172 367
172 383
172 349
172 365
172 281
172 245
172 318
172 264
172 305
172 412
172 244
172 317
172 233
172 424
172 381
172 438
172 229
172 311
172 443
172 384
88 9
88 21
88 57
88 74
88 77
88 147
88 372
88 267
88 333
88 190
88 131
88 272
88 329
88 170
88 300
88 391
88 304
88 270
88 336
88 102
88 93
88 434
88 341
88 232
88 173
88 314
88 105
88 387
304 21
304 52
304 93
304 102
304 105
304 173
304 174
304 188
304 201
304 218
304 225
304 232
304 235
304 236
304 240
304 270
304 292
304 295
304 313
304 413
304 308
304 306
304 422
304 438
304 359
304 336
304 434
304 341
304 314
304 387
270 21
270 93
270 102
270 105
270 173
270 232
270 429
270 336
270 434
270 341
270 314
270 387
336 2
336 7
336 9
336 10
336 15
336 18
336 21
336 29
336 45
336 50
336 52
336 57
336 66
336 70
336 74
336 77
336 92
336 93
336 102
336 105
336 126
336 127
336 128
336 131
336 158
336 162
336 170
336 171
336 173
336 190
336 203
336 232
336 254
336 259
336 263
336 267
336 268
336 272
336 288
336 300
336 306
336 309
336 314
336 329
336 333
336 391
336 434
336 341
336 387
336 394
336 349
336 422
336 438
336 404
336 395
336 364
336 405
102 10
102 15
102 16
102 21
102 25
102 28
102 33
102 43
102 56
102 68
102 70
102 72
102 73
102 76
102 90
102 92
102 93
102 118
102 187
102 119
102 235
102 117
102 299
102 413
102 354
102 120
102 434
102 341
102 173
102 314
102 105
102 387
102 203
102 394
102 126
102 158
102 349
102 306
102 422
102 254
102 200
102 232
102 148
102 389
102 255
102 396
102 237
102 378
102 219
102 310
102 276
102 342
102 399
102 215
102 122
102 188
102 379
102 445
102 111
102 159
102 141
102 157
102 264
102 305
102 121
102 412
102 128
102 244
102 135
102 317
102 233
102 424
102 115
102 381
102 438
102 229
102 170
102 311
102 443
102 384
93 9
93 10
93 15
93 21
93 34
93 36
93 57
93 70
93 74
93 77
93 92
93 202
93 145
93 427
93 200
93 416
93 267
93 333
93 190
93 131
93 272
93 329
93 170
93 300
93 391
93 434
93 341
93 232
93 173
93 314
93 105
93 387
93 203
93 394
93 126
93 158
93 349
93 306
93 422
93 438
93 254
434 21
434 105
434 173
434 232
434 314
434 341
434 343
434 387
434 400
434 425
434 443
341 4
341 21
341 23
341 37
341 59
341 89
341 100
341 105
341 114
341 122
341 128
341 130
341 152
341 157
341 162
341 170
341 173
341 182
341 215
341 219
341 232
341 274
341 276
341 282
341 283
341 288
341 311
341 314
341 318
341 335
341 425
341 446
341 387
341 448
341 396
341 417
341 381
232 16
232 21
232 22
232 33
232 49
232 68
232 74
232 81
232 90
232 105
232 111
232 116
232 122
232 148
232 159
232 161
232 162
232 173
232 188
232 189
232 192
232 198
232 200
232 201
232 203
232 204
232 208
232 215
232 219
232 220
232 223
232 421
232 444
232 335
232 290
232 238
232 377
232 368
232 259
232 250
232 241
232 314
232 387
232 389
232 255
232 396
232 237
232 378
232 310
232 276
232 342
232 399
232 381
232 379
232 445
173 2
173 7
173 18
173 21
173 50
173 66
173 105
173 128
173 162
173 171
173 339
173 389
173 314
173 387
173 288
173 404
173 395
173 309
173 364
173 405
314 21
314 57
314 73
314 75
314 105
314 112
314 119
314 130
314 152
314 155
314 159
314 180
314 198
314 217
314 225
314 226
314 235
314 296
314 398
314 387
314 343
314 409
314 416
314 357
314 378
105 21
105 33
105 36
105 38
105 57
105 71
105 104
105 114
105 214
105 387
105 125
105 291
105 398
105 339
105 121
105 362
105 253
105 219
105 235
105 126
105 142
105 374
105 240
105 331
105 397
105 245
105 377
105 268
21 5
21 6
21 330
21 387
21 125
21 241
21 182
21 398
21 389
21 355
21 362
21 228
21 319
21 285
21 351
21 42
21 333
21 99
21 90
21 347
21 288
21 404
21 345
21 111
21 27
21 268
21 209
387 121
387 346
387 446
1 117
1 260
1 60
1 35
1 285
1 59
1 100
1 391
1 82
1 139
1 405
1 146
1 262
1 253
1 194
1 385
1 142
1 33
1 349
117 4
117 28
117 33
117 56
117 63
117 64
117 65
117 72
117 83
117 89
117 90
117 110
117 111
117 351
117 187
117 119
117 126
117 299
117 413
117 354
117 120
117 130
117 371
117 262
117 203
117 369
117 251
117 199
117 131
117 297
117 282
117 230
117 421
117 137
117 328
117 344
117 235
117 226
117 174
117 140
117 256
117 222
260 19
260 51
260 66
260 75
260 83
260 101
260 126
260 128
260 149
260 155
260 156
260 186
260 197
260 217
260 219
260 227
260 344
260 432
260 273
260 439
260 346
260 412
260 290
260 413
260 404
260 320
260 443
260 409
60 9
60 11
60 25
60 26
60 27
60 38
60 42
60 53
60 269
60 426
60 408
60 199
60 115
60 431
60 191
60 432
60 248
60 89
60 205
60 146
60 312
60 169
60 401
60 367
60 383
60 349
60 365
60 281
60 104
60 245
60 318
35 3
35 26
35 32
35 253
35 51
35 392
35 308
35 389
35 355
35 421
35 87
35 269
35 337
35 378
35 169
35 92
35 394
35 192
35 208
35 149
35 290
35 44
35 101
35 217
35 183
35 274
35 61
35 327
35 68
35 109
35 325
35 391
35 73
35 264
35 330
35 96
35 112
35 403
35 69
35 76
285 6
285 27
285 42
285 90
285 99
285 111
285 125
285 182
285 209
285 219
285 228
285 241
285 268
285 401
285 444
285 344
285 398
285 389
285 355
285 362
285 319
285 351
285 333
285 347
285 288
285 404
285 345
59 4
59 33
59 39
59 125
59 293
59 150
59 79
59 295
59 286
59 252
59 391
59 82
59 139
59 405
59 146
59 262
59 194
59 385
59 142
59 349
59 100
59 157
59 448
59 89
59 130
59 396
59 162
59 128
59 335
59 276
59 417
59 283
59 274
59 215
59 381
59 122
59 288
59 170
59 311
59 152
59 318
59 375
59 91
59 332
59 248
59 355
59 421
59 137
59 253
59 219
59 310
59 301
59 292
59 308
59 149
59 265
59 206
59 397
59 63
59 429
59 195
59 211
59 127
59 418
100 4
100 19
100 22
100 33
100 52
100 70
100 72
100 77
100 78
100 79
100 82
100 87
100 89
100 159
100 295
100 286
100 252
100 391
100 139
100 405
100 146
100 262
100 253
100 194
100 385
100 142
100 401
100 317
100 158
100 390
100 181
100 188
100 354
100 236
100 293
100 157
100 448
100 130
100 396
100 162
100 128
100 219
100 335
100 276
100 417
100 283
100 274
100 215
100 381
100 122
100 288
100 170
100 311
100 152
100 318
100 316
100 332
100 198
100 289
100 280
100 196
100 235
100 176
100 367
100 349
100 365
100 281
100 363
100 104
100 220
100 111
100 218
100 409
391 7
391 9
391 32
391 33
391 52
391 57
391 61
391 68
391 69
391 73
391 74
391 76
391 77
391 82
391 96
391 109
391 112
391 131
391 139
391 142
391 146
391 170
391 190
391 194
391 200
391 234
391 253
391 262
391 264
391 267
391 268
391 272
391 300
391 325
391 327
391 329
391 330
391 333
391 349
391 373
391 385
391 425
391 407
391 432
391 403
391 405
82 33
82 273
82 248
82 323
82 298
82 139
82 405
82 146
82 262
82 253
82 194
82 385
82 142
82 349
139 5
139 29
139 33
139 77
139 94
139 95
139 98
139 118
139 121
139 123
139 223
139 323
139 430
139 437
139 403
139 262
139 253
139 194
139 385
139 142
139 349
139 350
139 316
139 382
139 448
139 405
139 146
139 312
139 428
139 344
139 185
139 376
139 417
139 258
139 374
139 240
139 256
139 247
139 163
139 211
139 384
405 2
405 7
405 14
405 18
405 29
405 33
405 39
405 50
405 66
405 77
405 95
405 118
405 128
405 142
405 146
405 162
405 163
405 171
405 185
405 194
405 196
405 211
405 240
405 247
405 253
405 256
405 258
405 262
405 271
405 288
405 309
405 312
405 316
405 344
405 349
405 350
405 364
405 374
405 376
405 382
405 384
405 385
405 395
405 404
405 448
405 428
405 417
146 9
146 11
146 25
146 27
146 29
146 33
146 38
146 53
146 77
146 80
146 89
146 95
146 97
146 99
146 104
146 108
146 115
146 118
146 128
146 142
146 337
146 237
146 223
146 180
146 287
146 294
146 189
146 410
146 342
146 381
146 263
146 262
146 253
146 194
146 385
146 191
146 432
146 248
146 205
146 169
146 401
146 367
146 383
146 349
146 365
146 281
146 245
146 318
146 350
146 316
146 382
146 448
146 312
146 428
146 344
146 185
146 376
146 417
146 258
146 374
146 240
146 256
146 247
146 163
146 211
146 384
262 4
262 33
262 63
262 65
262 83
262 89
262 97
262 99
262 108
262 110
262 115
262 130
262 131
262 142
262 178
262 189
262 194
262 199
262 203
262 205
262 251
262 253
262 278
262 271
262 448
262 410
262 401
262 342
262 381
262 263
262 385
262 349
262 371
262 369
262 297
253 33
253 36
253 37
253 38
253 39
253 51
253 57
253 63
253 91
253 97
253 99
253 104
253 108
253 115
253 121
253 125
253 126
253 127
253 137
253 142
253 149
253 169
253 189
253 194
253 195
253 205
253 206
253 211
253 219
253 235
253 240
253 244
253 245
253 248
253 392
253 448
253 410
253 401
253 342
253 381
253 263
253 385
253 349
253 375
253 332
253 355
253 421
253 310
253 301
253 292
253 308
253 265
253 429
253 418
253 291
253 398
253 339
253 362
253 374
253 331
253 397
253 377
253 268
194 28
194 33
194 97
194 99
194 108
194 115
194 128
194 142
194 153
194 189
194 435
194 360
194 353
194 448
194 205
194 410
194 401
194 342
194 381
194 263
194 385
194 349
385 26
385 33
385 51
385 94
385 121
385 142
385 294
385 319
385 349
385 401
385 426
385 419
385 430
385 437
385 403
142 8
142 33
142 36
142 38
142 49
142 57
142 62
142 81
142 85
142 101
142 103
142 104
142 121
142 125
142 126
142 383
142 226
142 433
142 349
142 196
142 394
142 326
142 190
142 447
142 338
142 229
142 170
142 311
142 291
142 398
142 339
142 362
142 219
142 235
142 374
142 240
142 331
142 397
142 245
142 377
142 268
33 16
33 19
33 28
33 324
33 187
33 119
33 299
33 90
33 56
33 413
33 354
33 120
33 200
33 148
33 389
33 255
33 396
33 237
33 378
33 310
33 276
33 342
33 399
33 215
33 381
33 122
33 188
33 379
33 445
33 68
33 159
33 316
33 332
33 198
33 289
33 280
33 196
33 87
33 78
33 176
33 367
33 349
33 365
33 281
33 72
33 363
33 220
33 111
33 77
33 218
33 409
33 125
33 291
33 57
33 398
33 339
33 121
33 362
33 219
33 235
33 126
33 374
33 240
33 331
33 397
33 38
33 104
33 245
33 36
33 377
33 268
349 9
349 10
349 11
349 15
349 19
349 22
349 25
349 27
349 38
349 52
349 53
349 70
349 72
349 77
349 78
349 87
349 89
349 92
349 104
349 111
349 126
349 158
349 169
349 176
349 181
349 188
349 191
349 196
349 198
349 203
349 205
349 218
349 220
349 235
349 236
349 245
349 248
349 254
349 280
349 281
349 289
349 293
349 306
349 312
349 316
349 317
349 318
349 332
349 415
349 394
349 422
349 438
349 390
349 354
349 432
349 401
349 383
349 367
349 365
349 363
349 409
2 443
2 418
2 393
2 111
2 368
2 136
2 361
2 56
2 72
2 413
2 379
2 420
2 236
2 288
2 404
2 395
2 18
2 309
2 50
2 66
2 7
2 364
2 171
2 162
2 128
443 25
443 66
443 73
443 75
443 76
443 83
443 101
443 115
443 121
443 128
443 135
443 141
443 149
443 155
443 156
443 157
443 170
443 186
443 197
443 217
443 219
443 227
443 229
443 233
443 244
443 264
443 273
443 290
443 305
443 311
443 317
443 320
443 346
443 381
443 384
443 404
443 409
443 412
443 413
443 424
443 432
443 438
443 439
418 27
418 39
418 63
418 91
418 127
418 137
418 149
418 179
418 195
418 206
418 211
418 219
418 236
418 248
418 265
418 292
418 295
418 301
418 308
418 310
418 332
418 338
418 355
418 375
418 397
418 447
418 421
418 429
393 14
393 27
393 109
393 127
393 134
393 209
393 225
393 248
393 316
111 6
111 16
111 19
111 27
111 28
111 42
111 52
111 56
111 68
111 72
111 75
111 77
111 78
111 87
111 90
111 99
111 104
111 127
111 265
111 206
111 313
111 329
111 187
111 119
111 126
111 299
111 413
111 354
111 120
111 125
111 241
111 182
111 398
111 355
111 362
111 228
111 319
111 351
111 333
111 347
111 288
111 404
111 345
111 268
111 209
111 200
111 148
111 389
111 255
111 396
111 237
111 310
111 276
111 342
111 399
111 215
111 381
111 122
111 188
111 379
111 445
111 159
111 316
111 332
111 198
111 289
111 280
111 196
111 235
111 176
111 367
111 365
111 281
111 363
111 218
111 409
111 441
111 373
111 414
111 155
111 296
111 112
111 378
111 219
111 360
111 151
111 442
111 158
111 274
111 240
111 306
111 447
111 238
111 220
111 368
111 309
368 22
368 27
368 49
368 75
368 81
368 104
368 112
368 127
368 151
368 155
368 158
368 161
368 189
368 198
368 204
368 219
368 220
368 234
368 238
368 240
368 241
368 250
368 252
368 259
368 274
368 284
368 290
368 296
368 306
368 309
368 360
368 377
368 441
368 373
368 414
368 378
368 442
368 447
136 76
136 97
136 135
136 352
136 377
136 445
136 269
136 317
136 258
136 424
136 140
136 281
136 288
136 404
136 320
136 427
361 27
361 70
361 170
361 395
56 27
56 28
56 55
56 315
56 379
56 420
56 97
56 363
56 79
56 320
56 236
56 293
56 84
56 425
56 366
56 182
56 398
56 339
56 296
56 187
56 119
56 235
56 126
56 299
56 90
56 72
56 413
56 354
56 120
72 13
72 19
72 28
72 38
72 81
72 333
72 74
72 165
72 181
72 129
72 379
72 420
72 236
72 187
72 119
72 126
72 299
72 90
72 413
72 354
72 120
72 316
72 332
72 198
72 289
72 280
72 196
72 87
72 78
72 235
72 176
72 367
72 365
72 281
72 363
72 104
72 220
72 77
72 218
72 409
413 28
413 66
413 75
413 83
413 90
413 101
413 119
413 120
413 126
413 128
413 149
413 155
413 156
413 186
413 187
413 197
413 217
413 219
413 227
413 235
413 236
413 273
413 290
413 299
413 320
413 329
413 346
413 354
413 379
413 404
413 409
413 412
413 420
413 432
413 439
379 16
379 63
379 68
379 122
379 148
379 159
379 188
379 200
379 215
379 219
379 236
379 237
379 255
379 276
379 310
379 342
379 378
379 420
379 389
379 396
379 399
379 381
379 445
420 16
420 29
420 31
420 108
420 152
420 159
420 186
420 200
420 207
420 211
420 222
420 223
420 236
420 279
420 293
420 338
420 449
420 440
236 22
236 27
236 52
236 55
236 70
236 79
236 84
236 95
236 97
236 158
236 174
236 179
236 181
236 182
236 188
236 201
236 218
236 225
236 235
236 447
236 338
236 363
236 320
236 425
236 366
236 398
236 339
236 296
236 292
236 308
236 240
236 306
236 422
236 438
236 295
236 359
236 401
236 317
236 390
236 354
236 293
236 316
288 4
288 6
288 7
288 18
288 27
288 42
288 50
288 66
288 76
288 89
288 90
288 97
288 99
288 122
288 125
288 128
288 130
288 135
288 140
288 152
288 157
288 162
288 170
288 171
288 182
288 209
288 215
288 219
288 222
288 228
288 241
288 258
288 268
288 269
288 274
288 276
288 281
288 283
288 395
288 309
288 364
288 317
288 424
288 320
288 427
288 448
288 396
288 335
288 417
288 381
288 311
288 318
288 398
288 389
288 355
288 362
288 319
288 351
288 333
288 347
288 404
288 345
404 6
404 7
404 18
404 27
404 42
404 50
404 63
404 66
404 75
404 76
404 83
404 90
404 97
404 99
404 101
404 125
404 128
404 135
404 140
404 149
404 155
404 156
404 162
404 171
404 182
404 186
404 197
404 209
404 217
404 219
404 227
404 228
404 241
404 258
404 268
404 269
404 273
404 281
404 290
404 309
404 317
404 319
404 320
404 333
404 345
404 346
404 347
404 351
404 355
404 362
404 364
404 389
404 395
404 398
404 424
404 427
404 432
404 439
404 412
404 409
395 6
395 7
395 18
395 50
395 54
395 66
395 128
395 138
395 154
395 162
395 171
395 261
395 272
395 279
395 286
395 309
395 311
395 327
395 364
395 386
18 7
18 227
18 352
18 359
18 327
18 309
18 50
18 66
18 364
18 171
18 162
18 128
309 7
309 25
309 27
309 50
309 66
309 75
309 104
309 112
309 128
309 151
309 155
309 158
309 162
309 171
309 219
309 220
309 238
309 240
309 243
309 274
309 296
309 306
309 425
309 364
309 441
309 373
309 414
309 378
309 360
309 442
309 447
50 7
50 16
50 41
50 116
50 84
50 66
50 364
50 171
50 162
50 128
66 7
66 20
66 52
66 400
66 175
66 436
66 293
66 134
66 300
66 364
66 171
66 162
66 75
66 432
66 273
66 439
66 155
66 346
66 412
66 128
66 219
66 101
66 217
66 83
66 149
66 290
66 156
66 197
66 320
66 186
66 227
66 409
7 41
7 166
7 148
7 291
7 36
7 377
7 268
7 209
7 375
7 191
7 364
7 171
7 162
7 128
364 5
364 48
364 53
364 69
364 83
364 87
364 95
364 101
364 125
364 128
364 140
364 157
364 162
364 171
364 177
364 199
364 209
364 211
364 217
364 229
364 241
364 273
364 296
364 306
364 338
364 360
364 398
364 380
364 447
171 3
171 11
171 43
171 54
171 58
171 73
171 80
171 89
171 128
171 132
171 135
171 137
171 140
171 162
171 180
171 305
171 187
171 345
171 427
171 209
171 350
171 207
171 248
171 205
171 212
171 344
171 241
171 339
171 228
171 269
171 201
171 217
171 299
171 256
162 4
162 74
162 89
162 90
162 122
162 128
162 130
162 152
162 157
162 228
162 250
162 241
162 223
162 189
162 255
162 421
162 203
162 444
162 201
162 192
162 208
162 448
162 396
162 219
162 335
162 276
162 417
162 283
162 274
162 215
162 381
162 170
162 311
162 318
128 4
128 25
128 73
128 75
128 76
128 83
128 89
128 101
128 115
128 121
128 122
128 269
128 187
128 223
128 189
128 180
128 287
128 294
128 448
128 130
128 396
128 335
128 276
128 417
128 283
128 274
128 215
128 152
128 318
128 432
128 273
128 439
128 155
128 346
128 219
128 217
128 149
128 290
128 156
128 197
128 320
128 186
128 227
128 409
128 141
128 157
128 264
128 305
128 412
128 244
128 135
128 317
128 233
128 424
128 381
128 438
128 229
128 170
128 311
128 384
3 187
3 412
3 312
3 389
3 355
3 421
3 87
3 269
3 55
3 221
3 437
3 319
3 310
3 326
3 54
3 345
3 11
3 427
3 43
3 209
3 350
3 241
3 207
3 248
3 89
3 205
3 212
3 344
187 28
187 46
187 53
187 78
187 90
187 103
187 119
187 120
187 126
187 396
187 271
187 235
187 299
187 354
412 25
412 73
412 75
412 76
412 78
412 83
412 101
412 115
412 121
412 135
412 141
412 149
412 155
412 156
412 157
412 170
412 186
412 197
412 217
412 219
412 227
412 229
412 233
412 244
412 264
412 273
412 290
412 305
412 311
412 317
412 320
412 346
412 381
412 384
412 409
412 432
412 439
412 424
412 438
312 8
312 9
312 11
312 25
312 27
312 28
312 29
312 38
312 46
312 51
312 53
312 68
312 77
312 78
312 89
312 95
312 104
312 118
312 121
312 135
312 144
312 159
312 163
312 169
312 175
312 185
312 191
312 205
312 211
312 240
312 245
312 246
312 247
312 248
312 256
312 258
312 273
312 280
312 281
312 346
312 441
312 389
312 432
312 401
312 367
312 383
312 365
312 318
312 350
312 316
312 382
312 448
312 428
312 344
312 376
312 417
312 374
312 384
389 6
389 8
389 16
389 27
389 42
389 51
389 53
389 68
389 87
389 90
389 91
389 99
389 112
389 122
389 125
389 135
389 144
389 148
389 159
389 175
389 182
389 188
389 200
389 209
389 215
389 219
389 228
389 237
389 241
389 246
389 255
389 268
389 269
389 273
389 276
389 280
389 296
389 310
389 319
389 333
389 342
389 345
389 347
389 351
389 355
389 362
389 367
389 373
389 378
389 381
389 421
389 441
389 398
389 396
389 399
389 445
355 6
355 27
355 39
355 42
355 63
355 87
355 90
355 91
355 99
355 125
355 127
355 137
355 149
355 164
355 182
355 195
355 206
355 209
355 211
355 219
355 228
355 241
355 248
355 265
355 268
355 269
355 292
355 301
355 308
355 310
355 319
355 332
355 333
355 345
355 346
355 347
355 351
355 446
355 398
355 362
355 375
355 421
355 397
355 429
421 19
421 30
421 39
421 63
421 64
421 74
421 83
421 87
421 90
421 91
421 127
421 130
421 137
421 140
421 149
421 174
421 189
421 192
421 195
421 201
421 203
421 206
421 208
421 211
421 219
421 222
421 223
421 226
421 230
421 235
421 241
421 248
421 250
421 255
421 256
421 265
421 267
421 269
421 282
421 292
421 301
421 303
421 308
421 310
421 328
421 332
421 335
421 344
421 375
421 397
421 444
421 429
87 15
87 19
87 20
87 28
87 29
87 53
87 63
87 69
87 71
87 77
87 78
87 83
87 96
87 321
87 269
87 180
87 244
87 160
87 426
87 158
87 324
87 256
87 125
87 241
87 157
87 398
87 380
87 296
87 360
87 101
87 217
87 199
87 140
87 306
87 447
87 338
87 229
87 95
87 211
87 177
87 209
87 316
87 332
87 198
87 289
87 280
87 196
87 235
87 176
87 367
87 365
87 281
87 363
87 104
87 220
87 218
87 409
269 58
269 73
269 76
269 80
269 85
269 97
269 110
269 132
269 135
269 137
269 140
269 201
269 217
269 228
269 241
269 256
269 258
269 353
269 339
269 299
269 317
269 424
269 281
269 320
269 427
55 14
55 27
55 246
55 221
55 437
55 319
55 310
55 326
55 97
55 363
55 79
55 320
55 293
55 84
55 425
55 366
55 182
55 398
55 339
55 296
221 62
221 64
221 153
221 432
221 248
221 305
221 437
221 319
221 310
221 326
437 23
437 64
437 94
437 96
437 121
437 310
437 319
437 326
437 330
437 378
437 382
437 403
437 428
437 430
437 446
319 4
319 6
319 27
319 42
319 47
319 63
319 68
319 73
319 90
319 91
319 99
319 103
319 121
319 125
319 170
319 174
319 182
319 202
319 203
319 205
319 209
319 215
319 228
319 241
319 267
319 268
319 286
319 289
319 301
319 310
319 328
319 428
319 353
319 326
319 398
319 351
319 333
319 347
319 345
319 400
319 382
319 362
319 408
319 406
310 4
310 16
310 39
310 47
310 63
310 68
310 73
310 91
310 94
310 121
310 122
310 127
310 137
310 148
310 149
310 159
310 170
310 174
310 188
310 195
310 200
310 202
310 203
310 205
310 206
310 211
310 215
310 219
310 237
310 248
310 255
310 265
310 267
310 276
310 286
310 289
310 292
310 301
310 308
310 376
310 326
310 400
310 382
310 362
310 408
310 406
310 396
310 378
310 342
310 399
310 381
310 445
310 375
310 332
310 397
310 429
326 8
326 49
326 62
326 81
326 85
326 103
326 167
326 170
326 190
326 196
326 217
326 229
326 242
326 311
326 410
326 394
326 447
326 338
54 11
54 22
54 43
54 163
54 388
54 320
54 74
54 140
54 306
54 138
54 345
54 427
54 209
54 350
54 241
54 207
54 248
54 89
54 205
54 212
54 344
345 6
345 11
345 22
345 27
345 42
345 43
345 74
345 79
345 89
345 90
345 99
345 125
345 138
345 140
345 179
345 182
345 205
345 207
345 209
345 212
345 228
345 241
345 248
345 268
345 306
345 333
345 344
345 427
345 350
345 398
345 362
345 351
345 347
11 9
11 20
11 370
11 402
11 52
11 129
11 145
11 143
11 334
11 375
11 427
11 43
11 209
11 350
11 241
11 207
11 212
11 344
11 25
11 191
11 432
11 248
11 89
11 205
11 53
11 169
11 401
11 367
11 383
11 365
11 281
11 38
11 104
11 245
11 27
11 318
427 25
427 34
427 36
427 43
427 68
427 76
427 79
427 81
427 84
427 89
427 97
427 98
427 118
427 129
427 135
427 140
427 143
427 145
427 164
427 200
427 205
427 207
427 209
427 212
427 241
427 248
427 257
427 258
427 263
427 280
427 281
427 317
427 320
427 334
427 344
427 350
427 370
427 375
427 415
427 416
427 424
427 447
43 327
43 284
43 259
43 234
43 227
43 209
43 350
43 241
43 207
43 248
43 89
43 205
43 212
43 344
209 6
209 19
209 27
209 36
209 42
209 52
209 53
209 69
209 83
209 89
209 90
209 95
209 96
209 98
209 99
209 101
209 112
209 125
209 132
209 140
209 143
209 157
209 164
209 177
209 182
209 185
209 191
209 195
209 199
209 205
209 207
209 377
209 375
209 350
209 248
209 212
209 344
209 425
209 366
209 330
209 428
209 362
209 228
209 351
209 333
209 347
209 268
209 241
209 398
209 380
209 296
209 360
209 217
209 306
209 447
209 338
209 229
209 211
350 29
350 77
350 89
350 95
350 118
350 163
350 185
350 205
350 207
350 211
350 212
350 234
350 240
350 241
350 247
350 248
350 256
350 258
350 291
350 316
350 344
350 382
350 448
350 428
350 376
350 417
350 374
350 384
241 6
241 22
241 27
241 42
241 49
241 53
241 58
241 69
241 73
241 74
241 80
241 81
241 83
241 89
241 90
241 95
241 99
241 101
241 125
241 132
241 135
241 137
241 140
241 157
241 161
241 177
241 182
241 189
241 192
241 198
241 199
241 201
241 203
241 204
241 205
241 207
241 208
241 211
241 212
241 217
241 220
241 223
241 225
241 228
241 229
241 238
241 255
241 444
241 335
241 290
241 377
241 259
241 250
241 248
241 344
241 339
241 299
241 256
241 362
241 351
241 333
241 347
241 268
241 398
241 380
241 296
241 360
241 306
241 447
241 338
207 16
207 31
207 89
207 108
207 116
207 152
207 159
207 186
207 200
207 205
207 298
207 248
207 212
207 344
207 449
207 440
207 222
207 338
207 279
207 293
207 223
248 9
248 14
248 25
248 27
248 38
248 39
248 53
248 62
248 63
248 64
248 89
248 91
248 104
248 114
248 127
248 134
248 137
248 149
248 153
248 169
248 191
248 195
248 205
248 206
248 211
248 212
248 219
248 225
248 245
248 246
248 305
248 250
248 380
248 316
248 344
248 432
248 401
248 367
248 383
248 365
248 281
248 318
248 375
248 332
248 301
248 292
248 308
248 265
248 397
248 429
89 4
89 9
89 25
89 27
89 38
89 53
89 63
89 65
89 83
89 155
89 123
89 223
89 212
89 344
89 371
89 203
89 369
89 110
89 251
89 199
89 131
89 297
89 157
89 448
89 130
89 396
89 219
89 335
89 276
89 417
89 283
89 274
89 215
89 381
89 122
89 170
89 311
89 152
89 191
89 432
89 205
89 169
89 401
89 367
89 383
89 365
89 281
89 104
89 245
89 318
205 4
205 9
205 25
205 27
205 38
205 47
205 53
205 63
205 68
205 71
205 73
205 91
205 96
205 97
205 99
205 104
205 108
205 115
205 121
205 169
205 170
205 174
205 189
205 191
205 202
205 203
205 414
205 448
205 410
205 342
205 381
205 263
205 212
205 344
205 400
205 382
205 289
205 362
205 301
205 267
205 408
205 215
205 406
205 286
205 432
205 401
205 367
205 383
205 365
205 281
205 245
205 318
212 28
212 71
212 169
212 428
212 396
212 403
212 230
212 410
212 351
212 344
344 29
344 64
344 77
344 83
344 95
344 118
344 137
344 140
344 163
344 174
344 185
344 210
344 211
344 222
344 226
344 230
344 235
344 240
344 247
344 256
344 258
344 282
344 316
344 328
344 382
344 448
344 428
344 376
344 417
344 374
344 384
4 95
4 195
4 371
4 369
4 110
4 251
4 83
4 199
4 65
4 131
4 297
4 157
4 448
4 130
4 396
4 219
4 335
4 276
4 417
4 283
4 274
4 381
4 122
4 311
4 152
4 318
4 400
4 91
4 382
4 73
4 289
4 121
4 362
4 203
4 301
4 267
4 408
4 174
4 215
4 406
4 47
4 63
4 170
4 286
4 202
4 68
95 29
95 53
95 69
95 77
95 83
95 254
95 354
95 316
95 382
95 448
95 428
95 185
95 376
95 417
95 258
95 374
95 240
95 256
95 247
95 163
95 118
95 384
95 125
95 157
95 398
95 380
95 296
95 360
95 101
95 217
95 199
95 140
95 306
95 447
95 338
95 229
95 211
95 177
195 19
195 39
195 52
195 63
195 77
195 91
195 92
195 94
195 96
195 98
195 112
195 115
195 127
195 132
195 133
195 137
195 143
195 149
195 161
195 164
195 185
195 186
195 286
195 229
195 335
195 226
195 424
195 431
195 422
195 338
195 204
195 259
195 268
195 425
195 366
195 330
195 428
195 375
195 332
195 219
195 301
195 292
195 308
195 265
195 206
195 397
195 429
195 211
371 30
371 45
371 53
371 63
371 65
371 83
371 110
371 113
371 114
371 127
371 130
371 131
371 141
371 157
371 199
371 203
371 237
371 251
371 254
371 255
371 287
371 297
371 334
371 343
371 369
371 436
371 375
371 448
369 63
369 65
369 78
369 83
369 103
369 110
369 130
369 131
369 135
369 185
369 199
369 203
369 251
369 297
110 63
110 65
110 83
110 276
110 130
110 203
110 251
110 199
110 131
110 297
251 63
251 65
251 83
251 85
251 130
251 131
251 199
251 203
251 297
83 53
83 63
83 64
83 65
83 69
83 75
83 124
83 224
83 342
83 242
83 99
83 130
83 203
83 131
83 297
83 282
83 230
83 137
83 328
83 235
83 226
83 174
83 256
83 222
83 125
83 157
83 398
83 380
83 296
83 360
83 199
83 140
83 306
83 447
83 338
83 229
83 211
83 177
83 432
83 273
83 439
83 155
83 346
83 219
83 101
83 217
83 149
83 290
83 156
83 197
83 320
83 186
83 227
83 409
199 26
199 40
199 42
199 53
199 58
199 63
199 65
199 67
199 69
199 85
199 90
199 101
199 115
199 125
199 130
199 131
199 140
199 157
199 165
199 169
199 177
199 183
199 351
199 308
199 408
199 431
199 203
199 297
199 398
199 380
199 296
199 360
199 217
199 306
199 447
199 338
199 229
199 211
65 63
65 106
65 181
65 449
65 156
65 130
65 203
65 131
65 297
131 9
131 57
131 63
131 74
131 77
131 130
131 415
131 390
131 267
131 333
131 190
131 272
131 329
131 170
131 300
131 203
131 297
297 6
297 8
297 13
297 24
297 63
297 130
297 154
297 158
297 203
297 267
297 438
297 388
297 324
297 440
297 356
297 340
297 331
297 363
157 16
157 23
157 25
157 30
157 45
157 53
157 69
157 73
157 76
157 101
157 113
157 114
157 115
157 121
157 122
157 125
157 127
157 130
157 135
157 140
157 141
157 152
157 366
157 254
157 436
157 343
157 334
157 375
157 287
157 448
157 396
157 219
157 335
157 276
157 417
157 283
157 274
157 215
157 318
157 398
157 380
157 296
157 360
157 217
157 306
157 447
157 338
157 211
157 177
157 264
157 305
157 244
157 317
157 233
157 424
157 381
157 438
157 229
157 170
157 311
157 384
448 29
448 30
448 32
448 45
448 53
448 77
448 97
448 99
448 108
448 113
448 114
448 115
448 118
448 122
448 127
448 130
448 141
448 152
448 163
448 170
448 185
448 189
448 211
448 215
448 219
448 240
448 247
448 254
448 256
448 257
448 258
448 263
448 274
448 276
448 283
448 287
448 311
448 316
448 318
448 334
448 335
448 342
448 343
448 374
448 375
448 376
448 381
448 382
448 384
448 396
448 401
448 410
448 417
448 428
448 436
130 23
130 37
130 57
130 63
130 114
130 122
130 282
130 446
130 159
130 225
130 398
130 203
130 396
130 219
130 335
130 276
130 417
130 283
130 274
130 215
130 381
130 170
130 311
130 152
130 318
396 16
396 68
396 122
396 137
396 148
396 152
396 159
396 170
396 188
396 200
396 215
396 219
396 237
396 255
396 274
396 276
396 283
396 311
396 318
396 335
396 342
396 378
396 381
396 417
396 399
396 445
219 16
219 27
219 28
219 36
219 38
219 39
219 57
219 63
219 68
219 75
219 91
219 101
219 104
219 112
219 121
219 122
219 125
219 126
219 127
219 137
219 148
219 149
219 151
219 152
219 155
219 156
219 158
219 159
219 170
219 186
219 188
219 197
219 200
219 206
219 211
219 215
219 217
219 353
219 335
219 417
219 283
219 311
219 318
219 255
219 237
219 276
219 342
219 399
219 381
219 445
219 375
219 332
219 301
219 292
219 308
219 265
219 429
219 432
219 273
219 439
219 346
219 290
219 320
219 227
219 409
219 291
219 398
219 339
219 362
219 235
219 374
219 331
219 397
219 245
219 377
219 268
219 441
219 373
219 414
219 296
219 378
219 360
219 442
219 274
219 240
219 306
219 447
219 238
219 220
335 74
335 77
335 90
335 92
335 94
335 115
335 122
335 133
335 143
335 152
335 170
335 176
335 189
335 192
335 201
335 203
335 204
335 208
335 211
335 215
335 223
335 226
335 250
335 255
335 259
335 274
335 276
335 283
335 311
335 318
335 419
335 424
335 431
335 422
335 338
335 444
335 417
335 381
276 16
276 68
276 122
276 148
276 152
276 159
276 170
276 188
276 200
276 210
276 215
276 237
276 255
276 274
276 392
276 417
276 283
276 311
276 318
276 378
276 342
276 399
276 381
276 445
417 29
417 77
417 118
417 122
417 152
417 163
417 170
417 185
417 211
417 215
417 240
417 247
417 256
417 258
417 274
417 283
417 311
417 316
417 318
417 374
417 376
417 381
417 382
417 384
417 401
417 428
283 67
283 122
283 152
283 170
283 215
283 274
283 299
283 324
283 292
283 381
283 311
283 318
274 27
274 44
274 58
274 75
274 101
274 104
274 112
274 122
274 151
274 152
274 155
274 158
274 170
274 183
274 190
274 215
274 217
274 220
274 238
274 240
274 265
274 403
274 381
274 311
274 318
274 441
274 373
274 414
274 296
274 378
274 360
274 442
274 306
274 447
381 16
381 25
381 68
381 73
381 76
381 97
381 99
381 108
381 115
381 121
381 122
381 135
381 141
381 148
381 152
381 159
381 170
381 188
381 189
381 197
381 200
381 215
381 222
381 229
381 233
381 237
381 240
381 244
381 255
381 263
381 264
381 305
381 311
381 317
381 318
381 340
381 342
381 378
381 410
381 401
381 399
381 445
381 424
381 438
381 384
122 16
122 68
122 156
122 238
122 170
122 311
122 152
122 318
122 200
122 148
122 255
122 237
122 378
122 342
122 399
122 215
122 188
122 445
122 159
311 8
311 25
311 49
311 62
311 70
311 73
311 76
311 81
311 85
311 103
311 115
311 121
311 127
311 135
311 141
311 152
311 170
311 190
311 196
311 215
311 229
311 233
311 244
311 264
311 305
311 394
311 447
311 338
311 318
311 317
311 424
311 438
311 384
152 16
152 31
152 73
152 75
152 108
152 112
152 119
152 436
152 211
152 268
152 343
152 409
152 416
152 357
152 155
152 296
152 378
152 235
152 226
152 217
152 449
152 440
152 222
152 338
152 279
152 186
152 293
152 159
152 200
152 223
152 215
152 170
152 318
318 9
318 25
318 27
318 34
318 38
318 53
318 79
318 104
318 169
318 170
318 191
318 215
318 245
318 252
318 277
318 281
318 286
318 295
318 409
318 432
318 401
318 367
318 383
318 365
400 16
400 47
400 63
400 68
400 73
400 91
400 109
400 121
400 170
400 174
400 202
400 203
400 215
400 267
400 286
400 289
400 301
400 334
400 362
400 382
400 441
400 408
400 406
91 39
91 47
91 63
91 68
91 73
91 257
91 275
91 357
91 273
91 280
91 296
91 112
91 382
91 289
91 121
91 362
91 203
91 267
91 408
91 174
91 215
91 406
91 170
91 286
91 202
91 375
91 332
91 137
91 301
91 292
91 308
91 149
91 265
91 206
91 397
91 429
91 211
91 127
382 23
382 29
382 47
382 48
382 63
382 64
382 68
382 73
382 77
382 118
382 121
382 163
382 170
382 174
382 185
382 202
382 203
382 211
382 215
382 240
382 247
382 256
382 258
382 267
382 286
382 289
382 301
382 316
382 330
382 362
382 374
382 376
382 416
382 408
382 406
382 428
382 384
73 25
73 32
73 47
73 58
73 61
73 63
73 68
73 69
73 239
73 327
73 109
73 325
73 330
73 96
73 403
73 132
73 339
73 80
73 137
73 228
73 201
73 299
73 140
73 256
73 343
73 409
73 75
73 416
73 357
73 155
73 296
73 112
73 378
73 119
73 235
73 226
73 217
73 289
73 362
73 203
73 301
73 267
73 408
73 174
73 215
73 406
73 286
73 202
73 141
73 264
73 305
73 121
73 244
73 135
73 76
73 317
73 233
73 424
73 115
73 438
73 229
73 170
73 384
289 19
289 47
289 63
289 68
289 77
289 78
289 104
289 121
289 170
289 174
289 176
289 196
289 198
289 202
289 203
289 215
289 218
289 220
289 230
289 235
289 267
289 280
289 281
289 286
289 298
289 305
289 362
289 301
289 408
289 406
289 316
289 332
289 367
289 365
289 363
289 409
121 23
121 25
121 36
121 38
121 47
121 57
121 63
121 64
121 68
121 76
121 94
121 104
121 115
121 330
121 428
121 430
121 403
121 203
121 301
121 267
121 408
121 174
121 215
121 406
121 286
121 202
121 141
121 264
121 305
121 244
121 135
121 317
121 233
121 424
121 438
121 229
121 170
121 384
121 125
121 291
121 398
121 339
121 362
121 235
121 126
121 374
121 240
121 331
121 397
121 245
121 377
121 268
362 6
362 27
362 36
362 38
362 42
362 47
362 57
362 63
362 68
362 90
362 99
362 104
362 125
362 126
362 170
362 174
362 182
362 202
362 203
362 215
362 228
362 235
362 240
362 245
362 246
362 267
362 268
362 278
362 286
362 291
362 301
362 331
362 333
362 339
362 347
362 351
362 408
362 406
362 398
362 374
362 397
362 377
203 10
203 15
203 47
203 63
203 68
203 70
203 74
203 90
203 92
203 126
203 158
203 170
203 174
203 189
203 192
203 201
203 202
203 419
203 250
203 223
203 255
203 444
203 208
203 394
203 306
203 422
203 438
203 254
203 301
203 267
203 408
203 215
203 406
203 286
301 39
301 47
301 63
301 68
301 127
301 137
301 149
301 170
301 174
301 185
301 202
301 206
301 211
301 215
301 265
301 267
301 286
301 292
301 367
301 342
301 435
301 408
301 406
301 375
301 332
301 308
301 397
301 429
267 8
267 9
267 19
267 24
267 47
267 49
267 57
267 63
267 68
267 74
267 76
267 77
267 137
267 170
267 174
267 190
267 201
267 202
267 215
267 235
267 256
267 265
267 383
267 358
267 303
267 340
267 331
267 363
267 333
267 272
267 329
267 300
267 408
267 406
267 286
408 26
408 42
408 47
408 63
408 68
408 115
408 149
408 170
408 174
408 202
408 215
408 286
408 392
408 406
408 431
174 47
174 52
174 63
174 64
174 68
174 137
174 140
174 170
174 208
174 201
174 292
174 308
174 240
174 306
174 422
174 438
174 295
174 218
174 359
174 225
174 282
174 230
174 328
174 235
174 226
174 256
174 222
174 215
174 406
174 286
174 202
215 16
215 31
215 47
215 63
215 68
215 148
215 159
215 170
215 188
215 200
215 202
215 406
215 286
215 255
215 237
215 378
215 342
215 399
215 445
406 15
406 22
406 47
406 63
406 68
406 97
406 115
406 170
406 202
406 286
47 42
47 113
47 333
47 49
47 265
47 181
47 138
47 63
47 170
47 286
47 202
47 68
63 15
63 20
63 28
63 29
63 39
63 354
63 180
63 196
63 244
63 160
63 426
63 217
63 158
63 324
63 256
63 170
63 286
63 202
63 68
63 375
63 332
63 137
63 292
63 308
63 149
63 265
63 206
63 397
63 429
63 211
63 127
170 8
170 9
170 25
170 49
170 57
170 62
170 68
170 74
170 76
170 77
170 81
170 85
170 103
170 115
170 135
170 141
170 333
170 272
170 329
170 300
170 196
170 394
170 190
170 447
170 338
170 286
170 202
170 264
170 305
170 244
170 317
170 233
170 424
170 438
170 229
170 384
286 68
286 70
286 79
286 202
286 227
286 252
286 277
286 295
202 68
202 186
68 8
68 16
68 25
68 32
68 36
68 51
68 53
68 61
68 134
68 227
68 282
68 373
68 414
68 175
68 441
68 273
68 246
68 144
68 135
68 367
68 327
68 109
68 325
68 264
68 330
68 96
68 112
68 403
68 69
68 76
68 415
68 81
68 447
68 263
68 79
68 370
68 84
68 257
68 98
68 164
68 280
68 200
68 148
68 255
68 237
68 378
68 342
68 399
68 188
68 445
68 159
5 446
5 239
5 71
446 12
446 23
446 37
446 114
446 230
446 282
239 30
239 80
71 28
71 112
71 230
71 169
71 410
71 351
6 322
6 272
6 138
6 154
6 261
6 327
6 125
6 182
6 398
6 228
6 351
6 42
6 333
6 99
6 90
6 347
6 27
6 268
322 331
322 388
272 9
272 31
272 49
272 57
272 74
272 76
272 77
272 138
272 154
272 163
272 190
272 256
272 261
272 265
272 356
272 327
272 333
272 329
272 300
138 22
138 42
138 49
138 74
138 129
138 147
138 154
138 261
138 327
138 333
138 265
138 181
138 140
138 306
154 13
154 20
154 45
154 70
154 158
154 324
154 440
154 356
154 261
154 327
154 240
154 256
154 197
154 338
154 445
154 161
261 70
261 377
261 295
261 327
327 32
327 61
327 69
327 76
327 96
327 109
327 112
327 264
327 325
327 386
327 330
327 403
125 27
125 36
125 38
125 42
125 53
125 57
125 69
125 90
125 99
125 101
125 104
125 384
125 159
125 284
125 166
125 182
125 228
125 351
125 333
125 347
125 380
125 296
125 360
125 217
125 140
125 306
125 447
125 338
125 229
125 211
125 177
125 291
125 398
125 339
125 235
125 126
125 374
125 240
125 331
125 397
125 245
125 377
125 268
182 16
182 27
182 42
182 79
182 84
182 90
182 97
182 99
182 323
182 423
182 363
182 320
182 293
182 425
182 366
182 339
182 296
182 398
182 228
182 351
182 333
182 347
182 268
398 27
398 36
398 38
398 42
398 53
398 57
398 69
398 79
398 84
398 90
398 97
398 99
398 101
398 104
398 126
398 140
398 159
398 177
398 211
398 217
398 225
398 228
398 229
398 235
398 240
398 245
398 264
398 268
398 282
398 291
398 293
398 296
398 306
398 320
398 331
398 333
398 338
398 339
398 347
398 351
398 360
398 363
398 366
398 374
398 377
398 380
398 397
398 425
398 447
228 27
228 42
228 58
228 80
228 90
228 99
228 132
228 135
228 137
228 140
228 201
228 217
228 294
228 339
228 299
228 256
228 351
228 333
228 347
228 268
351 27
351 28
351 42
351 67
351 85
351 90
351 92
351 99
351 169
351 230
351 268
351 308
351 333
351 347
351 410
42 26
42 27
42 383
42 358
42 126
42 376
42 49
42 265
42 181
42 115
42 431
42 333
42 99
42 90
42 347
42 268
333 9
333 13
333 24
333 27
333 49
333 57
333 74
333 76
333 77
333 90
333 99
333 124
333 129
333 165
333 181
333 190
333 256
333 265
333 268
333 300
333 329
333 449
333 347
99 15
99 27
99 90
99 97
99 415
99 189
99 410
99 401
99 342
99 108
99 115
99 263
99 347
99 268
90 27
90 28
90 67
90 74
90 85
90 169
90 308
90 250
90 223
90 189
90 255
90 444
90 201
90 192
90 208
90 119
90 235
90 126
90 299
90 354
90 120
90 347
90 268
347 27
347 106
347 188
347 238
347 268
347 331
27 9
27 25
27 338
27 179
27 295
27 97
27 363
27 79
27 320
27 293
27 84
27 425
27 366
27 339
27 268
27 191
27 432
27 53
27 169
27 401
27 367
27 383
27 365
27 281
27 38
27 245
27 75
27 441
27 373
27 414
27 155
27 296
27 112
27 378
27 360
27 151
27 442
27 158
27 240
27 306
27 447
27 238
27 104
27 220
268 19
268 29
268 36
268 38
268 52
268 57
268 70
268 96
268 98
268 104
268 112
268 126
268 132
268 159
268 164
268 185
268 191
268 211
268 234
268 235
268 240
268 245
268 259
268 263
268 402
268 277
268 325
268 373
268 375
268 425
268 366
268 330
268 428
268 291
268 339
268 374
268 331
268 397
268 377
41 300
41 175
41 75
41 132
41 107
166 250
166 432
166 375
148 16
148 39
148 414
148 332
148 200
148 255
148 237
148 378
148 342
148 399
148 188
148 445
148 159
291 32
291 36
291 38
291 57
291 104
291 126
291 235
291 240
291 245
291 325
291 339
291 374
291 331
291 397
291 377
36 25
36 34
36 352
36 375
36 191
36 145
36 200
36 416
36 415
36 81
36 447
36 263
36 79
36 370
36 84
36 257
36 98
36 164
36 280
36 57
36 339
36 235
36 126
36 374
36 240
36 331
36 397
36 38
36 104
36 245
36 377
377 22
377 38
377 49
377 57
377 81
377 104
377 126
377 161
377 189
377 191
377 198
377 204
377 220
377 235
377 238
377 240
377 245
377 250
377 259
377 290
377 331
377 339
377 374
377 375
377 397
375 30
375 39
375 45
375 53
375 109
375 113
375 114
375 127
375 129
375 137
375 141
375 143
375 145
375 149
375 191
375 206
375 211
375 234
375 254
375 265
375 287
375 292
375 308
375 332
375 334
375 343
375 436
375 397
375 429
191 9
191 25
191 38
191 39
191 53
191 104
191 150
191 169
191 357
191 407
191 250
191 380
191 246
191 432
191 401
191 367
191 383
191 365
191 281
191 245
8 449
8 424
8 17
8 24
8 340
8 331
8 363
8 159
8 175
8 441
8 273
8 280
8 246
8 53
8 144
8 135
8 51
8 367
8 196
8 62
8 103
8 394
8 85
8 49
8 190
8 81
8 447
8 338
8 229
449 16
449 31
449 108
449 133
449 159
449 186
449 200
449 222
449 223
449 233
449 279
449 293
449 338
449 390
449 440
424 15
424 25
424 40
424 76
424 77
424 92
424 94
424 97
424 115
424 133
424 135
424 140
424 141
424 143
424 204
424 211
424 226
424 229
424 233
424 244
424 258
424 259
424 264
424 281
424 305
424 317
424 320
424 338
424 358
424 384
424 422
424 431
424 438
17 151
24 390
24 358
24 340
24 331
24 363
340 124
340 149
340 249
340 331
340 363
331 15
331 38
331 57
331 104
331 126
331 235
331 240
331 245
331 365
331 363
331 339
331 374
331 397
363 19
363 77
363 78
363 79
363 84
363 97
363 104
363 129
363 176
363 196
363 197
363 198
363 204
363 218
363 220
363 222
363 235
363 280
363 281
363 293
363 296
363 316
363 320
363 332
363 339
363 425
363 366
363 367
363 365
363 409
159 16
159 31
159 51
159 53
159 57
159 108
159 135
159 144
159 282
159 373
159 414
159 225
159 175
159 441
159 273
159 280
159 246
159 367
159 440
159 222
159 338
159 279
159 186
159 293
159 223
159 200
159 255
159 237
159 378
159 342
159 399
159 188
159 445
175 16
175 51
175 53
175 135
175 144
175 384
175 259
175 441
175 273
175 280
175 246
175 367
441 51
441 53
441 75
441 104
441 112
441 135
441 144
441 151
441 155
441 158
441 200
441 220
441 238
441 240
441 246
441 257
441 273
441 280
441 282
441 296
441 306
441 360
441 367
441 373
441 378
441 414
441 442
441 447
273 51
273 53
273 75
273 101
273 107
273 112
273 135
273 144
273 149
273 155
273 156
273 186
273 197
273 217
273 227
273 246
273 414
273 296
273 280
273 367
273 432
273 439
273 346
273 290
273 320
273 409
280 19
280 25
280 51
280 53
280 64
280 77
280 78
280 79
280 81
280 84
280 98
280 104
280 112
280 135
280 144
280 164
280 176
280 196
280 198
280 218
280 220
280 235
280 246
280 257
280 263
280 271
280 296
280 415
280 447
280 370
280 316
280 332
280 367
280 365
280 281
280 409
246 39
246 51
246 53
246 135
246 144
246 337
246 287
246 250
246 432
246 380
246 367
53 9
53 25
53 30
53 38
53 44
53 45
53 51
53 113
53 254
53 436
53 127
53 343
53 334
53 141
53 114
53 287
53 144
53 135
53 432
53 169
53 401
53 367
53 383
53 365
53 281
53 104
53 245
53 380
53 296
53 69
53 360
53 101
53 217
53 140
53 306
53 447
53 338
53 229
53 211
53 177
144 51
144 135
144 210
144 367
135 25
135 44
135 51
135 58
135 76
135 80
135 97
135 115
135 126
135 132
135 176
135 367
135 339
135 137
135 201
135 217
135 299
135 256
135 258
135 140
135 281
135 320
135 141
135 264
135 305
135 244
135 317
135 233
135 438
135 229
135 384
51 49
51 442
51 169
51 392
51 308
51 149
51 342
51 108
51 190
51 81
51 447
51 367
367 9
367 19
367 25
367 38
367 76
367 77
367 78
367 104
367 169
367 176
367 196
367 198
367 218
367 220
367 235
367 245
367 281
367 316
367 332
367 365
367 432
367 401
367 383
367 409
196 15
196 19
196 20
196 28
196 29
196 49
196 62
196 77
196 78
196 81
196 85
196 103
196 104
196 112
196 158
196 160
196 176
196 180
196 190
196 244
196 426
196 217
196 324
196 256
196 394
196 447
196 338
196 229
196 316
196 332
196 198
196 235
196 365
196 281
196 220
196 218
196 409
62 49
62 296
62 321
62 178
62 432
62 64
62 305
62 153
62 103
62 394
62 85
62 190
62 81
62 447
62 338
62 229
103 49
103 81
103 85
103 287
103 294
103 394
103 190
103 447
103 338
103 229
394 10
394 15
394 49
394 70
394 81
394 85
394 92
394 101
394 126
394 149
394 158
394 190
394 192
394 208
394 229
394 254
394 290
394 303
394 306
394 328
394 338
394 422
394 438
394 447
85 44
85 49
85 67
85 81
85 169
85 308
85 190
85 447
85 338
85 229
49 22
49 233
49 181
49 342
49 108
49 76
49 265
49 256
49 290
49 238
49 204
49 220
49 161
49 259
49 250
49 198
49 189
49 190
49 81
49 447
49 338
49 229
190 9
190 57
190 74
190 77
190 81
190 108
190 299
190 342
190 329
190 300
190 447
190 338
190 229
81 22
81 25
81 79
81 342
81 108
81 290
81 238
81 204
81 220
81 161
81 259
81 250
81 198
81 189
81 415
81 263
81 370
81 84
81 257
81 98
81 164
81 447
81 338
81 229
447 25
447 69
447 75
447 79
447 84
447 98
447 101
447 104
447 108
447 112
447 140
447 151
447 155
447 158
447 164
447 177
447 179
447 206
447 211
447 213
447 217
447 220
447 229
447 238
447 240
447 257
447 263
447 265
447 295
447 296
447 306
447 313
447 329
447 338
447 342
447 360
447 370
447 373
447 378
447 380
447 414
447 415
447 442
338 16
338 31
338 69
338 77
338 92
338 94
338 101
338 108
338 115
338 133
338 140
338 143
338 161
338 177
338 179
338 186
338 197
338 200
338 204
338 211
338 217
338 222
338 223
338 226
338 229
338 240
338 254
338 256
338 259
338 279
338 293
338 295
338 296
338 306
338 445
338 431
338 422
338 440
338 380
338 360
229 25
229 69
229 76
229 101
229 115
229 120
229 140
229 141
229 177
229 211
229 213
229 217
229 380
229 296
229 360
229 306
229 264
229 305
229 244
229 317
229 233
229 438
229 384
9 74
9 329
9 77
9 300
9 57
9 25
9 432
9 169
9 401
9 383
9 365
9 281
9 38
9 104
9 245
74 13
74 22
74 57
74 115
74 140
74 306
74 165
74 181
74 129
74 250
74 223
74 189
74 255
74 444
74 201
74 192
74 208
74 329
74 77
74 300
329 57
329 77
329 120
329 206
329 220
329 245
329 265
329 300
329 313
329 438
77 19
77 29
77 57
77 436
77 193
77 94
77 226
77 92
77 133
77 115
77 431
77 422
77 204
77 143
77 259
77 300
77 428
77 185
77 376
77 258
77 374
77 240
77 256
77 247
77 163
77 211
77 118
77 384
77 316
77 332
77 198
77 78
77 235
77 176
77 365
77 281
77 104
77 220
77 218
77 409
300 20
300 52
300 57
300 134
300 234
300 293
300 416
300 436
57 38
57 52
57 234
57 325
57 373
57 225
57 339
57 235
57 126
57 374
57 240
57 397
57 104
57 245
25 116
25 415
25 263
25 79
25 370
25 84
25 257
25 98
25 164
25 432
25 169
25 401
25 383
25 365
25 281
25 38
25 104
25 245
25 141
25 264
25 305
25 244
25 76
25 317
25 233
25 115
25 438
25 384
432 38
432 39
432 64
432 75
432 101
432 104
432 149
432 153
432 155
432 156
432 169
432 186
432 197
432 217
432 223
432 227
432 245
432 250
432 281
432 290
432 305
432 320
432 346
432 365
432 380
432 383
432 401
432 409
432 439
169 26
169 28
169 38
169 67
169 92
169 104
169 149
169 230
169 410
169 392
169 308
169 337
169 378
169 208
169 401
169 383
169 365
169 281
169 245
401 22
401 38
401 52
401 70
401 97
401 104
401 108
401 115
401 158
401 181
401 188
401 189
401 245
401 263
401 281
401 293
401 316
401 317
401 342
401 354
401 365
401 383
401 390
401 392
401 410
383 38
383 104
383 245
383 281
383 299
383 324
383 365
383 374
383 392
365 19
365 38
365 78
365 104
365 176
365 198
365 218
365 220
365 235
365 245
365 256
365 281
365 316
365 332
365 409
281 15
281 19
281 38
281 76
281 78
281 97
281 104
281 140
281 176
281 198
281 218
281 220
281 235
281 245
281 258
281 317
281 320
281 316
281 332
281 409
38 29
38 339
38 235
38 126
38 374
38 240
38 397
38 104
38 245
104 19
104 75
104 78
104 316
104 332
104 198
104 176
104 218
104 409
104 339
104 235
104 126
104 374
104 397
104 245
104 373
104 414
104 155
104 296
104 112
104 378
104 360
104 151
104 442
104 158
104 240
104 306
104 238
104 220
245 61
245 126
245 204
245 235
245 240
245 411
245 339
245 374
245 397
10 151
10 201
10 294
10 126
10 92
10 158
10 15
10 306
10 422
10 438
10 254
10 70
151 67
151 75
151 112
151 392
151 373
151 414
151 155
151 296
151 378
151 360
151 442
151 158
151 240
151 306
151 238
151 220
201 19
201 52
201 58
201 80
201 132
201 137
201 140
201 189
201 192
201 303
201 250
201 223
201 255
201 444
201 208
201 235
201 292
201 308
201 240
201 306
201 422
201 438
201 295
201 218
201 359
201 225
201 339
201 217
201 299
201 256
294 180
294 189
294 223
294 287
126 15
126 28
126 70
126 92
126 119
126 120
126 360
126 299
126 354
126 158
126 306
126 422
126 438
126 254
126 339
126 235
126 374
126 240
126 397
92 15
92 26
92 70
92 337
92 378
92 208
92 94
92 226
92 133
92 115
92 431
92 204
92 211
92 143
92 259
92 158
92 306
92 422
92 438
92 254
158 13
158 15
158 20
158 22
158 28
158 29
158 52
158 70
158 75
158 112
158 155
158 299
158 440
158 356
158 180
158 244
158 160
158 426
158 217
158 324
158 256
158 422
158 438
158 254
158 317
158 390
158 181
158 188
158 354
158 293
158 316
158 373
158 414
158 296
158 378
158 360
158 442
158 240
158 306
158 238
158 220
15 356
15 224
15 180
15 28
15 244
15 160
15 426
15 217
15 324
15 256
15 29
15 20
15 306
15 422
15 438
15 254
15 70
306 22
306 40
306 52
306 69
306 70
306 75
306 101
306 112
306 140
306 155
306 177
306 211
306 217
306 218
306 220
306 225
306 235
306 238
306 240
306 254
306 292
306 295
306 296
306 308
306 359
306 422
306 438
306 380
306 373
306 414
306 378
306 360
306 442
422 52
422 70
422 94
422 106
422 115
422 133
422 143
422 204
422 206
422 211
422 218
422 225
422 226
422 235
422 240
422 254
422 259
422 292
422 295
422 308
422 359
422 431
422 438
438 52
438 70
438 76
438 115
438 141
438 218
438 225
438 233
438 235
438 240
438 244
438 254
438 264
438 292
438 295
438 305
438 308
438 317
438 359
438 384
438 397
254 20
254 30
254 45
254 70
254 113
254 114
254 127
254 141
254 313
254 436
254 343
254 334
254 287
70 22
70 29
70 52
70 263
70 259
70 317
70 390
70 181
70 188
70 354
70 293
70 316
20 61
20 436
20 52
20 293
20 134
20 180
20 28
20 244
20 160
20 426
20 217
20 324
20 256
20 29
370 79
370 84
370 98
370 164
370 179
370 257
370 263
370 415
402 143
402 193
52 19
52 22
52 29
52 243
52 436
52 134
52 234
52 325
52 373
52 263
52 259
52 235
52 292
52 308
52 240
52 295
52 218
52 359
52 225
52 211
52 425
52 366
52 132
52 98
52 164
52 330
52 96
52 112
52 428
52 185
52 317
52 390
52 181
52 188
52 354
52 293
52 316
129 13
129 45
129 120
129 165
129 181
129 145
129 143
129 334
145 34
145 61
145 143
145 411
145 436
145 200
145 416
145 334
143 94
143 115
143 133
143 234
143 334
143 226
143 431
143 204
143 211
143 259
334 30
334 45
334 113
334 114
334 127
334 141
334 287
334 436
334 343
12 96
12 303
96 19
96 32
96 61
96 69
96 76
96 80
96 109
96 325
96 264
96 403
96 211
96 425
96 366
96 132
96 98
96 164
96 330
96 112
96 428
96 185
303 19
303 112
303 137
303 235
13 197
13 204
13 397
13 179
13 324
13 440
13 356
13 165
13 181
197 31
197 75
197 101
197 149
197 155
197 156
197 161
197 186
197 388
197 240
197 256
197 445
197 439
197 346
197 217
197 290
197 320
197 227
197 409
204 22
204 94
204 115
204 133
204 161
204 189
204 198
204 295
204 320
204 226
204 431
204 211
204 290
204 238
204 220
204 259
204 250
397 39
397 106
397 127
397 137
397 149
397 206
397 211
397 235
397 240
397 265
397 292
397 308
397 332
397 339
397 374
397 431
397 429
179 295
324 28
324 29
324 40
324 58
324 160
324 180
324 217
324 244
324 256
324 258
324 440
324 356
324 426
440 16
440 31
440 108
440 186
440 200
440 222
440 223
440 279
440 293
440 356
356 115
165 156
165 231
165 181
181 22
181 40
181 97
181 265
181 317
181 390
181 188
181 354
181 293
181 316
14 30
14 48
14 123
14 134
14 225
14 316
30 296
30 113
30 45
30 436
30 127
30 343
30 141
30 114
30 287
48 132
48 357
48 257
48 339
123 32
123 64
123 132
123 257
134 250
134 436
134 293
134 225
134 316
225 218
225 316
225 235
225 292
225 308
225 240
225 295
225 359
316 19
316 22
316 29
316 78
316 118
316 163
316 176
316 185
316 188
316 198
316 211
316 218
316 220
316 235
316 240
316 247
316 256
316 257
316 258
316 282
316 293
316 317
316 390
316 354
316 428
316 376
316 374
316 384
316 332
316 409
180 28
180 29
180 160
180 214
180 223
180 189
180 287
180 244
180 426
180 217
180 256
28 230
28 410
28 119
28 235
28 299
28 354
28 120
28 244
28 160
28 426
28 217
28 256
28 29
244 29
244 76
244 115
244 141
244 160
244 210
244 217
244 233
244 426
244 256
244 264
244 305
244 317
244 384
160 19
160 29
160 426
160 217
160 256
426 29
426 217
426 256
426 292
426 410
217 29
217 44
217 58
217 69
217 75
217 80
217 101
217 112
217 119
217 132
217 133
217 137
217 140
217 149
217 155
217 156
217 177
217 183
217 186
217 211
217 403
217 339
217 299
217 256
217 343
217 416
217 357
217 378
217 235
217 226
217 380
217 296
217 360
217 439
217 346
217 290
217 320
217 227
217 409
256 29
256 40
256 58
256 64
256 76
256 80
256 118
256 132
256 137
256 140
256 161
256 163
256 185
256 211
256 222
256 226
256 230
256 235
256 240
256 247
256 445
256 265
256 339
256 299
256 282
256 328
256 428
256 376
256 258
256 374
256 384
29 45
29 263
29 259
29 428
29 185
29 376
29 258
29 374
29 240
29 247
29 163
29 211
29 118
29 384
16 107
16 75
16 108
16 31
16 222
16 279
16 186
16 293
16 223
16 200
16 255
16 237
16 378
16 342
16 399
16 188
16 445
107 198
107 141
75 343
75 416
75 357
75 119
75 235
75 226
75 439
75 346
75 101
75 149
75 290
75 156
75 320
75 186
75 227
75 409
75 373
75 414
75 155
75 296
75 112
75 378
75 360
75 442
75 240
75 238
75 220
108 31
108 97
108 442
108 189
108 410
108 342
108 115
108 263
108 222
108 279
108 186
108 293
108 200
108 223
31 247
31 222
31 279
31 186
31 293
31 200
31 223
222 64
222 137
222 140
222 156
222 186
222 200
222 279
222 293
222 223
222 282
222 230
222 328
222 235
222 226
279 186
279 200
279 213
279 223
279 313
279 293
186 101
186 149
186 155
186 156
186 252
186 293
186 200
186 223
186 439
186 346
186 290
186 320
186 227
186 409
293 22
293 79
293 84
293 97
293 188
293 200
293 223
293 436
293 320
293 425
293 366
293 339
293 296
293 317
293 390
293 354
223 189
223 192
223 200
223 208
223 287
223 250
223 255
223 444
200 34
200 188
200 384
200 259
200 282
200 373
200 414
200 416
200 255
200 237
200 378
200 342
200 399
200 445
255 64
255 188
255 189
255 192
255 208
255 237
255 250
255 444
255 378
255 342
255 399
255 445
237 46
237 188
237 328
237 353
237 278
237 378
237 342
237 399
237 445
378 26
378 94
378 112
378 119
378 155
378 188
378 208
378 220
378 226
378 235
378 238
378 240
378 296
378 337
378 342
378 343
378 357
378 360
378 373
378 409
378 416
378 399
378 445
378 414
378 442
342 97
342 115
342 133
342 176
342 188
342 189
342 263
342 410
342 399
342 445
399 115
399 133
399 140
399 188
399 240
399 358
399 445
188 22
188 317
188 390
188 354
188 445
445 61
445 161
445 240
227 86
227 101
227 149
227 155
227 156
227 439
227 346
227 290
227 320
227 409
352 161
359 218
359 235
359 240
359 243
359 250
359 275
359 292
359 295
359 308
359 343
19 137
19 211
19 425
19 366
19 132
19 98
19 164
19 330
19 112
19 428
19 185
19 332
19 198
19 78
19 235
19 176
19 220
19 218
19 409
137 39
137 58
137 64
137 80
137 127
137 132
137 296
137 339
137 299
137 282
137 230
137 328
137 235
137 226
137 140
137 332
137 292
137 308
137 149
137 265
137 206
137 429
137 211
211 39
211 69
211 94
211 98
211 101
211 112
211 115
211 118
211 127
211 132
211 133
211 140
211 149
211 163
211 164
211 177
211 185
211 206
211 320
211 226
211 431
211 259
211 425
211 366
211 330
211 428
211 376
211 258
211 374
211 240
211 247
211 384
211 380
211 296
211 360
211 332
211 292
211 308
211 265
211 429
425 79
425 84
425 97
425 98
425 112
425 132
425 164
425 185
425 296
425 320
425 330
425 339
425 366
425 416
425 428
366 79
366 84
366 97
366 98
366 112
366 132
366 164
366 185
366 296
366 320
366 330
366 339
366 428
132 58
132 80
132 98
132 112
132 339
132 299
132 140
132 164
132 330
132 428
132 185
98 32
98 79
98 84
98 189
98 415
98 263
98 257
98 164
98 330
98 112
98 428
98 185
164 79
164 84
164 112
164 305
164 380
164 415
164 263
164 257
164 330
164 428
164 185
330 23
330 32
330 39
330 46
330 61
330 64
330 69
330 76
330 109
330 112
330 185
330 264
330 325
330 403
330 428
112 32
112 61
112 69
112 76
112 109
112 328
112 325
112 264
112 403
112 343
112 409
112 416
112 357
112 119
112 235
112 226
112 428
112 185
112 373
112 414
112 155
112 296
112 360
112 442
112 240
112 238
112 220
428 23
428 64
428 118
428 163
428 185
428 240
428 247
428 258
428 337
428 374
428 376
428 384
428 444
185 118
185 119
185 163
185 376
185 258
185 374
185 240
185 247
185 384
332 39
332 78
332 127
332 149
332 176
332 198
332 206
332 218
332 220
332 235
332 265
332 292
332 308
332 416
332 429
332 409
198 22
198 78
198 161
198 176
198 189
198 290
198 238
198 259
198 250
198 235
198 220
198 218
198 409
78 44
78 419
78 287
78 235
78 176
78 220
78 218
78 409
235 64
235 119
235 120
235 140
235 155
235 176
235 218
235 220
235 226
235 230
235 444
235 299
235 354
235 292
235 308
235 295
235 343
235 416
235 357
235 296
235 282
235 328
235 409
235 339
235 374
235 240
176 220
176 218
176 409
220 22
220 155
220 161
220 189
220 206
220 218
220 429
220 265
220 313
220 290
220 259
220 250
220 409
220 373
220 414
220 296
220 360
220 442
220 240
220 238
218 277
218 292
218 308
218 240
218 295
218 409
409 101
409 119
409 149
409 155
409 156
409 226
409 290
409 296
409 320
409 343
409 346
409 357
409 416
409 439
61 32
61 120
61 252
61 109
61 325
61 264
61 403
61 69
61 76
436 45
436 113
436 114
436 127
436 141
436 287
436 343
22 213
22 163
22 431
22 140
22 290
22 238
22 161
22 259
22 250
22 189
22 317
22 390
22 354
213 247
163 118
163 372
163 376
163 258
163 374
163 240
163 247
163 384
431 26
431 94
431 115
431 133
431 226
431 259
140 58
140 64
140 69
140 76
140 80
140 97
140 101
140 339
140 299
140 282
140 230
140 328
140 226
140 317
140 258
140 320
140 380
140 296
140 360
140 177
290 101
290 106
290 149
290 155
290 156
290 161
290 189
290 192
290 208
290 238
290 250
290 259
290 439
290 346
290 320
238 155
238 161
238 189
238 247
238 259
238 250
238 373
238 414
238 296
238 360
238 442
238 240
161 252
161 320
161 240
161 259
161 250
161 189
259 94
259 115
259 133
259 150
259 189
259 226
259 250
259 263
250 34
250 39
250 189
250 192
250 208
250 234
250 380
250 444
189 97
189 115
189 287
189 444
189 192
189 208
189 410
189 263
317 76
317 97
317 115
317 141
317 233
317 258
317 264
317 305
317 390
317 354
317 320
317 384
390 156
390 206
390 354
354 119
354 120
354 299
23 257
23 282
23 114
23 37
23 64
257 79
257 84
257 415
257 263
282 37
282 64
282 114
282 226
282 230
282 423
282 373
282 414
282 328
114 37
114 45
114 80
114 113
114 323
114 127
114 343
114 141
114 287
37 321
64 305
64 153
64 230
64 328
64 226
358 67
358 167
116 275
415 79
415 84
415 263
263 79
263 84
263 97
263 115
263 410
79 388
79 295
79 252
79 97
79 320
79 339
79 296
79 84
84 193
84 97
84 320
84 339
84 296
141 45
141 76
141 113
141 115
141 127
141 275
141 343
141 287
141 264
141 305
141 233
141 384
264 32
264 69
264 76
264 109
264 115
264 233
264 325
264 403
264 305
264 384
305 76
305 115
305 153
305 233
305 384
76 32
76 69
76 292
76 242
76 265
76 109
76 325
76 403
76 258
76 97
76 320
76 233
76 115
76 384
233 67
233 115
233 192
233 384
115 26
115 94
115 97
115 299
115 226
115 133
115 410
115 384
384 118
384 150
384 240
384 243
384 247
384 258
384 343
384 374
384 376
26 442
26 337
26 208
442 155
442 240
442 296
442 360
442 373
442 376
442 414
337 208
337 328
337 346
208 67
208 101
208 149
208 192
208 444
295 240
295 252
295 292
295 429
295 308
97 388
97 339
97 296
97 410
97 258
97 320
320 101
320 149
320 155
320 156
320 258
320 296
320 339
320 439
320 346
339 58
339 80
339 155
339 240
339 296
339 299
339 374
373 39
373 155
373 234
373 240
373 296
373 325
373 360
373 407
373 439
373 414
414 155
414 240
414 296
414 360
155 101
155 119
155 149
155 271
155 321
155 343
155 416
155 357
155 226
155 439
155 346
155 156
155 296
155 360
155 240
296 69
296 101
296 119
296 177
296 226
296 240
296 343
296 416
296 357
296 380
296 360
360 69
360 94
360 101
360 177
360 240
360 419
360 380
240 118
240 292
240 308
240 376
240 258
240 247
240 374
230 46
230 226
230 410
230 328
410 69
410 419
119 278
119 299
119 120
119 343
119 416
119 357
119 226
299 58
299 80
299 120
45 386
45 411
45 113
45 127
45 343
45 287
376 118
376 247
376 258
376 374
376 392
258 67
258 118
258 192
258 247
258 392
258 374
374 118
374 247
374 315
247 118
247 231
118 177
113 147
113 127
113 343
113 287
127 39
127 86
127 343
127 287
127 292
127 308
127 149
127 265
127 206
127 429
343 226
343 252
343 287
343 416
343 357
287 46
32 109
32 325
32 403
32 69
109 69
109 325
109 403
325 69
325 234
325 403
403 44
403 69
403 94
403 101
403 183
403 430
69 178
69 278
69 380
69 101
69 177
34 416
416 226
416 357
392 149
392 308
308 39
308 67
308 149
308 206
308 265
308 292
308 429
192 101
192 149
192 444
149 39
149 101
149 292
149 265
149 206
149 429
149 439
149 346
149 156
44 178
44 278
44 101
44 183
101 242
101 183
101 380
101 177
101 439
101 346
101 156
321 380
39 380
39 292
39 265
39 206
39 429
380 177
380 271
292 206
292 265
292 429
265 206
265 231
265 313
265 429
206 313
206 429
429 388
40 231
284 243
234 275
278 94
411 177
411 252
357 226
243 277
177 86
315 249
58 249
58 80
328 226
226 94
226 133
226 435
106 372
156 439
156 346
439 346
193 277
94 430
94 133
419 435
298 214
124 433
214 423
