577 1656
0 1
0 17
0 501
0 502
0 517
0 536
1 2
1 17
1 18
1 536
1 552
2 3
2 18
2 19
2 552
2 556
3 4
3 19
3 20
3 556
3 559
4 5
4 20
4 21
4 559
4 561
5 6
5 7
5 21
5 551
5 561
6 7
6 551
7 8
7 21
8 9
8 21
8 24
9 10
9 24
9 26
10 11
10 26
10 27
11 12
11 13
11 27
12 13
12 562
13 14
13 27
13 562
13 576
14 15
14 25
14 27
14 575
14 576
15 16
15 22
15 25
15 573
15 575
16 17
16 18
16 22
16 570
16 573
17 18
17 517
17 570
18 19
18 22
19 20
19 22
19 23
20 21
20 23
20 24
21 24
22 23
22 25
23 24
23 25
23 26
24 26
25 26
25 27
26 27
28 29
28 45
28 321
29 30
29 45
29 46
30 31
30 46
30 47
31 32
31 47
31 48
32 33
32 48
32 49
33 34
33 35
33 49
34 35
34 56
34 77
34 98
35 36
35 49
35 56
35 67
36 37
36 49
36 52
36 67
36 71
37 38
37 52
37 54
37 71
37 74
38 39
38 54
38 55
38 74
38 76
39 40
39 41
39 55
39 66
39 76
40 41
40 66
40 279
40 300
40 311
41 42
41 55
41 311
41 325
42 43
42 53
42 55
42 324
42 325
43 44
43 50
43 53
43 323
43 324
44 45
44 46
44 50
44 322
44 323
45 46
45 321
45 322
46 47
46 50
47 48
47 50
47 51
48 49
48 51
48 52
49 52
50 51
50 53
51 52
51 53
51 54
52 54
53 54
53 55
54 55
56 57
56 67
56 77
56 88
57 58
57 67
57 68
57 88
57 92
58 59
58 68
58 69
58 92
58 95
59 60
59 69
59 70
59 95
59 97
60 61
60 62
60 70
60 87
60 97
61 62
61 87
61 186
61 243
61 264
62 63
62 70
62 264
62 283
63 64
63 70
63 73
63 282
63 283
64 65
64 73
64 75
64 281
64 282
65 66
65 75
65 76
65 280
65 281
66 76
66 279
66 280
67 68
67 71
68 69
68 71
68 72
69 70
69 72
69 73
70 73
71 72
71 74
72 73
72 74
72 75
73 75
74 75
74 76
75 76
77 78
77 88
77 98
77 109
78 79
78 88
78 89
78 109
78 113
79 80
79 89
79 90
79 113
79 116
80 81
80 90
80 91
80 116
80 118
81 82
81 83
81 91
81 108
81 118
82 83
82 108
82 129
82 150
82 171
83 84
83 91
83 171
83 187
84 85
84 91
84 94
84 187
84 191
85 86
85 94
85 96
85 191
85 194
86 87
86 96
86 97
86 194
86 196
87 97
87 186
87 196
88 89
88 92
89 90
89 92
89 93
90 91
90 93
90 94
91 94
92 93
92 95
93 94
93 95
93 96
94 96
95 96
95 97
96 97
98 99
98 109
99 100
99 109
99 110
100 101
100 110
100 111
101 102
101 111
101 112
102 103
102 104
102 112
103 104
103 119
104 105
104 112
104 119
104 130
105 106
105 112
105 115
105 130
105 134
106 107
106 115
106 117
106 134
106 137
107 108
107 117
107 118
107 137
107 139
108 118
108 129
108 139
109 110
109 113
110 111
110 113
110 114
111 112
111 114
111 115
112 115
113 114
113 116
114 115
114 116
114 117
115 117
116 117
116 118
117 118
119 120
119 130
120 121
120 130
120 131
121 122
121 131
121 132
122 123
122 132
122 133
123 124
123 125
123 133
124 125
124 140
125 126
125 133
125 140
125 154
126 127
126 133
126 136
126 153
126 154
127 128
127 136
127 138
127 152
127 153
128 129
128 138
128 139
128 151
128 152
129 139
129 150
129 151
130 131
130 134
131 132
131 134
131 135
132 133
132 135
132 136
133 136
134 135
134 137
135 136
135 137
135 138
136 138
137 138
137 139
138 139
140 141
140 154
141 142
141 154
141 157
142 143
142 157
142 159
143 144
143 159
143 160
144 145
144 146
144 160
145 146
145 161
145 197
146 147
146 160
146 161
146 175
147 148
147 158
147 160
147 174
147 175
148 149
148 155
148 158
148 173
148 174
149 150
149 151
149 155
149 172
149 173
150 151
150 171
150 172
151 152
151 155
152 153
152 155
152 156
153 154
153 156
153 157
154 157
155 156
155 158
156 157
156 158
156 159
157 159
158 159
158 160
159 160
161 162
161 175
161 197
161 211
162 163
162 175
162 178
162 210
162 211
163 164
163 178
163 180
163 209
163 210
164 165
164 180
164 181
164 208
164 209
165 166
165 167
165 181
165 207
165 208
166 167
166 182
166 207
166 228
167 168
167 181
167 182
167 190
168 169
168 179
168 181
168 189
168 190
169 170
169 176
169 179
169 188
169 189
170 171
170 172
170 176
170 187
170 188
171 172
171 187
172 173
172 176
173 174
173 176
173 177
174 175
174 177
174 178
175 178
176 177
176 179
177 178
177 179
177 180
178 180
179 180
179 181
180 181
182 183
182 190
182 228
182 247
183 184
183 190
183 193
183 246
183 247
184 185
184 193
184 195
184 245
184 246
185 186
185 195
185 196
185 244
185 245
186 196
186 243
186 244
187 188
187 191
188 189
188 191
188 192
189 190
189 192
189 193
190 193
191 192
191 194
192 193
192 194
192 195
193 195
194 195
194 196
195 196
197 198
197 211
198 199
198 211
198 214
199 200
199 214
199 216
200 201
200 216
200 217
201 202
201 203
201 217
202 203
202 218
202 404
203 204
203 217
203 218
203 232
204 205
204 215
204 217
204 231
204 232
205 206
205 212
205 215
205 230
205 231
206 207
206 208
206 212
206 229
206 230
207 208
207 228
207 229
208 209
208 212
209 210
209 212
209 213
210 211
210 213
210 214
211 214
212 213
212 215
213 214
213 215
213 216
214 216
215 216
215 217
216 217
218 219
218 232
218 404
218 412
219 220
219 232
219 235
219 411
219 412
220 221
220 235
220 237
220 410
220 411
221 222
221 237
221 238
221 409
221 410
222 223
222 224
222 238
222 383
222 409
223 224
223 239
223 254
223 368
223 383
224 225
224 238
224 239
224 253
225 226
225 236
225 238
225 252
225 253
226 227
226 233
226 236
226 250
226 252
227 228
227 229
227 233
227 247
227 250
228 229
228 247
229 230
229 233
230 231
230 233
230 234
231 232
231 234
231 235
232 235
233 234
233 236
234 235
234 236
234 237
235 237
236 237
236 238
237 238
239 240
239 253
239 254
239 268
240 241
240 251
240 253
240 267
240 268
241 242
241 248
241 251
241 266
241 267
242 243
242 244
242 248
242 265
242 266
243 244
243 264
243 265
244 245
244 248
245 246
245 248
245 249
246 247
246 249
246 250
247 250
248 249
248 251
249 250
249 251
249 252
250 252
251 252
251 253
252 253
254 255
254 268
254 368
254 376
255 256
255 268
255 271
255 375
255 376
256 257
256 271
256 273
256 374
256 375
257 258
257 273
257 274
257 373
257 374
258 259
258 260
258 274
258 347
258 373
259 260
259 275
259 290
259 347
260 261
260 274
260 275
260 289
261 262
261 272
261 274
261 288
261 289
262 263
262 269
262 272
262 286
262 288
263 264
263 265
263 269
263 283
263 286
264 265
264 283
265 266
265 269
266 267
266 269
266 270
267 268
267 270
267 271
268 271
269 270
269 272
270 271
270 272
270 273
271 273
272 273
272 274
273 274
275 276
275 289
275 290
275 304
276 277
276 287
276 289
276 303
276 304
277 278
277 284
277 287
277 302
277 303
278 279
278 280
278 284
278 301
278 302
279 280
279 300
279 301
280 281
280 284
281 282
281 284
281 285
282 283
282 285
282 286
283 286
284 285
284 287
285 286
285 287
285 288
286 288
287 288
287 289
288 289
290 291
290 304
290 347
290 358
291 292
291 304
291 307
291 358
291 362
292 293
292 307
292 309
292 362
292 365
293 294
293 309
293 310
293 365
293 367
294 295
294 296
294 310
294 357
294 367
295 296
295 332
295 357
295 465
295 506
296 297
296 310
296 332
296 340
297 298
297 308
297 310
297 339
297 340
298 299
298 305
298 308
298 338
298 339
299 300
299 301
299 305
299 337
299 338
300 301
300 311
300 337
301 302
301 305
302 303
302 305
302 306
303 304
303 306
303 307
304 307
305 306
305 308
306 307
306 308
306 309
307 309
308 309
308 310
309 310
311 312
311 325
311 337
312 313
312 325
312 328
312 337
312 341
313 314
313 328
313 330
313 341
313 344
314 315
314 330
314 331
314 344
314 346
315 316
315 317
315 331
315 336
315 346
316 317
316 336
316 521
316 566
317 318
317 331
318 319
318 329
318 331
319 320
319 326
319 329
320 321
320 322
320 326
321 322
322 323
322 326
323 324
323 326
323 327
324 325
324 327
324 328
325 328
326 327
326 329
327 328
327 329
327 330
328 330
329 330
329 331
330 331
332 333
332 340
332 506
332 525
333 334
333 340
333 343
333 524
333 525
334 335
334 343
334 345
334 523
334 524
335 336
335 345
335 346
335 522
335 523
336 346
336 521
336 522
337 338
337 341
338 339
338 341
338 342
339 340
339 342
339 343
340 343
341 342
341 344
342 343
342 344
342 345
343 345
344 345
344 346
345 346
347 348
347 358
347 373
348 349
348 358
348 359
348 373
348 377
349 350
349 359
349 360
349 377
349 380
350 351
350 360
350 361
350 380
350 382
351 352
351 353
351 361
351 372
351 382
352 353
352 372
352 393
352 429
352 450
353 354
353 361
353 450
353 469
354 355
354 361
354 364
354 468
354 469
355 356
355 364
355 366
355 467
355 468
356 357
356 366
356 367
356 466
356 467
357 367
357 465
357 466
358 359
358 362
359 360
359 362
359 363
360 361
360 363
360 364
361 364
362 363
362 365
363 364
363 365
363 366
364 366
365 366
365 367
366 367
368 369
368 376
368 383
368 394
369 370
369 376
369 379
369 394
369 398
370 371
370 379
370 381
370 398
370 401
371 372
371 381
371 382
371 401
371 403
372 382
372 393
372 403
373 374
373 377
374 375
374 377
374 378
375 376
375 378
375 379
376 379
377 378
377 380
378 379
378 380
378 381
379 381
380 381
380 382
381 382
383 384
383 394
383 409
384 385
384 394
384 395
384 409
384 413
385 386
385 395
385 396
385 413
385 416
386 387
386 396
386 397
386 416
386 418
387 388
387 389
387 397
387 408
387 418
388 389
388 408
388 419
389 390
389 397
389 419
389 433
390 391
390 397
390 400
390 432
390 433
391 392
391 400
391 402
391 431
391 432
392 393
392 402
392 403
392 430
392 431
393 403
393 429
393 430
394 395
394 398
395 396
395 398
395 399
396 397
396 399
396 400
397 400
398 399
398 401
399 400
399 401
399 402
400 402
401 402
401 403
402 403
404 405
404 412
405 406
405 412
405 415
406 407
406 415
406 417
407 408
407 417
407 418
408 418
409 410
409 413
410 411
410 413
410 414
411 412
411 414
411 415
412 415
413 414
413 416
414 415
414 416
414 417
415 417
416 417
416 418
417 418
419 420
419 433
420 421
420 433
420 436
421 422
421 436
421 438
422 423
422 438
422 439
423 424
423 425
423 439
424 425
424 440
424 476
425 426
425 439
425 440
425 454
426 427
426 437
426 439
426 453
426 454
427 428
427 434
427 437
427 452
427 453
428 429
428 430
428 434
428 451
428 452
429 430
429 450
429 451
430 431
430 434
431 432
431 434
431 435
432 433
432 435
432 436
433 436
434 435
434 437
435 436
435 437
435 438
436 438
437 438
437 439
438 439
440 441
440 454
440 476
440 490
441 442
441 454
441 457
441 489
441 490
442 443
442 457
442 459
442 488
442 489
443 444
443 459
443 460
443 487
443 488
444 445
444 446
444 460
444 486
444 487
445 446
445 461
445 486
445 497
446 447
446 460
446 461
446 475
447 448
447 458
447 460
447 474
447 475
448 449
448 455
448 458
448 472
448 474
449 450
449 451
449 455
449 469
449 472
450 451
450 469
451 452
451 455
452 453
452 455
452 456
453 454
453 456
453 457
454 457
455 456
455 458
456 457
456 458
456 459
457 459
458 459
458 460
459 460
461 462
461 475
461 497
461 510
462 463
462 473
462 475
462 509
462 510
463 464
463 470
463 473
463 508
463 509
464 465
464 466
464 470
464 507
464 508
465 466
465 506
465 507
466 467
466 470
467 468
467 470
467 471
468 469
468 471
468 472
469 472
470 471
470 473
471 472
471 473
471 474
472 474
473 474
473 475
474 475
476 477
476 490
477 478
477 490
477 493
478 479
478 493
478 495
479 480
479 495
479 496
480 481
480 482
480 496
481 482
481 532
481 547
482 483
482 496
482 532
482 540
483 484
483 494
483 496
483 539
483 540
484 485
484 491
484 494
484 538
484 539
485 486
485 487
485 491
485 537
485 538
486 487
486 497
486 537
487 488
487 491
488 489
488 491
488 492
489 490
489 492
489 493
490 493
491 492
491 494
492 493
492 494
492 495
493 495
494 495
494 496
495 496
497 498
497 510
497 537
498 499
498 510
498 513
498 537
498 541
499 500
499 513
499 515
499 541
499 544
500 501
500 515
500 516
500 544
500 546
501 502
501 516
501 536
501 546
502 503
502 516
502 517
502 531
503 504
503 514
503 516
503 530
503 531
504 505
504 511
504 514
504 528
504 530
505 506
505 507
505 511
505 525
505 528
506 507
506 525
507 508
507 511
508 509
508 511
508 512
509 510
509 512
509 513
510 513
511 512
511 514
512 513
512 514
512 515
513 515
514 515
514 516
515 516
517 518
517 531
517 570
518 519
518 529
518 531
518 569
518 570
519 520
519 526
519 529
519 568
519 569
520 521
520 522
520 526
520 567
520 568
521 522
521 566
521 567
522 523
522 526
523 524
523 526
523 527
524 525
524 527
524 528
525 528
526 527
526 529
527 528
527 529
527 530
528 530
529 530
529 531
530 531
532 533
532 540
532 547
532 555
533 534
533 540
533 543
533 554
533 555
534 535
534 543
534 545
534 553
534 554
535 536
535 545
535 546
535 552
535 553
536 546
536 552
537 538
537 541
538 539
538 541
538 542
539 540
539 542
539 543
540 543
541 542
541 544
542 543
542 544
542 545
543 545
544 545
544 546
545 546
547 548
547 555
548 549
548 555
548 558
549 550
549 558
549 560
550 551
550 560
550 561
551 561
552 553
552 556
553 554
553 556
553 557
554 555
554 557
554 558
555 558
556 557
556 559
557 558
557 559
557 560
558 560
559 560
559 561
560 561
562 563
562 576
563 564
563 574
563 576
564 565
564 571
564 574
565 566
565 567
565 571
566 567
567 568
567 571
568 569
568 571
568 572
569 570
569 572
569 573
570 573
571 572
571 574
572 573
572 574
572 575
573 575
574 575
574 576
575 576
