1561 4560
0 1
0 29
0 1335
0 1336
0 1381
0 1434
1 2
1 29
1 30
1 1434
1 1480
2 3
2 30
2 31
2 1480
2 1488
3 4
3 31
3 32
3 1488
3 1495
4 5
4 32
4 33
4 1495
4 1501
5 6
5 33
5 34
5 1501
5 1506
6 7
6 34
6 35
6 1506
6 1510
7 8
7 35
7 36
7 1510
7 1513
8 9
8 36
8 37
8 1513
8 1515
9 10
9 11
9 37
9 1479
9 1515
10 11
10 1479
11 12
11 37
12 13
12 37
12 44
13 14
13 44
13 50
14 15
14 50
14 55
15 16
15 55
15 59
16 17
16 59
16 62
17 18
17 62
17 64
18 19
18 64
18 65
19 20
19 21
19 65
20 21
20 1516
21 22
21 65
21 1516
21 1560
22 23
22 63
22 65
22 1559
22 1560
23 24
23 60
23 63
23 1557
23 1559
24 25
24 56
24 60
24 1554
24 1557
25 26
25 51
25 56
25 1550
25 1554
26 27
26 45
26 51
26 1545
26 1550
27 28
27 38
27 45
27 1539
27 1545
28 29
28 30
28 38
28 1532
28 1539
29 30
29 1381
29 1532
30 31
30 38
31 32
31 38
31 39
32 33
32 39
32 40
33 34
33 40
33 41
34 35
34 41
34 42
35 36
35 42
35 43
36 37
36 43
36 44
37 44
38 39
38 45
39 40
39 45
39 46
40 41
40 46
40 47
41 42
41 47
41 48
42 43
42 48
42 49
43 44
43 49
43 50
44 50
45 46
45 51
46 47
46 51
46 52
47 48
47 52
47 53
48 49
48 53
48 54
49 50
49 54
49 55
50 55
51 52
51 56
52 53
52 56
52 57
53 54
53 57
53 58
54 55
54 58
54 59
55 59
56 57
56 60
57 58
57 60
57 61
58 59
58 61
58 62
59 62
60 61
60 63
61 62
61 63
61 64
62 64
63 64
63 65
64 65
66 67
66 95
66 835
67 68
67 95
67 96
68 69
68 96
68 97
69 70
69 97
69 98
70 71
70 98
70 99
71 72
71 99
71 100
72 73
72 100
72 101
73 74
73 101
73 102
74 75
74 102
74 103
75 76
75 77
75 103
76 77
76 132
76 187
76 242
77 78
77 103
77 132
77 151
78 79
78 103
78 110
78 151
78 159
79 80
79 110
79 116
79 159
79 166
80 81
80 116
80 121
80 166
80 172
81 82
81 121
81 125
81 172
81 177
82 83
82 125
82 128
82 177
82 181
83 84
83 128
83 130
83 181
83 184
84 85
84 130
84 131
84 184
84 186
85 86
85 87
85 131
85 150
85 186
86 87
86 150
86 725
86 780
86 817
87 88
87 131
87 817
87 843
88 89
88 129
88 131
88 842
88 843
89 90
89 126
89 129
89 841
89 842
90 91
90 122
90 126
90 840
90 841
91 92
91 117
91 122
91 839
91 840
92 93
92 111
92 117
92 838
92 839
93 94
93 104
93 111
93 837
93 838
94 95
94 96
94 104
94 836
94 837
95 96
95 835
95 836
96 97
96 104
97 98
97 104
97 105
98 99
98 105
98 106
99 100
99 106
99 107
100 101
100 107
100 108
101 102
101 108
101 109
102 103
102 109
102 110
103 110
104 105
104 111
105 106
105 111
105 112
106 107
106 112
106 113
107 108
107 113
107 114
108 109
108 114
108 115
109 110
109 115
109 116
110 116
111 112
111 117
112 113
112 117
112 118
113 114
113 118
113 119
114 115
114 119
114 120
115 116
115 120
115 121
116 121
117 118
117 122
118 119
118 122
118 123
119 120
119 123
119 124
120 121
120 124
120 125
121 125
122 123
122 126
123 124
123 126
123 127
124 125
124 127
124 128
125 128
126 127
126 129
127 128
127 129
127 130
128 130
129 130
129 131
130 131
132 133
132 151
132 187
132 206
133 134
133 151
133 152
133 206
133 214
134 135
134 152
134 153
134 214
134 221
135 136
135 153
135 154
135 221
135 227
136 137
136 154
136 155
136 227
136 232
137 138
137 155
137 156
137 232
137 236
138 139
138 156
138 157
138 236
138 239
139 140
139 157
139 158
139 239
139 241
140 141
140 142
140 158
140 205
140 241
141 142
141 205
141 470
141 625
141 680
142 143
142 158
142 680
142 733
143 144
143 158
143 165
143 732
143 733
144 145
144 165
144 171
144 731
144 732
145 146
145 171
145 176
145 730
145 731
146 147
146 176
146 180
146 729
146 730
147 148
147 180
147 183
147 728
147 729
148 149
148 183
148 185
148 727
148 728
149 150
149 185
149 186
149 726
149 727
150 186
150 725
150 726
151 152
151 159
152 153
152 159
152 160
153 154
153 160
153 161
154 155
154 161
154 162
155 156
155 162
155 163
156 157
156 163
156 164
157 158
157 164
157 165
158 165
159 160
159 166
160 161
160 166
160 167
161 162
161 167
161 168
162 163
162 168
162 169
163 164
163 169
163 170
164 165
164 170
164 171
165 171
166 167
166 172
167 168
167 172
167 173
168 169
168 173
168 174
169 170
169 174
169 175
170 171
170 175
170 176
171 176
172 173
172 177
173 174
173 177
173 178
174 175
174 178
174 179
175 176
175 179
175 180
176 180
177 178
177 181
178 179
178 181
178 182
179 180
179 182
179 183
180 183
181 182
181 184
182 183
182 184
182 185
183 185
184 185
184 186
185 186
187 188
187 206
187 242
187 261
188 189
188 206
188 207
188 261
188 269
189 190
189 207
189 208
189 269
189 276
190 191
190 208
190 209
190 276
190 282
191 192
191 209
191 210
191 282
191 287
192 193
192 210
192 211
192 287
192 291
193 194
193 211
193 212
193 291
193 294
194 195
194 212
194 213
194 294
194 296
195 196
195 197
195 213
195 260
195 296
196 197
196 260
196 315
196 370
196 425
197 198
197 213
197 425
197 471
198 199
198 213
198 220
198 471
198 479
199 200
199 220
199 226
199 479
199 486
200 201
200 226
200 231
200 486
200 492
201 202
201 231
201 235
201 492
201 497
202 203
202 235
202 238
202 497
202 501
203 204
203 238
203 240
203 501
203 504
204 205
204 240
204 241
204 504
204 506
205 241
205 470
205 506
206 207
206 214
207 208
207 214
207 215
208 209
208 215
208 216
209 210
209 216
209 217
210 211
210 217
210 218
211 212
211 218
211 219
212 213
212 219
212 220
213 220
214 215
214 221
215 216
215 221
215 222
216 217
216 222
216 223
217 218
217 223
217 224
218 219
218 224
218 225
219 220
219 225
219 226
220 226
221 222
221 227
222 223
222 227
222 228
223 224
223 228
223 229
224 225
224 229
224 230
225 226
225 230
225 231
226 231
227 228
227 232
228 229
228 232
228 233
229 230
229 233
229 234
230 231
230 234
230 235
231 235
232 233
232 236
233 234
233 236
233 237
234 235
234 237
234 238
235 238
236 237
236 239
237 238
237 239
237 240
238 240
239 240
239 241
240 241
242 243
242 261
243 244
243 261
243 262
244 245
244 262
244 263
245 246
245 263
245 264
246 247
246 264
246 265
247 248
247 265
247 266
248 249
248 266
248 267
249 250
249 267
249 268
250 251
250 252
250 268
251 252
251 297
252 253
252 268
252 297
252 316
253 254
253 268
253 275
253 316
253 324
254 255
254 275
254 281
254 324
254 331
255 256
255 281
255 286
255 331
255 337
256 257
256 286
256 290
256 337
256 342
257 258
257 290
257 293
257 342
257 346
258 259
258 293
258 295
258 346
258 349
259 260
259 295
259 296
259 349
259 351
260 296
260 315
260 351
261 262
261 269
262 263
262 269
262 270
263 264
263 270
263 271
264 265
264 271
264 272
265 266
265 272
265 273
266 267
266 273
266 274
267 268
267 274
267 275
268 275
269 270
269 276
270 271
270 276
270 277
271 272
271 277
271 278
272 273
272 278
272 279
273 274
273 279
273 280
274 275
274 280
274 281
275 281
276 277
276 282
277 278
277 282
277 283
278 279
278 283
278 284
279 280
279 284
279 285
280 281
280 285
280 286
281 286
282 283
282 287
283 284
283 287
283 288
284 285
284 288
284 289
285 286
285 289
285 290
286 290
287 288
287 291
288 289
288 291
288 292
289 290
289 292
289 293
290 293
291 292
291 294
292 293
292 294
292 295
293 295
294 295
294 296
295 296
297 298
297 316
298 299
298 316
298 317
299 300
299 317
299 318
300 301
300 318
300 319
301 302
301 319
301 320
302 303
302 320
302 321
303 304
303 321
303 322
304 305
304 322
304 323
305 306
305 307
305 323
306 307
306 352
307 308
307 323
307 352
307 378
308 309
308 323
308 330
308 377
308 378
309 310
309 330
309 336
309 376
309 377
310 311
310 336
310 341
310 375
310 376
311 312
311 341
311 345
311 374
311 375
312 313
312 345
312 348
312 373
312 374
313 314
313 348
313 350
313 372
313 373
314 315
314 350
314 351
314 371
314 372
315 351
315 370
315 371
316 317
316 324
317 318
317 324
317 325
318 319
318 325
318 326
319 320
319 326
319 327
320 321
320 327
320 328
321 322
321 328
321 329
322 323
322 329
322 330
323 330
324 325
324 331
325 326
325 331
325 332
326 327
326 332
326 333
327 328
327 333
327 334
328 329
328 334
328 335
329 330
329 335
329 336
330 336
331 332
331 337
332 333
332 337
332 338
333 334
333 338
333 339
334 335
334 339
334 340
335 336
335 340
335 341
336 341
337 338
337 342
338 339
338 342
338 343
339 340
339 343
339 344
340 341
340 344
340 345
341 345
342 343
342 346
343 344
343 346
343 347
344 345
344 347
344 348
345 348
346 347
346 349
347 348
347 349
347 350
348 350
349 350
349 351
350 351
352 353
352 378
353 354
353 378
353 385
354 355
354 385
354 391
355 356
355 391
355 396
356 357
356 396
356 400
357 358
357 400
357 403
358 359
358 403
358 405
359 360
359 405
359 406
360 361
360 362
360 406
361 362
361 407
361 507
362 363
362 406
362 407
362 433
363 364
363 404
363 406
363 432
363 433
364 365
364 401
364 404
364 431
364 432
365 366
365 397
365 401
365 430
365 431
366 367
366 392
366 397
366 429
366 430
367 368
367 386
367 392
367 428
367 429
368 369
368 379
368 386
368 427
368 428
369 370
369 371
369 379
369 426
369 427
370 371
370 425
370 426
371 372
371 379
372 373
372 379
372 380
373 374
373 380
373 381
374 375
374 381
374 382
375 376
375 382
375 383
376 377
376 383
376 384
377 378
377 384
377 385
378 385
379 380
379 386
380 381
380 386
380 387
381 382
381 387
381 388
382 383
382 388
382 389
383 384
383 389
383 390
384 385
384 390
384 391
385 391
386 387
386 392
387 388
387 392
387 393
388 389
388 393
388 394
389 390
389 394
389 395
390 391
390 395
390 396
391 396
392 393
392 397
393 394
393 397
393 398
394 395
394 398
394 399
395 396
395 399
395 400
396 400
397 398
397 401
398 399
398 401
398 402
399 400
399 402
399 403
400 403
401 402
401 404
402 403
402 404
402 405
403 405
404 405
404 406
405 406
407 408
407 433
407 507
407 533
408 409
408 433
408 440
408 532
408 533
409 410
409 440
409 446
409 531
409 532
410 411
410 446
410 451
410 530
410 531
411 412
411 451
411 455
411 529
411 530
412 413
412 455
412 458
412 528
412 529
413 414
413 458
413 460
413 527
413 528
414 415
414 460
414 461
414 526
414 527
415 416
415 417
415 461
415 525
415 526
416 417
416 462
416 525
416 580
417 418
417 461
417 462
417 478
418 419
418 459
418 461
418 477
418 478
419 420
419 456
419 459
419 476
419 477
420 421
420 452
420 456
420 475
420 476
421 422
421 447
421 452
421 474
421 475
422 423
422 441
422 447
422 473
422 474
423 424
423 434
423 441
423 472
423 473
424 425
424 426
424 434
424 471
424 472
425 426
425 471
426 427
426 434
427 428
427 434
427 435
428 429
428 435
428 436
429 430
429 436
429 437
430 431
430 437
430 438
431 432
431 438
431 439
432 433
432 439
432 440
433 440
434 435
434 441
435 436
435 441
435 442
436 437
436 442
436 443
437 438
437 443
437 444
438 439
438 444
438 445
439 440
439 445
439 446
440 446
441 442
441 447
442 443
442 447
442 448
443 444
443 448
443 449
444 445
444 449
444 450
445 446
445 450
445 451
446 451
447 448
447 452
448 449
448 452
448 453
449 450
449 453
449 454
450 451
450 454
450 455
451 455
452 453
452 456
453 454
453 456
453 457
454 455
454 457
454 458
455 458
456 457
456 459
457 458
457 459
457 460
458 460
459 460
459 461
460 461
462 463
462 478
462 580
462 633
463 464
463 478
463 485
463 632
463 633
464 465
464 485
464 491
464 631
464 632
465 466
465 491
465 496
465 630
465 631
466 467
466 496
466 500
466 629
466 630
467 468
467 500
467 503
467 628
467 629
468 469
468 503
468 505
468 627
468 628
469 470
469 505
469 506
469 626
469 627
470 506
470 625
470 626
471 472
471 479
472 473
472 479
472 480
473 474
473 480
473 481
474 475
474 481
474 482
475 476
475 482
475 483
476 477
476 483
476 484
477 478
477 484
477 485
478 485
479 480
479 486
480 481
480 486
480 487
481 482
481 487
481 488
482 483
482 488
482 489
483 484
483 489
483 490
484 485
484 490
484 491
485 491
486 487
486 492
487 488
487 492
487 493
488 489
488 493
488 494
489 490
489 494
489 495
490 491
490 495
490 496
491 496
492 493
492 497
493 494
493 497
493 498
494 495
494 498
494 499
495 496
495 499
495 500
496 500
497 498
497 501
498 499
498 501
498 502
499 500
499 502
499 503
500 503
501 502
501 504
502 503
502 504
502 505
503 505
504 505
504 506
505 506
507 508
507 533
508 509
508 533
508 540
509 510
509 540
509 546
510 511
510 546
510 551
511 512
511 551
511 555
512 513
512 555
512 558
513 514
513 558
513 560
514 515
514 560
514 561
515 516
515 517
515 561
516 517
516 562
516 1072
517 518
517 561
517 562
517 588
518 519
518 559
518 561
518 587
518 588
519 520
519 556
519 559
519 586
519 587
520 521
520 552
520 556
520 585
520 586
521 522
521 547
521 552
521 584
521 585
522 523
522 541
522 547
522 583
522 584
523 524
523 534
523 541
523 582
523 583
524 525
524 526
524 534
524 581
524 582
525 526
525 580
525 581
526 527
526 534
527 528
527 534
527 535
528 529
528 535
528 536
529 530
529 536
529 537
530 531
530 537
530 538
531 532
531 538
531 539
532 533
532 539
532 540
533 540
534 535
534 541
535 536
535 541
535 542
536 537
536 542
536 543
537 538
537 543
537 544
538 539
538 544
538 545
539 540
539 545
539 546
540 546
541 542
541 547
542 543
542 547
542 548
543 544
543 548
543 549
544 545
544 549
544 550
545 546
545 550
545 551
546 551
547 548
547 552
548 549
548 552
548 553
549 550
549 553
549 554
550 551
550 554
550 555
551 555
552 553
552 556
553 554
553 556
553 557
554 555
554 557
554 558
555 558
556 557
556 559
557 558
557 559
557 560
558 560
559 560
559 561
560 561
562 563
562 588
562 1072
562 1088
563 564
563 588
563 595
563 1087
563 1088
564 565
564 595
564 601
564 1086
564 1087
565 566
565 601
565 606
565 1085
565 1086
566 567
566 606
566 610
566 1084
566 1085
567 568
567 610
567 613
567 1083
567 1084
568 569
568 613
568 615
568 1082
568 1083
569 570
569 615
569 616
569 1081
569 1082
570 571
570 572
570 616
570 1017
570 1081
571 572
571 617
571 662
571 972
571 1017
572 573
572 616
572 617
572 661
573 574
573 614
573 616
573 660
573 661
574 575
574 611
574 614
574 658
574 660
575 576
575 607
575 611
575 655
575 658
576 577
576 602
576 607
576 651
576 655
577 578
577 596
577 602
577 646
577 651
578 579
578 589
578 596
578 640
578 646
579 580
579 581
579 589
579 633
579 640
580 581
580 633
581 582
581 589
582 583
582 589
582 590
583 584
583 590
583 591
584 585
584 591
584 592
585 586
585 592
585 593
586 587
586 593
586 594
587 588
587 594
587 595
588 595
589 590
589 596
590 591
590 596
590 597
591 592
591 597
591 598
592 593
592 598
592 599
593 594
593 599
593 600
594 595
594 600
594 601
595 601
596 597
596 602
597 598
597 602
597 603
598 599
598 603
598 604
599 600
599 604
599 605
600 601
600 605
600 606
601 606
602 603
602 607
603 604
603 607
603 608
604 605
604 608
604 609
605 606
605 609
605 610
606 610
607 608
607 611
608 609
608 611
608 612
609 610
609 612
609 613
610 613
611 612
611 614
612 613
612 614
612 615
613 615
614 615
614 616
615 616
617 618
617 661
617 662
617 688
618 619
618 659
618 661
618 687
618 688
619 620
619 656
619 659
619 686
619 687
620 621
620 652
620 656
620 685
620 686
621 622
621 647
621 652
621 684
621 685
622 623
622 641
622 647
622 683
622 684
623 624
623 634
623 641
623 682
623 683
624 625
624 626
624 634
624 681
624 682
625 626
625 680
625 681
626 627
626 634
627 628
627 634
627 635
628 629
628 635
628 636
629 630
629 636
629 637
630 631
630 637
630 638
631 632
631 638
631 639
632 633
632 639
632 640
633 640
634 635
634 641
635 636
635 641
635 642
636 637
636 642
636 643
637 638
637 643
637 644
638 639
638 644
638 645
639 640
639 645
639 646
640 646
641 642
641 647
642 643
642 647
642 648
643 644
643 648
643 649
644 645
644 649
644 650
645 646
645 650
645 651
646 651
647 648
647 652
648 649
648 652
648 653
649 650
649 653
649 654
650 651
650 654
650 655
651 655
652 653
652 656
653 654
653 656
653 657
654 655
654 657
654 658
655 658
656 657
656 659
657 658
657 659
657 660
658 660
659 660
659 661
660 661
662 663
662 688
662 972
662 988
663 664
663 688
663 695
663 987
663 988
664 665
664 695
664 701
664 986
664 987
665 666
665 701
665 706
665 985
665 986
666 667
666 706
666 710
666 984
666 985
667 668
667 710
667 713
667 983
667 984
668 669
668 713
668 715
668 982
668 983
669 670
669 715
669 716
669 981
669 982
670 671
670 672
670 716
670 917
670 981
671 672
671 717
671 762
671 917
672 673
672 716
672 717
672 761
673 674
673 714
673 716
673 760
673 761
674 675
674 711
674 714
674 758
674 760
675 676
675 707
675 711
675 755
675 758
676 677
676 702
676 707
676 751
676 755
677 678
677 696
677 702
677 746
677 751
678 679
678 689
678 696
678 740
678 746
679 680
679 681
679 689
679 733
679 740
680 681
680 733
681 682
681 689
682 683
682 689
682 690
683 684
683 690
683 691
684 685
684 691
684 692
685 686
685 692
685 693
686 687
686 693
686 694
687 688
687 694
687 695
688 695
689 690
689 696
690 691
690 696
690 697
691 692
691 697
691 698
692 693
692 698
692 699
693 694
693 699
693 700
694 695
694 700
694 701
695 701
696 697
696 702
697 698
697 702
697 703
698 699
698 703
698 704
699 700
699 704
699 705
700 701
700 705
700 706
701 706
702 703
702 707
703 704
703 707
703 708
704 705
704 708
704 709
705 706
705 709
705 710
706 710
707 708
707 711
708 709
708 711
708 712
709 710
709 712
709 713
710 713
711 712
711 714
712 713
712 714
712 715
713 715
714 715
714 716
715 716
717 718
717 761
717 762
717 788
718 719
718 759
718 761
718 787
718 788
719 720
719 756
719 759
719 786
719 787
720 721
720 752
720 756
720 785
720 786
721 722
721 747
721 752
721 784
721 785
722 723
722 741
722 747
722 783
722 784
723 724
723 734
723 741
723 782
723 783
724 725
724 726
724 734
724 781
724 782
725 726
725 780
725 781
726 727
726 734
727 728
727 734
727 735
728 729
728 735
728 736
729 730
729 736
729 737
730 731
730 737
730 738
731 732
731 738
731 739
732 733
732 739
732 740
733 740
734 735
734 741
735 736
735 741
735 742
736 737
736 742
736 743
737 738
737 743
737 744
738 739
738 744
738 745
739 740
739 745
739 746
740 746
741 742
741 747
742 743
742 747
742 748
743 744
743 748
743 749
744 745
744 749
744 750
745 746
745 750
745 751
746 751
747 748
747 752
748 749
748 752
748 753
749 750
749 753
749 754
750 751
750 754
750 755
751 755
752 753
752 756
753 754
753 756
753 757
754 755
754 757
754 758
755 758
756 757
756 759
757 758
757 759
757 760
758 760
759 760
759 761
760 761
762 763
762 788
762 917
762 936
763 764
763 788
763 795
763 936
763 944
764 765
764 795
764 801
764 944
764 951
765 766
765 801
765 806
765 951
765 957
766 767
766 806
766 810
766 957
766 962
767 768
767 810
767 813
767 962
767 966
768 769
768 813
768 815
768 966
768 969
769 770
769 815
769 816
769 969
769 971
770 771
770 772
770 816
770 935
770 971
771 772
771 872
771 935
771 1235
771 1344
772 773
772 816
772 872
772 888
773 774
773 814
773 816
773 887
773 888
774 775
774 811
774 814
774 886
774 887
775 776
775 807
775 811
775 885
775 886
776 777
776 802
776 807
776 884
776 885
777 778
777 796
777 802
777 883
777 884
778 779
778 789
778 796
778 882
778 883
779 780
779 781
779 789
779 881
779 882
780 781
780 817
780 881
781 782
781 789
782 783
782 789
782 790
783 784
783 790
783 791
784 785
784 791
784 792
785 786
785 792
785 793
786 787
786 793
786 794
787 788
787 794
787 795
788 795
789 790
789 796
790 791
790 796
790 797
791 792
791 797
791 798
792 793
792 798
792 799
793 794
793 799
793 800
794 795
794 800
794 801
795 801
796 797
796 802
797 798
797 802
797 803
798 799
798 803
798 804
799 800
799 804
799 805
800 801
800 805
800 806
801 806
802 803
802 807
803 804
803 807
803 808
804 805
804 808
804 809
805 806
805 809
805 810
806 810
807 808
807 811
808 809
808 811
808 812
809 810
809 812
809 813
810 813
811 812
811 814
812 813
812 814
812 815
813 815
814 815
814 816
815 816
817 818
817 843
817 881
818 819
818 843
818 850
818 881
818 889
819 820
819 850
819 856
819 889
819 896
820 821
820 856
820 861
820 896
820 902
821 822
821 861
821 865
821 902
821 907
822 823
822 865
822 868
822 907
822 911
823 824
823 868
823 870
823 911
823 914
824 825
824 870
824 871
824 914
824 916
825 826
825 827
825 871
825 880
825 916
826 827
826 880
826 1389
826 1524
827 828
827 871
828 829
828 869
828 871
829 830
829 866
829 869
830 831
830 862
830 866
831 832
831 857
831 862
832 833
832 851
832 857
833 834
833 844
833 851
834 835
834 836
834 844
835 836
836 837
836 844
837 838
837 844
837 845
838 839
838 845
838 846
839 840
839 846
839 847
840 841
840 847
840 848
841 842
841 848
841 849
842 843
842 849
842 850
843 850
844 845
844 851
845 846
845 851
845 852
846 847
846 852
846 853
847 848
847 853
847 854
848 849
848 854
848 855
849 850
849 855
849 856
850 856
851 852
851 857
852 853
852 857
852 858
853 854
853 858
853 859
854 855
854 859
854 860
855 856
855 860
855 861
856 861
857 858
857 862
858 859
858 862
858 863
859 860
859 863
859 864
860 861
860 864
860 865
861 865
862 863
862 866
863 864
863 866
863 867
864 865
864 867
864 868
865 868
866 867
866 869
867 868
867 869
867 870
868 870
869 870
869 871
870 871
872 873
872 888
872 1344
872 1397
873 874
873 888
873 895
873 1396
873 1397
874 875
874 895
874 901
874 1395
874 1396
875 876
875 901
875 906
875 1394
875 1395
876 877
876 906
876 910
876 1393
876 1394
877 878
877 910
877 913
877 1392
877 1393
878 879
878 913
878 915
878 1391
878 1392
879 880
879 915
879 916
879 1390
879 1391
880 916
880 1389
880 1390
881 882
881 889
882 883
882 889
882 890
883 884
883 890
883 891
884 885
884 891
884 892
885 886
885 892
885 893
886 887
886 893
886 894
887 888
887 894
887 895
888 895
889 890
889 896
890 891
890 896
890 897
891 892
891 897
891 898
892 893
892 898
892 899
893 894
893 899
893 900
894 895
894 900
894 901
895 901
896 897
896 902
897 898
897 902
897 903
898 899
898 903
898 904
899 900
899 904
899 905
900 901
900 905
900 906
901 906
902 903
902 907
903 904
903 907
903 908
904 905
904 908
904 909
905 906
905 909
905 910
906 910
907 908
907 911
908 909
908 911
908 912
909 910
909 912
909 913
910 913
911 912
911 914
912 913
912 914
912 915
913 915
914 915
914 916
915 916
917 918
917 936
917 981
918 919
918 936
918 937
918 981
918 989
919 920
919 937
919 938
919 989
919 996
920 921
920 938
920 939
920 996
920 1002
921 922
921 939
921 940
921 1002
921 1007
922 923
922 940
922 941
922 1007
922 1011
923 924
923 941
923 942
923 1011
923 1014
924 925
924 942
924 943
924 1014
924 1016
925 926
925 927
925 943
925 980
925 1016
926 927
926 980
926 1035
926 1135
926 1190
927 928
927 943
927 1190
927 1243
928 929
928 943
928 950
928 1242
928 1243
929 930
929 950
929 956
929 1241
929 1242
930 931
930 956
930 961
930 1240
930 1241
931 932
931 961
931 965
931 1239
931 1240
932 933
932 965
932 968
932 1238
932 1239
933 934
933 968
933 970
933 1237
933 1238
934 935
934 970
934 971
934 1236
934 1237
935 971
935 1235
935 1236
936 937
936 944
937 938
937 944
937 945
938 939
938 945
938 946
939 940
939 946
939 947
940 941
940 947
940 948
941 942
941 948
941 949
942 943
942 949
942 950
943 950
944 945
944 951
945 946
945 951
945 952
946 947
946 952
946 953
947 948
947 953
947 954
948 949
948 954
948 955
949 950
949 955
949 956
950 956
951 952
951 957
952 953
952 957
952 958
953 954
953 958
953 959
954 955
954 959
954 960
955 956
955 960
955 961
956 961
957 958
957 962
958 959
958 962
958 963
959 960
959 963
959 964
960 961
960 964
960 965
961 965
962 963
962 966
963 964
963 966
963 967
964 965
964 967
964 968
965 968
966 967
966 969
967 968
967 969
967 970
968 970
969 970
969 971
970 971
972 973
972 988
972 1017
972 1036
973 974
973 988
973 995
973 1036
973 1044
974 975
974 995
974 1001
974 1044
974 1051
975 976
975 1001
975 1006
975 1051
975 1057
976 977
976 1006
976 1010
976 1057
976 1062
977 978
977 1010
977 1013
977 1062
977 1066
978 979
978 1013
978 1015
978 1066
978 1069
979 980
979 1015
979 1016
979 1069
979 1071
980 1016
980 1035
980 1071
981 982
981 989
982 983
982 989
982 990
983 984
983 990
983 991
984 985
984 991
984 992
985 986
985 992
985 993
986 987
986 993
986 994
987 988
987 994
987 995
988 995
989 990
989 996
990 991
990 996
990 997
991 992
991 997
991 998
992 993
992 998
992 999
993 994
993 999
993 1000
994 995
994 1000
994 1001
995 1001
996 997
996 1002
997 998
997 1002
997 1003
998 999
998 1003
998 1004
999 1000
999 1004
999 1005
1000 1001
1000 1005
1000 1006
1001 1006
1002 1003
1002 1007
1003 1004
1003 1007
1003 1008
1004 1005
1004 1008
1004 1009
1005 1006
1005 1009
1005 1010
1006 1010
1007 1008
1007 1011
1008 1009
1008 1011
1008 1012
1009 1010
1009 1012
1009 1013
1010 1013
1011 1012
1011 1014
1012 1013
1012 1014
1012 1015
1013 1015
1014 1015
1014 1016
1015 1016
1017 1018
1017 1036
1017 1081
1018 1019
1018 1036
1018 1037
1018 1081
1018 1089
1019 1020
1019 1037
1019 1038
1019 1089
1019 1096
1020 1021
1020 1038
1020 1039
1020 1096
1020 1102
1021 1022
1021 1039
1021 1040
1021 1102
1021 1107
1022 1023
1022 1040
1022 1041
1022 1107
1022 1111
1023 1024
1023 1041
1023 1042
1023 1111
1023 1114
1024 1025
1024 1042
1024 1043
1024 1114
1024 1116
1025 1026
1025 1027
1025 1043
1025 1080
1025 1116
1026 1027
1026 1080
1026 1117
1027 1028
1027 1043
1027 1117
1027 1143
1028 1029
1028 1043
1028 1050
1028 1142
1028 1143
1029 1030
1029 1050
1029 1056
1029 1141
1029 1142
1030 1031
1030 1056
1030 1061
1030 1140
1030 1141
1031 1032
1031 1061
1031 1065
1031 1139
1031 1140
1032 1033
1032 1065
1032 1068
1032 1138
1032 1139
1033 1034
1033 1068
1033 1070
1033 1137
1033 1138
1034 1035
1034 1070
1034 1071
1034 1136
1034 1137
1035 1071
1035 1135
1035 1136
1036 1037
1036 1044
1037 1038
1037 1044
1037 1045
1038 1039
1038 1045
1038 1046
1039 1040
1039 1046
1039 1047
1040 1041
1040 1047
1040 1048
1041 1042
1041 1048
1041 1049
1042 1043
1042 1049
1042 1050
1043 1050
1044 1045
1044 1051
1045 1046
1045 1051
1045 1052
1046 1047
1046 1052
1046 1053
1047 1048
1047 1053
1047 1054
1048 1049
1048 1054
1048 1055
1049 1050
1049 1055
1049 1056
1050 1056
1051 1052
1051 1057
1052 1053
1052 1057
1052 1058
1053 1054
1053 1058
1053 1059
1054 1055
1054 1059
1054 1060
1055 1056
1055 1060
1055 1061
1056 1061
1057 1058
1057 1062
1058 1059
1058 1062
1058 1063
1059 1060
1059 1063
1059 1064
1060 1061
1060 1064
1060 1065
1061 1065
1062 1063
1062 1066
1063 1064
1063 1066
1063 1067
1064 1065
1064 1067
1064 1068
1065 1068
1066 1067
1066 1069
1067 1068
1067 1069
1067 1070
1068 1070
1069 1070
1069 1071
1070 1071
1072 1073
1072 1088
1073 1074
1073 1088
1073 1095
1074 1075
1074 1095
1074 1101
1075 1076
1075 1101
1075 1106
1076 1077
1076 1106
1076 1110
1077 1078
1077 1110
1077 1113
1078 1079
1078 1113
1078 1115
1079 1080
1079 1115
1079 1116
1080 1116
1081 1082
1081 1089
1082 1083
1082 1089
1082 1090
1083 1084
1083 1090
1083 1091
1084 1085
1084 1091
1084 1092
1085 1086
1085 1092
1085 1093
1086 1087
1086 1093
1086 1094
1087 1088
1087 1094
1087 1095
1088 1095
1089 1090
1089 1096
1090 1091
1090 1096
1090 1097
1091 1092
1091 1097
1091 1098
1092 1093
1092 1098
1092 1099
1093 1094
1093 1099
1093 1100
1094 1095
1094 1100
1094 1101
1095 1101
1096 1097
1096 1102
1097 1098
1097 1102
1097 1103
1098 1099
1098 1103
1098 1104
1099 1100
1099 1104
1099 1105
1100 1101
1100 1105
1100 1106
1101 1106
1102 1103
1102 1107
1103 1104
1103 1107
1103 1108
1104 1105
1104 1108
1104 1109
1105 1106
1105 1109
1105 1110
1106 1110
1107 1108
1107 1111
1108 1109
1108 1111
1108 1112
1109 1110
1109 1112
1109 1113
1110 1113
1111 1112
1111 1114
1112 1113
1112 1114
1112 1115
1113 1115
1114 1115
1114 1116
1115 1116
1117 1118
1117 1143
1118 1119
1118 1143
1118 1150
1119 1120
1119 1150
1119 1156
1120 1121
1120 1156
1120 1161
1121 1122
1121 1161
1121 1165
1122 1123
1122 1165
1122 1168
1123 1124
1123 1168
1123 1170
1124 1125
1124 1170
1124 1171
1125 1126
1125 1127
1125 1171
1126 1127
1126 1172
1126 1272
1127 1128
1127 1171
1127 1172
1127 1198
1128 1129
1128 1169
1128 1171
1128 1197
1128 1198
1129 1130
1129 1166
1129 1169
1129 1196
1129 1197
1130 1131
1130 1162
1130 1166
1130 1195
1130 1196
1131 1132
1131 1157
1131 1162
1131 1194
1131 1195
1132 1133
1132 1151
1132 1157
1132 1193
1132 1194
1133 1134
1133 1144
1133 1151
1133 1192
1133 1193
1134 1135
1134 1136
1134 1144
1134 1191
1134 1192
1135 1136
1135 1190
1135 1191
1136 1137
1136 1144
1137 1138
1137 1144
1137 1145
1138 1139
1138 1145
1138 1146
1139 1140
1139 1146
1139 1147
1140 1141
1140 1147
1140 1148
1141 1142
1141 1148
1141 1149
1142 1143
1142 1149
1142 1150
1143 1150
1144 1145
1144 1151
1145 1146
1145 1151
1145 1152
1146 1147
1146 1152
1146 1153
1147 1148
1147 1153
1147 1154
1148 1149
1148 1154
1148 1155
1149 1150
1149 1155
1149 1156
1150 1156
1151 1152
1151 1157
1152 1153
1152 1157
1152 1158
1153 1154
1153 1158
1153 1159
1154 1155
1154 1159
1154 1160
1155 1156
1155 1160
1155 1161
1156 1161
1157 1158
1157 1162
1158 1159
1158 1162
1158 1163
1159 1160
1159 1163
1159 1164
1160 1161
1160 1164
1160 1165
1161 1165
1162 1163
1162 1166
1163 1164
1163 1166
1163 1167
1164 1165
1164 1167
1164 1168
1165 1168
1166 1167
1166 1169
1167 1168
1167 1169
1167 1170
1168 1170
1169 1170
1169 1171
1170 1171
1172 1173
1172 1198
1172 1272
1172 1298
1173 1174
1173 1198
1173 1205
1173 1297
1173 1298
1174 1175
1174 1205
1174 1211
1174 1296
1174 1297
1175 1176
1175 1211
1175 1216
1175 1295
1175 1296
1176 1177
1176 1216
1176 1220
1176 1294
1176 1295
1177 1178
1177 1220
1177 1223
1177 1293
1177 1294
1178 1179
1178 1223
1178 1225
1178 1292
1178 1293
1179 1180
1179 1225
1179 1226
1179 1291
1179 1292
1180 1181
1180 1182
1180 1226
1180 1290
1180 1291
1181 1182
1181 1227
1181 1290
1181 1327
1182 1183
1182 1226
1182 1227
1182 1271
1183 1184
1183 1224
1183 1226
1183 1270
1183 1271
1184 1185
1184 1221
1184 1224
1184 1268
1184 1270
1185 1186
1185 1217
1185 1221
1185 1265
1185 1268
1186 1187
1186 1212
1186 1217
1186 1261
1186 1265
1187 1188
1187 1206
1187 1212
1187 1256
1187 1261
1188 1189
1188 1199
1188 1206
1188 1250
1188 1256
1189 1190
1189 1191
1189 1199
1189 1243
1189 1250
1190 1191
1190 1243
1191 1192
1191 1199
1192 1193
1192 1199
1192 1200
1193 1194
1193 1200
1193 1201
1194 1195
1194 1201
1194 1202
1195 1196
1195 1202
1195 1203
1196 1197
1196 1203
1196 1204
1197 1198
1197 1204
1197 1205
1198 1205
1199 1200
1199 1206
1200 1201
1200 1206
1200 1207
1201 1202
1201 1207
1201 1208
1202 1203
1202 1208
1202 1209
1203 1204
1203 1209
1203 1210
1204 1205
1204 1210
1204 1211
1205 1211
1206 1207
1206 1212
1207 1208
1207 1212
1207 1213
1208 1209
1208 1213
1208 1214
1209 1210
1209 1214
1209 1215
1210 1211
1210 1215
1210 1216
1211 1216
1212 1213
1212 1217
1213 1214
1213 1217
1213 1218
1214 1215
1214 1218
1214 1219
1215 1216
1215 1219
1215 1220
1216 1220
1217 1218
1217 1221
1218 1219
1218 1221
1218 1222
1219 1220
1219 1222
1219 1223
1220 1223
1221 1222
1221 1224
1222 1223
1222 1224
1222 1225
1223 1225
1224 1225
1224 1226
1225 1226
1227 1228
1227 1271
1227 1327
1227 1352
1228 1229
1228 1269
1228 1271
1228 1351
1228 1352
1229 1230
1229 1266
1229 1269
1229 1350
1229 1351
1230 1231
1230 1262
1230 1266
1230 1349
1230 1350
1231 1232
1231 1257
1231 1262
1231 1348
1231 1349
1232 1233
1232 1251
1232 1257
1232 1347
1232 1348
1233 1234
1233 1244
1233 1251
1233 1346
1233 1347
1234 1235
1234 1236
1234 1244
1234 1345
1234 1346
1235 1236
1235 1344
1235 1345
1236 1237
1236 1244
1237 1238
1237 1244
1237 1245
1238 1239
1238 1245
1238 1246
1239 1240
1239 1246
1239 1247
1240 1241
1240 1247
1240 1248
1241 1242
1241 1248
1241 1249
1242 1243
1242 1249
1242 1250
1243 1250
1244 1245
1244 1251
1245 1246
1245 1251
1245 1252
1246 1247
1246 1252
1246 1253
1247 1248
1247 1253
1247 1254
1248 1249
1248 1254
1248 1255
1249 1250
1249 1255
1249 1256
1250 1256
1251 1252
1251 1257
1252 1253
1252 1257
1252 1258
1253 1254
1253 1258
1253 1259
1254 1255
1254 1259
1254 1260
1255 1256
1255 1260
1255 1261
1256 1261
1257 1258
1257 1262
1258 1259
1258 1262
1258 1263
1259 1260
1259 1263
1259 1264
1260 1261
1260 1264
1260 1265
1261 1265
1262 1263
1262 1266
1263 1264
1263 1266
1263 1267
1264 1265
1264 1267
1264 1268
1265 1268
1266 1267
1266 1269
1267 1268
1267 1269
1267 1270
1268 1270
1269 1270
1269 1271
1270 1271
1272 1273
1272 1298
1273 1274
1273 1298
1273 1305
1274 1275
1274 1305
1274 1311
1275 1276
1275 1311
1275 1316
1276 1277
1276 1316
1276 1320
1277 1278
1277 1320
1277 1323
1278 1279
1278 1323
1278 1325
1279 1280
1279 1325
1279 1326
1280 1281
1280 1282
1280 1326
1281 1282
1281 1426
1281 1471
1282 1283
1282 1326
1282 1426
1282 1442
1283 1284
1283 1324
1283 1326
1283 1441
1283 1442
1284 1285
1284 1321
1284 1324
1284 1440
1284 1441
1285 1286
1285 1317
1285 1321
1285 1439
1285 1440
1286 1287
1286 1312
1286 1317
1286 1438
1286 1439
1287 1288
1287 1306
1287 1312
1287 1437
1287 1438
1288 1289
1288 1299
1288 1306
1288 1436
1288 1437
1289 1290
1289 1291
1289 1299
1289 1435
1289 1436
1290 1291
1290 1327
1290 1435
1291 1292
1291 1299
1292 1293
1292 1299
1292 1300
1293 1294
1293 1300
1293 1301
1294 1295
1294 1301
1294 1302
1295 1296
1295 1302
1295 1303
1296 1297
1296 1303
1296 1304
1297 1298
1297 1304
1297 1305
1298 1305
1299 1300
1299 1306
1300 1301
1300 1306
1300 1307
1301 1302
1301 1307
1301 1308
1302 1303
1302 1308
1302 1309
1303 1304
1303 1309
1303 1310
1304 1305
1304 1310
1304 1311
1305 1311
1306 1307
1306 1312
1307 1308
1307 1312
1307 1313
1308 1309
1308 1313
1308 1314
1309 1310
1309 1314
1309 1315
1310 1311
1310 1315
1310 1316
1311 1316
1312 1313
1312 1317
1313 1314
1313 1317
1313 1318
1314 1315
1314 1318
1314 1319
1315 1316
1315 1319
1315 1320
1316 1320
1317 1318
1317 1321
1318 1319
1318 1321
1318 1322
1319 1320
1319 1322
1319 1323
1320 1323
1321 1322
1321 1324
1322 1323
1322 1324
1322 1325
1323 1325
1324 1325
1324 1326
1325 1326
1327 1328
1327 1352
1327 1435
1328 1329
1328 1352
1328 1359
1328 1435
1328 1443
1329 1330
1329 1359
1329 1365
1329 1443
1329 1450
1330 1331
1330 1365
1330 1370
1330 1450
1330 1456
1331 1332
1331 1370
1331 1374
1331 1456
1331 1461
1332 1333
1332 1374
1332 1377
1332 1461
1332 1465
1333 1334
1333 1377
1333 1379
1333 1465
1333 1468
1334 1335
1334 1379
1334 1380
1334 1468
1334 1470
1335 1336
1335 1380
1335 1434
1335 1470
1336 1337
1336 1380
1336 1381
1336 1425
1337 1338
1337 1378
1337 1380
1337 1424
1337 1425
1338 1339
1338 1375
1338 1378
1338 1422
1338 1424
1339 1340
1339 1371
1339 1375
1339 1419
1339 1422
1340 1341
1340 1366
1340 1371
1340 1415
1340 1419
1341 1342
1341 1360
1341 1366
1341 1410
1341 1415
1342 1343
1342 1353
1342 1360
1342 1404
1342 1410
1343 1344
1343 1345
1343 1353
1343 1397
1343 1404
1344 1345
1344 1397
1345 1346
1345 1353
1346 1347
1346 1353
1346 1354
1347 1348
1347 1354
1347 1355
1348 1349
1348 1355
1348 1356
1349 1350
1349 1356
1349 1357
1350 1351
1350 1357
1350 1358
1351 1352
1351 1358
1351 1359
1352 1359
1353 1354
1353 1360
1354 1355
1354 1360
1354 1361
1355 1356
1355 1361
1355 1362
1356 1357
1356 1362
1356 1363
1357 1358
1357 1363
1357 1364
1358 1359
1358 1364
1358 1365
1359 1365
1360 1361
1360 1366
1361 1362
1361 1366
1361 1367
1362 1363
1362 1367
1362 1368
1363 1364
1363 1368
1363 1369
1364 1365
1364 1369
1364 1370
1365 1370
1366 1367
1366 1371
1367 1368
1367 1371
1367 1372
1368 1369
1368 1372
1368 1373
1369 1370
1369 1373
1369 1374
1370 1374
1371 1372
1371 1375
1372 1373
1372 1375
1372 1376
1373 1374
1373 1376
1373 1377
1374 1377
1375 1376
1375 1378
1376 1377
1376 1378
1376 1379
1377 1379
1378 1379
1378 1380
1379 1380
1381 1382
1381 1425
1381 1532
1382 1383
1382 1423
1382 1425
1382 1531
1382 1532
1383 1384
1383 1420
1383 1423
1383 1530
1383 1531
1384 1385
1384 1416
1384 1420
1384 1529
1384 1530
1385 1386
1385 1411
1385 1416
1385 1528
1385 1529
1386 1387
1386 1405
1386 1411
1386 1527
1386 1528
1387 1388
1387 1398
1387 1405
1387 1526
1387 1527
1388 1389
1388 1390
1388 1398
1388 1525
1388 1526
1389 1390
1389 1524
1389 1525
1390 1391
1390 1398
1391 1392
1391 1398
1391 1399
1392 1393
1392 1399
1392 1400
1393 1394
1393 1400
1393 1401
1394 1395
1394 1401
1394 1402
1395 1396
1395 1402
1395 1403
1396 1397
1396 1403
1396 1404
1397 1404
1398 1399
1398 1405
1399 1400
1399 1405
1399 1406
1400 1401
1400 1406
1400 1407
1401 1402
1401 1407
1401 1408
1402 1403
1402 1408
1402 1409
1403 1404
1403 1409
1403 1410
1404 1410
1405 1406
1405 1411
1406 1407
1406 1411
1406 1412
1407 1408
1407 1412
1407 1413
1408 1409
1408 1413
1408 1414
1409 1410
1409 1414
1409 1415
1410 1415
1411 1412
1411 1416
1412 1413
1412 1416
1412 1417
1413 1414
1413 1417
1413 1418
1414 1415
1414 1418
1414 1419
1415 1419
1416 1417
1416 1420
1417 1418
1417 1420
1417 1421
1418 1419
1418 1421
1418 1422
1419 1422
1420 1421
1420 1423
1421 1422
1421 1423
1421 1424
1422 1424
1423 1424
1423 1425
1424 1425
1426 1427
1426 1442
1426 1471
1426 1487
1427 1428
1427 1442
1427 1449
1427 1486
1427 1487
1428 1429
1428 1449
1428 1455
1428 1485
1428 1486
1429 1430
1429 1455
1429 1460
1429 1484
1429 1485
1430 1431
1430 1460
1430 1464
1430 1483
1430 1484
1431 1432
1431 1464
1431 1467
1431 1482
1431 1483
1432 1433
1432 1467
1432 1469
1432 1481
1432 1482
1433 1434
1433 1469
1433 1470
1433 1480
1433 1481
1434 1470
1434 1480
1435 1436
1435 1443
1436 1437
1436 1443
1436 1444
1437 1438
1437 1444
1437 1445
1438 1439
1438 1445
1438 1446
1439 1440
1439 1446
1439 1447
1440 1441
1440 1447
1440 1448
1441 1442
1441 1448
1441 1449
1442 1449
1443 1444
1443 1450
1444 1445
1444 1450
1444 1451
1445 1446
1445 1451
1445 1452
1446 1447
1446 1452
1446 1453
1447 1448
1447 1453
1447 1454
1448 1449
1448 1454
1448 1455
1449 1455
1450 1451
1450 1456
1451 1452
1451 1456
1451 1457
1452 1453
1452 1457
1452 1458
1453 1454
1453 1458
1453 1459
1454 1455
1454 1459
1454 1460
1455 1460
1456 1457
1456 1461
1457 1458
1457 1461
1457 1462
1458 1459
1458 1462
1458 1463
1459 1460
1459 1463
1459 1464
1460 1464
1461 1462
1461 1465
1462 1463
1462 1465
1462 1466
1463 1464
1463 1466
1463 1467
1464 1467
1465 1466
1465 1468
1466 1467
1466 1468
1466 1469
1467 1469
1468 1469
1468 1470
1469 1470
1471 1472
1471 1487
1472 1473
1472 1487
1472 1494
1473 1474
1473 1494
1473 1500
1474 1475
1474 1500
1474 1505
1475 1476
1475 1505
1475 1509
1476 1477
1476 1509
1476 1512
1477 1478
1477 1512
1477 1514
1478 1479
1478 1514
1478 1515
1479 1515
1480 1481
1480 1488
1481 1482
1481 1488
1481 1489
1482 1483
1482 1489
1482 1490
1483 1484
1483 1490
1483 1491
1484 1485
1484 1491
1484 1492
1485 1486
1485 1492
1485 1493
1486 1487
1486 1493
1486 1494
1487 1494
1488 1489
1488 1495
1489 1490
1489 1495
1489 1496
1490 1491
1490 1496
1490 1497
1491 1492
1491 1497
1491 1498
1492 1493
1492 1498
1492 1499
1493 1494
1493 1499
1493 1500
1494 1500
1495 1496
1495 1501
1496 1497
1496 1501
1496 1502
1497 1498
1497 1502
1497 1503
1498 1499
1498 1503
1498 1504
1499 1500
1499 1504
1499 1505
1500 1505
1501 1502
1501 1506
1502 1503
1502 1506
1502 1507
1503 1504
1503 1507
1503 1508
1504 1505
1504 1508
1504 1509
1505 1509
1506 1507
1506 1510
1507 1508
1507 1510
1507 1511
1508 1509
1508 1511
1508 1512
1509 1512
1510 1511
1510 1513
1511 1512
1511 1513
1511 1514
1512 1514
1513 1514
1513 1515
1514 1515
1516 1517
1516 1560
1517 1518
1517 1558
1517 1560
1518 1519
1518 1555
1518 1558
1519 1520
1519 1551
1519 1555
1520 1521
1520 1546
1520 1551
1521 1522
1521 1540
1521 1546
1522 1523
1522 1533
1522 1540
1523 1524
1523 1525
1523 1533
1524 1525
1525 1526
1525 1533
1526 1527
1526 1533
1526 1534
1527 1528
1527 1534
1527 1535
1528 1529
1528 1535
1528 1536
1529 1530
1529 1536
1529 1537
1530 1531
1530 1537
1530 1538
1531 1532
1531 1538
1531 1539
1532 1539
1533 1534
1533 1540
1534 1535
1534 1540
1534 1541
1535 1536
1535 1541
1535 1542
1536 1537
1536 1542
1536 1543
1537 1538
1537 1543
1537 1544
1538 1539
1538 1544
1538 1545
1539 1545
1540 1541
1540 1546
1541 1542
1541 1546
1541 1547
1542 1543
1542 1547
1542 1548
1543 1544
1543 1548
1543 1549
1544 1545
1544 1549
1544 1550
1545 1550
1546 1547
1546 1551
1547 1548
1547 1551
1547 1552
1548 1549
1548 1552
1548 1553
1549 1550
1549 1553
1549 1554
1550 1554
1551 1552
1551 1555
1552 1553
1552 1555
1552 1556
1553 1554
1553 1556
1553 1557
1554 1557
1555 1556
1555 1558
1556 1557
1556 1558
1556 1559
1557 1559
1558 1559
1558 1560
1559 1560
