95 755
0 1
0 3
0 6
0 8
0 12
0 14
0 17
0 19
0 24
0 26
0 29
0 31
0 35
0 37
0 40
0 42
0 48
0 50
0 53
0 55
0 59
0 61
0 64
0 66
0 71
0 73
0 76
0 78
0 82
0 84
0 87
0 89
1 2
1 5
1 7
1 11
1 13
1 16
1 18
1 23
1 25
1 28
1 30
1 34
1 36
1 39
1 41
1 47
1 49
1 52
1 54
1 58
1 60
1 63
1 65
1 70
1 72
1 75
1 77
1 81
1 83
1 86
1 88
3 4
3 5
3 9
3 11
3 15
3 16
3 20
3 23
3 27
3 28
3 32
3 34
3 38
3 39
3 43
3 47
3 51
3 52
3 56
3 58
3 62
3 63
3 67
3 70
3 74
3 75
3 79
3 81
3 85
3 86
3 90
6 2
6 10
6 11
6 13
6 21
6 23
6 25
6 33
6 34
6 36
6 44
6 47
6 49
6 57
6 58
6 60
6 68
6 70
6 72
6 80
6 81
6 83
6 91
8 4
8 10
8 11
8 15
8 21
8 23
8 27
8 33
8 34
8 38
8 44
8 47
8 51
8 57
8 58
8 62
8 68
8 70
8 74
8 80
8 81
8 85
8 91
12 2
12 5
12 7
12 22
12 23
12 25
12 28
12 30
12 45
12 47
12 49
12 52
12 54
12 69
12 70
12 72
12 75
12 77
12 92
14 4
14 5
14 9
14 22
14 23
14 27
14 28
14 32
14 45
14 47
14 51
14 52
14 56
14 69
14 70
14 74
14 75
14 79
14 92
17 2
17 10
17 22
17 23
17 25
17 33
17 45
17 47
17 49
17 57
17 69
17 70
17 72
17 80
17 92
19 4
19 10
19 22
19 23
19 27
19 33
19 45
19 47
19 51
19 57
19 69
19 70
19 74
19 80
19 92
24 2
24 5
24 7
24 11
24 13
24 16
24 18
24 46
24 47
24 49
24 52
24 54
24 58
24 60
24 63
24 65
24 93
26 4
26 5
26 9
26 11
26 15
26 16
26 20
26 46
26 47
26 51
26 52
26 56
26 58
26 62
26 63
26 67
26 93
29 2
29 10
29 11
29 13
29 21
29 46
29 47
29 49
29 57
29 58
29 60
29 68
29 93
31 4
31 10
31 11
31 15
31 21
31 46
31 47
31 51
31 57
31 58
31 62
31 68
31 93
35 2
35 5
35 7
35 22
35 46
35 47
35 49
35 52
35 54
35 69
35 93
37 4
37 5
37 9
37 22
37 46
37 47
37 51
37 52
37 56
37 69
37 93
40 2
40 10
40 22
40 46
40 47
40 49
40 57
40 69
40 93
42 4
42 10
42 22
42 46
42 47
42 51
42 57
42 69
42 93
48 2
48 5
48 7
48 11
48 13
48 16
48 18
48 23
48 25
48 28
48 30
48 34
48 36
48 39
48 41
48 94
50 4
50 5
50 9
50 11
50 15
50 16
50 20
50 23
50 27
50 28
50 32
50 34
50 38
50 39
50 43
50 94
53 2
53 10
53 11
53 13
53 21
53 23
53 25
53 33
53 34
53 36
53 44
53 94
55 4
55 10
55 11
55 15
55 21
55 23
55 27
55 33
55 34
55 38
55 44
55 94
59 2
59 5
59 7
59 22
59 23
59 25
59 28
59 30
59 45
59 94
61 4
61 5
61 9
61 22
61 23
61 27
61 28
61 32
61 45
61 94
64 2
64 10
64 22
64 23
64 25
64 33
64 45
64 94
66 4
66 10
66 22
66 23
66 27
66 33
66 45
66 94
71 2
71 5
71 7
71 11
71 13
71 16
71 18
71 46
71 94
73 4
73 5
73 9
73 11
73 15
73 16
73 20
73 46
73 94
76 2
76 10
76 11
76 13
76 21
76 46
76 94
78 4
78 10
78 11
78 15
78 21
78 46
78 94
82 2
82 5
82 7
82 22
82 46
82 94
84 4
84 5
84 9
84 22
84 46
84 94
87 2
87 10
87 22
87 46
87 94
89 4
89 10
89 22
89 46
89 94
2 4
2 9
2 15
2 20
2 27
2 32
2 38
2 43
2 51
2 56
2 62
2 67
2 74
2 79
2 85
2 90
5 10
5 21
5 33
5 44
5 57
5 68
5 80
5 91
7 4
7 10
7 15
7 21
7 27
7 33
7 38
7 44
7 51
7 57
7 62
7 68
7 74
7 80
7 85
7 91
11 22
11 45
11 69
11 92
13 4
13 9
13 22
13 27
13 32
13 45
13 51
13 56
13 69
13 74
13 79
13 92
16 10
16 22
16 33
16 45
16 57
16 69
16 80
16 92
18 4
18 10
18 22
18 27
18 33
18 45
18 51
18 57
18 69
18 74
18 80
18 92
23 46
23 93
25 4
25 9
25 15
25 20
25 46
25 51
25 56
25 62
25 67
25 93
28 10
28 21
28 46
28 57
28 68
28 93
30 4
30 10
30 15
30 21
30 46
30 51
30 57
30 62
30 68
30 93
34 22
34 46
34 69
34 93
36 4
36 9
36 22
36 46
36 51
36 56
36 69
36 93
39 10
39 22
39 46
39 57
39 69
39 93
41 4
41 10
41 22
41 46
41 51
41 57
41 69
41 93
47 94
49 4
49 9
49 15
49 20
49 27
49 32
49 38
49 43
49 94
52 10
52 21
52 33
52 44
52 94
54 4
54 10
54 15
54 21
54 27
54 33
54 38
54 44
54 94
58 22
58 45
58 94
60 4
60 9
60 22
60 27
60 32
60 45
60 94
63 10
63 22
63 33
63 45
63 94
65 4
65 10
65 22
65 27
65 33
65 45
65 94
70 46
70 94
72 4
72 9
72 15
72 20
72 46
72 94
75 10
75 21
75 46
75 94
77 4
77 10
77 15
77 21
77 46
77 94
81 22
81 46
81 94
83 4
83 9
83 22
83 46
83 94
86 10
86 22
86 46
86 94
88 4
88 10
88 22
88 46
88 94
9 10
9 21
9 33
9 44
9 57
9 68
9 80
9 91
15 22
15 45
15 69
15 92
20 10
20 22
20 33
20 45
20 57
20 69
20 80
20 92
27 46
27 93
32 10
32 21
32 46
32 57
32 68
32 93
38 22
38 46
38 69
38 93
43 10
43 22
43 46
43 57
43 69
43 93
51 94
56 10
56 21
56 33
56 44
56 94
62 22
62 45
62 94
67 10
67 22
67 33
67 45
67 94
74 46
74 94
79 10
79 21
79 46
79 94
85 22
85 46
85 94
90 10
90 22
90 46
90 94
21 22
21 45
21 69
21 92
33 46
33 93
44 22
44 46
44 69
44 93
57 94
68 22
68 45
68 94
80 46
80 94
91 22
91 46
91 94
45 46
45 93
69 94
92 46
92 94
93 94
