47 236
0 1
0 3
0 6
0 8
0 12
0 14
0 17
0 19
0 24
0 26
0 29
0 31
0 35
0 37
0 40
0 42
1 2
1 5
1 7
1 11
1 13
1 16
1 18
1 23
1 25
1 28
1 30
1 34
1 36
1 39
1 41
3 4
3 5
3 9
3 11
3 15
3 16
3 20
3 23
3 27
3 28
3 32
3 34
3 38
3 39
3 43
6 2
6 10
6 11
6 13
6 21
6 23
6 25
6 33
6 34
6 36
6 44
8 4
8 10
8 11
8 15
8 21
8 23
8 27
8 33
8 34
8 38
8 44
12 2
12 5
12 7
12 22
12 23
12 25
12 28
12 30
12 45
14 4
14 5
14 9
14 22
14 23
14 27
14 28
14 32
14 45
17 2
17 10
17 22
17 23
17 25
17 33
17 45
19 4
19 10
19 22
19 23
19 27
19 33
19 45
24 2
24 5
24 7
24 11
24 13
24 16
24 18
24 46
26 4
26 5
26 9
26 11
26 15
26 16
26 20
26 46
29 2
29 10
29 11
29 13
29 21
29 46
31 4
31 10
31 11
31 15
31 21
31 46
35 2
35 5
35 7
35 22
35 46
37 4
37 5
37 9
37 22
37 46
40 2
40 10
40 22
40 46
42 4
42 10
42 22
42 46
2 4
2 9
2 15
2 20
2 27
2 32
2 38
2 43
5 10
5 21
5 33
5 44
7 4
7 10
7 15
7 21
7 27
7 33
7 38
7 44
11 22
11 45
13 4
13 9
13 22
13 27
13 32
13 45
16 10
16 22
16 33
16 45
18 4
18 10
18 22
18 27
18 33
18 45
23 46
25 4
25 9
25 15
25 20
25 46
28 10
28 21
28 46
30 4
30 10
30 15
30 21
30 46
34 22
34 46
36 4
36 9
36 22
36 46
39 10
39 22
39 46
41 4
41 10
41 22
41 46
9 10
9 21
9 33
9 44
15 22
15 45
20 10
20 22
20 33
20 45
27 46
32 10
32 21
32 46
38 22
38 46
43 10
43 22
43 46
21 22
21 45
33 46
44 22
44 46
45 46
