64 728
0 9
0 18
0 27
0 36
0 45
0 54
0 63
0 1
0 2
0 3
0 4
0 5
0 6
0 7
0 8
0 16
0 24
0 32
0 40
0 48
0 56
9 1
9 2
9 8
9 18
9 27
9 36
9 45
9 54
9 63
9 16
9 10
9 11
9 12
9 13
9 14
9 15
9 17
9 25
9 33
9 41
9 49
9 57
18 2
18 4
18 10
18 11
18 16
18 17
18 27
18 36
18 45
18 54
18 63
18 25
18 32
18 19
18 20
18 21
18 22
18 23
18 26
18 34
18 42
18 50
18 58
27 3
27 6
27 11
27 13
27 19
27 20
27 24
27 25
27 26
27 36
27 45
27 54
27 63
27 34
27 41
27 48
27 28
27 29
27 30
27 31
27 35
27 43
27 51
27 59
36 4
36 12
36 15
36 20
36 22
36 28
36 29
36 32
36 33
36 34
36 35
36 45
36 54
36 63
36 43
36 50
36 57
36 37
36 38
36 39
36 44
36 52
36 60
45 5
45 13
45 21
45 29
45 31
45 37
45 38
45 40
45 41
45 42
45 43
45 44
45 54
45 63
45 52
45 59
45 46
45 47
45 53
45 61
54 6
54 14
54 22
54 30
54 38
54 46
54 47
54 48
54 49
54 50
54 51
54 52
54 53
54 63
54 61
54 55
54 62
63 7
63 15
63 23
63 31
63 39
63 47
63 55
63 56
63 57
63 58
63 59
63 60
63 61
63 62
1 10
1 19
1 28
1 37
1 46
1 55
1 8
1 2
1 3
1 4
1 5
1 6
1 7
1 17
1 25
1 33
1 41
1 49
1 57
2 11
2 20
2 29
2 38
2 47
2 16
2 3
2 4
2 5
2 6
2 7
2 10
2 26
2 34
2 42
2 50
2 58
3 12
3 21
3 30
3 39
3 10
3 17
3 24
3 4
3 5
3 6
3 7
3 11
3 19
3 35
3 43
3 51
3 59
4 13
4 22
4 31
4 11
4 25
4 32
4 5
4 6
4 7
4 12
4 20
4 28
4 44
4 52
4 60
5 14
5 23
5 12
5 19
5 26
5 33
5 40
5 6
5 7
5 13
5 21
5 29
5 37
5 53
5 61
6 15
6 13
6 20
6 34
6 41
6 48
6 7
6 14
6 22
6 30
6 38
6 46
6 62
7 14
7 21
7 28
7 35
7 42
7 49
7 56
7 15
7 23
7 31
7 39
7 47
7 55
8 17
8 26
8 35
8 44
8 53
8 62
8 10
8 11
8 12
8 13
8 14
8 15
8 16
8 24
8 32
8 40
8 48
8 56
16 25
16 34
16 43
16 52
16 61
16 17
16 19
16 20
16 21
16 22
16 23
16 24
16 32
16 40
16 48
16 56
24 10
24 17
24 33
24 42
24 51
24 60
24 25
24 26
24 28
24 29
24 30
24 31
24 32
24 40
24 48
24 56
32 11
32 25
32 41
32 50
32 59
32 33
32 34
32 35
32 37
32 38
32 39
32 40
32 48
32 56
40 12
40 19
40 26
40 33
40 49
40 58
40 41
40 42
40 43
40 44
40 46
40 47
40 48
40 56
48 13
48 20
48 34
48 41
48 57
48 49
48 50
48 51
48 52
48 53
48 55
48 56
56 14
56 21
56 28
56 35
56 42
56 49
56 57
56 58
56 59
56 60
56 61
56 62
10 19
10 28
10 37
10 46
10 55
10 17
10 11
10 12
10 13
10 14
10 15
10 26
10 34
10 42
10 50
10 58
19 11
19 12
19 17
19 28
19 37
19 46
19 55
19 26
19 33
19 20
19 21
19 22
19 23
19 35
19 43
19 51
19 59
28 12
28 14
28 20
28 21
28 25
28 26
28 37
28 46
28 55
28 35
28 42
28 49
28 29
28 30
28 31
28 44
28 52
28 60
37 13
37 21
37 23
37 29
37 30
37 33
37 34
37 35
37 46
37 55
37 44
37 51
37 58
37 38
37 39
37 53
37 61
46 14
46 22
46 30
46 38
46 39
46 41
46 42
46 43
46 44
46 55
46 53
46 60
46 47
46 62
55 15
55 23
55 31
55 39
55 47
55 49
55 50
55 51
55 52
55 53
55 62
17 26
17 35
17 44
17 53
17 62
17 20
17 21
17 22
17 23
17 25
17 33
17 41
17 49
17 57
25 11
25 34
25 43
25 52
25 61
25 26
25 29
25 30
25 31
25 33
25 41
25 49
25 57
33 12
33 26
33 42
33 51
33 60
33 34
33 35
33 38
33 39
33 41
33 49
33 57
41 13
41 20
41 34
41 50
41 59
41 42
41 43
41 44
41 47
41 49
41 57
49 14
49 21
49 35
49 42
49 58
49 50
49 51
49 52
49 53
49 57
57 15
57 22
57 29
57 43
57 50
57 58
57 59
57 60
57 61
57 62
11 20
11 29
11 38
11 47
11 12
11 13
11 14
11 15
11 35
11 43
11 51
11 59
20 12
20 13
20 29
20 38
20 47
20 34
20 21
20 22
20 23
20 44
20 52
20 60
29 13
29 15
29 21
29 22
29 26
29 38
29 47
29 43
29 50
29 30
29 31
29 53
29 61
38 14
38 22
38 30
38 31
38 34
38 35
38 47
38 52
38 59
38 39
38 62
47 15
47 23
47 31
47 39
47 42
47 43
47 44
47 61
26 12
26 35
26 44
26 53
26 62
26 30
26 31
26 34
26 42
26 50
26 58
34 13
34 43
34 52
34 61
34 35
34 39
34 42
34 50
34 58
42 14
42 21
42 35
42 51
42 60
42 43
42 44
42 50
42 58
50 15
50 22
50 43
50 59
50 51
50 52
50 53
50 58
58 23
58 30
58 44
58 51
58 59
58 60
58 61
58 62
12 21
12 30
12 39
12 13
12 14
12 15
12 44
12 52
12 60
21 13
21 14
21 30
21 39
21 35
21 22
21 23
21 53
21 61
30 14
30 22
30 23
30 39
30 44
30 51
30 31
30 62
39 15
39 23
39 31
39 35
39 53
39 60
35 14
35 44
35 53
35 62
35 43
35 51
35 59
43 15
43 22
43 52
43 61
43 44
43 51
43 59
51 23
51 44
51 60
51 52
51 53
51 59
59 31
59 52
59 60
59 61
59 62
13 22
13 31
13 14
13 15
13 53
13 61
22 14
22 15
22 31
22 23
22 62
31 15
31 23
31 52
44 23
44 53
44 62
44 52
44 60
52 61
52 53
52 60
60 53
60 61
60 62
14 23
14 15
14 62
23 15
53 62
53 61
61 62
