25 160
0 6
0 12
0 18
0 24
0 1
0 2
0 3
0 4
0 5
0 10
0 15
0 20
6 1
6 2
6 5
6 12
6 18
6 24
6 10
6 7
6 8
6 9
6 11
6 16
6 21
12 2
12 4
12 7
12 8
12 10
12 11
12 18
12 24
12 16
12 20
12 13
12 14
12 17
12 22
18 3
18 8
18 13
18 14
18 15
18 16
18 17
18 24
18 22
18 19
18 23
24 4
24 9
24 14
24 19
24 20
24 21
24 22
24 23
1 7
1 13
1 19
1 5
1 2
1 3
1 4
1 11
1 16
1 21
2 8
2 14
2 10
2 3
2 4
2 7
2 17
2 22
3 9
3 7
3 11
3 15
3 4
3 8
3 13
3 23
4 8
4 16
4 20
4 9
4 14
4 19
5 11
5 17
5 23
5 7
5 8
5 9
5 10
5 15
5 20
10 16
10 22
10 11
10 13
10 14
10 15
10 20
15 7
15 11
15 21
15 16
15 17
15 19
15 20
20 8
20 16
20 21
20 22
20 23
7 13
7 19
7 11
7 8
7 9
7 17
7 22
13 8
13 9
13 11
13 19
13 17
13 21
13 14
13 23
19 9
19 14
19 16
19 17
19 23
11 17
11 23
11 14
11 16
11 21
16 8
16 22
16 17
16 21
21 9
21 17
21 22
21 23
8 14
8 9
8 23
14 9
14 22
17 9
17 23
17 22
22 23
