150 5576
0 1
0 2
0 3
0 4
0 6
0 8
0 10
0 11
0 12
0 13
0 14
0 15
0 16
0 18
0 19
0 20
0 22
0 23
0 25
0 28
0 31
0 33
0 37
0 38
0 45
0 47
0 48
0 50
0 54
0 55
0 56
0 57
0 58
0 60
0 61
0 62
0 64
0 65
0 66
0 74
0 75
0 76
0 78
0 80
0 81
0 82
0 83
0 84
0 85
0 86
0 87
0 88
0 89
0 90
0 91
0 92
0 93
0 95
0 97
0 99
0 100
0 102
0 103
0 107
0 110
0 111
0 112
0 114
0 117
0 121
0 122
0 127
0 128
0 129
0 131
0 136
0 138
0 142
0 145
0 147
0 148
1 2
1 3
1 4
1 6
1 7
1 8
1 11
1 13
1 14
1 15
1 21
1 24
1 27
1 28
1 29
1 31
1 36
1 38
1 39
1 41
1 43
1 44
1 46
1 49
1 51
1 52
1 55
1 57
1 59
1 60
1 62
1 64
1 65
1 66
1 69
1 71
1 72
1 74
1 78
1 80
1 81
1 84
1 85
1 87
1 90
1 92
1 96
1 99
1 100
1 102
1 103
1 104
1 105
1 106
1 108
1 109
1 110
1 115
1 117
1 118
1 119
1 120
1 122
1 123
1 125
1 127
1 129
1 132
1 133
1 134
1 135
1 136
1 137
1 138
1 140
1 142
1 145
1 149
2 3
2 4
2 5
2 8
2 9
2 10
2 11
2 12
2 13
2 15
2 17
2 19
2 20
2 21
2 24
2 25
2 28
2 30
2 31
2 33
2 37
2 38
2 41
2 42
2 43
2 45
2 47
2 48
2 49
2 50
2 53
2 54
2 55
2 56
2 58
2 62
2 63
2 65
2 66
2 67
2 68
2 71
2 72
2 74
2 75
2 82
2 83
2 85
2 90
2 92
2 93
2 96
2 99
2 100
2 103
2 105
2 106
2 107
2 109
2 112
2 113
2 119
2 120
2 123
2 125
2 126
2 127
2 128
2 129
2 133
2 136
2 141
2 142
2 143
2 144
2 145
3 4
3 7
3 8
3 9
3 12
3 14
3 15
3 16
3 19
3 20
3 22
3 26
3 27
3 30
3 31
3 32
3 33
3 35
3 36
3 37
3 40
3 44
3 46
3 49
3 51
3 54
3 55
3 57
3 58
3 60
3 62
3 68
3 69
3 73
3 74
3 75
3 77
3 80
3 81
3 82
3 83
3 84
3 92
3 96
3 100
3 101
3 103
3 105
3 110
3 111
3 112
3 114
3 115
3 116
3 117
3 118
3 120
3 126
3 128
3 131
3 134
3 138
3 139
3 140
3 145
3 147
3 149
4 7
4 9
4 11
4 14
4 15
4 16
4 19
4 20
4 22
4 23
4 28
4 29
4 30
4 32
4 42
4 43
4 44
4 47
4 49
4 51
4 53
4 54
4 55
4 56
4 57
4 60
4 61
4 62
4 64
4 65
4 66
4 67
4 68
4 69
4 70
4 71
4 73
4 74
4 76
4 77
4 79
4 83
4 84
4 85
4 86
4 89
4 92
4 93
4 95
4 96
4 98
4 99
4 100
4 102
4 104
4 109
4 110
4 111
4 112
4 113
4 115
4 116
4 117
4 119
4 121
4 123
4 124
4 125
4 126
4 129
4 132
4 133
4 136
4 140
4 143
4 145
4 146
4 147
4 148
5 6
5 7
5 9
5 12
5 13
5 14
5 15
5 17
5 19
5 24
5 25
5 26
5 28
5 29
5 30
5 31
5 32
5 34
5 35
5 37
5 40
5 41
5 43
5 49
5 50
5 53
5 54
5 61
5 63
5 65
5 66
5 67
5 68
5 72
5 74
5 78
5 79
5 81
5 85
5 87
5 90
5 91
5 93
5 94
5 97
5 98
5 99
5 101
5 102
5 104
5 105
5 107
5 108
5 110
5 112
5 113
5 115
5 116
5 117
5 118
5 119
5 121
5 122
5 123
5 127
5 128
5 129
5 133
5 136
5 139
5 141
5 143
5 145
5 148
6 7
6 8
6 9
6 10
6 11
6 14
6 16
6 17
6 18
6 19
6 20
6 21
6 24
6 25
6 26
6 29
6 30
6 31
6 33
6 36
6 37
6 38
6 39
6 40
6 41
6 42
6 48
6 49
6 50
6 52
6 54
6 56
6 58
6 59
6 61
6 64
6 68
6 70
6 72
6 73
6 74
6 78
6 79
6 80
6 82
6 86
6 90
6 91
6 94
6 95
6 96
6 98
6 99
6 103
6 105
6 107
6 108
6 109
6 110
6 114
6 115
6 116
6 117
6 118
6 119
6 121
6 122
6 123
6 125
6 128
6 135
6 137
6 138
6 139
6 143
6 148
6 149
7 8
7 11
7 17
7 18
7 20
7 21
7 23
7 24
7 25
7 26
7 27
7 28
7 29
7 30
7 31
7 32
7 33
7 34
7 39
7 40
7 41
7 43
7 46
7 47
7 50
7 51
7 52
7 54
7 56
7 57
7 59
7 60
7 62
7 64
7 65
7 67
7 72
7 76
7 77
7 78
7 80
7 81
7 83
7 87
7 92
7 100
7 102
7 104
7 106
7 109
7 110
7 111
7 112
7 117
7 124
7 125
7 126
7 128
7 129
7 131
7 132
7 134
7 138
7 143
7 145
7 147
7 149
8 11
8 13
8 17
8 18
8 20
8 21
8 24
8 26
8 29
8 31
8 33
8 34
8 35
8 39
8 40
8 41
8 42
8 43
8 47
8 49
8 51
8 52
8 53
8 54
8 56
8 60
8 62
8 64
8 70
8 71
8 72
8 74
8 75
8 81
8 82
8 83
8 84
8 89
8 90
8 91
8 92
8 95
8 97
8 102
8 105
8 106
8 107
8 111
8 112
8 113
8 114
8 115
8 120
8 122
8 123
8 125
8 132
8 133
8 134
8 137
8 139
8 140
8 146
8 147
9 10
9 11
9 12
9 13
9 15
9 17
9 25
9 31
9 33
9 35
9 36
9 37
9 40
9 43
9 44
9 49
9 50
9 51
9 52
9 53
9 58
9 64
9 65
9 66
9 67
9 71
9 74
9 75
9 76
9 78
9 79
9 81
9 82
9 84
9 85
9 86
9 88
9 91
9 94
9 96
9 98
9 101
9 107
9 108
9 111
9 112
9 113
9 120
9 122
9 123
9 124
9 125
9 126
9 127
9 129
9 130
9 133
9 134
9 137
9 140
9 142
9 145
9 147
10 12
10 13
10 16
10 17
10 18
10 19
10 20
10 21
10 25
10 28
10 30
10 31
10 35
10 36
10 37
10 39
10 40
10 42
10 45
10 46
10 47
10 48
10 50
10 51
10 52
10 53
10 55
10 57
10 59
10 60
10 61
10 65
10 66
10 69
10 70
10 72
10 73
10 74
10 75
10 77
10 78
10 79
10 81
10 83
10 84
10 85
10 87
10 88
10 89
10 90
10 91
10 98
10 99
10 101
10 102
10 103
10 104
10 105
10 106
10 107
10 110
10 113
10 115
10 118
10 120
10 121
10 122
10 124
10 126
10 129
10 130
10 133
10 135
10 138
10 140
10 141
10 142
10 144
10 145
10 147
10 148
11 12
11 13
11 15
11 16
11 17
11 19
11 20
11 21
11 22
11 23
11 25
11 27
11 33
11 37
11 41
11 43
11 45
11 46
11 47
11 48
11 49
11 51
11 53
11 56
11 58
11 61
11 64
11 65
11 67
11 72
11 74
11 75
11 80
11 81
11 82
11 87
11 88
11 89
11 90
11 91
11 92
11 93
11 94
11 96
11 98
11 101
11 103
11 105
11 109
11 110
11 112
11 114
11 115
11 116
11 118
11 119
11 122
11 132
11 134
11 138
11 139
11 140
11 144
11 145
11 146
11 147
11 149
12 13
12 16
12 17
12 18
12 19
12 20
12 21
12 22
12 23
12 25
12 26
12 27
12 28
12 29
12 30
12 31
12 34
12 36
12 38
12 40
12 43
12 44
12 45
12 48
12 49
12 50
12 51
12 54
12 55
12 56
12 57
12 59
12 60
12 61
12 63
12 66
12 67
12 70
12 71
12 73
12 74
12 77
12 78
12 80
12 82
12 85
12 86
12 88
12 89
12 91
12 92
12 94
12 96
12 101
12 105
12 106
12 107
12 109
12 110
12 111
12 112
12 114
12 115
12 116
12 118
12 119
12 122
12 125
12 126
12 127
12 128
12 129
12 130
12 132
12 133
12 137
12 138
12 142
12 144
12 145
12 146
12 147
12 148
13 14
13 15
13 18
13 19
13 20
13 21
13 23
13 24
13 25
13 26
13 27
13 28
13 31
13 35
13 37
13 39
13 41
13 44
13 45
13 48
13 52
13 53
13 56
13 57
13 58
13 60
13 62
13 63
13 65
13 67
13 68
13 69
13 70
13 74
13 77
13 79
13 81
13 86
13 88
13 89
13 90
13 92
13 96
13 98
13 101
13 103
13 107
13 109
13 110
13 111
13 112
13 113
13 114
13 115
13 119
13 122
13 123
13 128
13 134
13 136
13 143
13 146
13 148
14 16
14 18
14 19
14 21
14 23
14 25
14 27
14 33
14 35
14 37
14 39
14 41
14 45
14 46
14 47
14 48
14 49
14 51
14 54
14 55
14 57
14 63
14 64
14 65
14 71
14 72
14 73
14 74
14 75
14 77
14 78
14 79
14 81
14 83
14 88
14 92
14 93
14 96
14 98
14 99
14 100
14 101
14 103
14 105
14 112
14 113
14 114
14 117
14 119
14 120
14 121
14 123
14 124
14 127
14 129
14 131
14 135
14 136
14 138
14 140
14 142
14 143
14 144
14 145
14 146
14 147
15 16
15 18
15 22
15 23
15 24
15 25
15 27
15 30
15 31
15 32
15 34
15 35
15 39
15 41
15 46
15 48
15 49
15 51
15 53
15 55
15 58
15 59
15 63
15 64
15 66
15 69
15 71
15 72
15 76
15 79
15 80
15 81
15 82
15 84
15 86
15 87
15 91
15 92
15 95
15 96
15 97
15 100
15 101
15 102
15 103
15 104
15 107
15 108
15 111
15 112
15 114
15 115
15 117
15 118
15 119
15 120
15 122
15 126
15 130
15 132
15 133
15 134
15 135
15 136
15 140
15 145
15 148
16 19
16 21
16 22
16 23
16 26
16 27
16 28
16 30
16 31
16 32
16 33
16 35
16 36
16 41
16 43
16 44
16 45
16 46
16 47
16 48
16 49
16 50
16 51
16 53
16 55
16 58
16 63
16 66
16 67
16 70
16 75
16 77
16 80
16 83
16 84
16 87
16 90
16 92
16 94
16 96
16 97
16 98
16 99
16 100
16 101
16 102
16 103
16 104
16 105
16 107
16 108
16 112
16 114
16 115
16 116
16 119
16 120
16 121
16 123
16 126
16 127
16 130
16 132
16 133
16 134
16 136
16 137
16 140
16 141
16 142
16 143
16 144
16 145
17 21
17 22
17 26
17 27
17 29
17 35
17 36
17 37
17 41
17 42
17 43
17 45
17 48
17 52
17 53
17 54
17 55
17 58
17 60
17 62
17 63
17 65
17 66
17 67
17 68
17 69
17 71
17 72
17 73
17 74
17 75
17 77
17 79
17 80
17 83
17 84
17 86
17 87
17 89
17 90
17 92
17 98
17 99
17 102
17 104
17 107
17 109
17 110
17 111
17 113
17 114
17 115
17 119
17 120
17 121
17 122
17 124
17 131
17 133
17 134
17 137
17 138
17 141
17 145
17 146
17 147
17 149
18 20
18 21
18 23
18 25
18 27
18 28
18 29
18 31
18 32
18 33
18 34
18 36
18 38
18 41
18 43
18 45
18 49
18 50
18 51
18 52
18 54
18 57
18 58
18 60
18 61
18 63
18 64
18 65
18 66
18 67
18 72
18 73
18 81
18 86
18 87
18 88
18 90
18 93
18 94
18 96
18 97
18 98
18 100
18 101
18 102
18 105
18 107
18 108
18 110
18 113
18 117
18 118
18 120
18 121
18 122
18 123
18 124
18 126
18 131
18 132
18 135
18 136
18 137
18 139
18 140
18 141
18 142
18 143
18 144
18 145
18 148
19 20
19 22
19 23
19 26
19 27
19 32
19 33
19 35
19 36
19 39
19 41
19 42
19 43
19 45
19 48
19 50
19 52
19 54
19 58
19 59
19 61
19 63
19 65
19 66
19 67
19 69
19 72
19 74
19 76
19 78
19 81
19 83
19 84
19 85
19 87
19 89
19 90
19 92
19 93
19 94
19 97
19 99
19 101
19 103
19 104
19 105
19 106
19 107
19 111
19 112
19 113
19 115
19 116
19 117
19 118
19 119
19 121
19 122
19 123
19 124
19 126
19 128
19 130
19 132
19 133
19 135
19 137
19 138
19 142
19 144
19 146
19 148
20 21
20 23
20 25
20 26
20 30
20 33
20 34
20 38
20 39
20 41
20 43
20 44
20 47
20 50
20 51
20 52
20 54
20 55
20 57
20 60
20 62
20 66
20 69
20 73
20 74
20 75
20 76
20 77
20 80
20 82
20 85
20 87
20 90
20 94
20 95
20 97
20 100
20 104
20 105
20 106
20 107
20 114
20 115
20 116
20 118
20 119
20 121
20 122
20 127
20 128
20 130
20 133
20 134
20 135
20 137
20 138
20 139
20 140
20 142
20 143
20 145
20 146
20 148
21 22
21 24
21 25
21 30
21 40
21 42
21 44
21 45
21 46
21 47
21 49
21 51
21 52
21 55
21 56
21 57
21 60
21 61
21 67
21 69
21 71
21 72
21 73
21 74
21 76
21 77
21 78
21 80
21 83
21 85
21 86
21 88
21 89
21 90
21 91
21 92
21 94
21 95
21 96
21 98
21 101
21 105
21 106
21 108
21 111
21 113
21 114
21 115
21 116
21 118
21 119
21 123
21 130
21 132
21 134
21 136
21 138
21 139
21 140
21 142
21 143
21 145
21 148
21 149
22 23
22 24
22 26
22 27
22 29
22 33
22 34
22 35
22 36
22 38
22 40
22 41
22 42
22 45
22 49
22 50
22 51
22 54
22 56
22 59
22 64
22 65
22 67
22 68
22 70
22 71
22 72
22 75
22 77
22 78
22 80
22 82
22 84
22 89
22 90
22 94
22 95
22 96
22 99
22 104
22 110
22 112
22 115
22 118
22 120
22 122
22 125
22 128
22 129
22 132
22 133
22 134
22 135
22 136
22 138
22 144
22 149
23 25
23 29
23 30
23 31
23 32
23 34
23 35
23 36
23 37
23 45
23 46
23 47
23 49
23 50
23 51
23 57
23 61
23 63
23 68
23 71
23 72
23 73
23 77
23 80
23 81
23 82
23 83
23 84
23 85
23 86
23 92
23 94
23 95
23 96
23 98
23 99
23 100
23 102
23 105
23 106
23 107
23 109
23 110
23 113
23 117
23 121
23 122
23 123
23 124
23 125
23 126
23 131
23 132
23 134
23 136
23 137
23 141
23 144
23 146
23 148
24 25
24 28
24 29
24 31
24 34
24 35
24 36
24 38
24 39
24 40
24 41
24 42
24 44
24 45
24 46
24 47
24 51
24 53
24 54
24 56
24 61
24 66
24 67
24 68
24 69
24 71
24 72
24 73
24 74
24 77
24 78
24 79
24 80
24 83
24 84
24 85
24 90
24 93
24 94
24 97
24 98
24 99
24 100
24 101
24 103
24 104
24 105
24 106
24 108
24 109
24 114
24 115
24 117
24 119
24 121
24 122
24 123
24 124
24 125
24 129
24 130
24 133
24 135
24 136
24 140
24 142
24 144
24 145
24 147
25 27
25 30
25 31
25 33
25 37
25 38
25 39
25 40
25 41
25 42
25 46
25 47
25 49
25 50
25 55
25 56
25 59
25 60
25 61
25 62
25 63
25 64
25 65
25 68
25 75
25 77
25 80
25 86
25 89
25 90
25 94
25 95
25 96
25 97
25 98
25 100
25 101
25 104
25 105
25 106
25 109
25 112
25 113
25 115
25 116
25 117
25 119
25 121
25 124
25 125
25 127
25 129
25 132
25 136
25 137
25 138
25 139
25 140
25 142
25 144
25 148
25 149
26 28
26 31
26 33
26 35
26 37
26 43
26 46
26 48
26 52
26 54
26 55
26 56
26 58
26 62
26 65
26 67
26 72
26 74
26 75
26 77
26 80
26 81
26 82
26 83
26 84
26 86
26 87
26 88
26 89
26 93
26 94
26 96
26 98
26 100
26 102
26 103
26 104
26 105
26 106
26 107
26 108
26 110
26 111
26 112
26 114
26 115
26 119
26 120
26 122
26 123
26 124
26 125
26 131
26 133
26 134
26 138
26 146
26 147
27 28
27 31
27 35
27 40
27 44
27 50
27 52
27 55
27 59
27 60
27 64
27 66
27 68
27 69
27 71
27 73
27 76
27 79
27 81
27 84
27 85
27 90
27 92
27 94
27 95
27 96
27 97
27 99
27 103
27 104
27 107
27 109
27 110
27 114
27 117
27 121
27 123
27 124
27 125
27 127
27 129
27 130
27 132
27 134
27 136
27 138
27 139
27 140
27 143
27 144
27 145
27 146
27 149
28 29
28 31
28 39
28 41
28 46
28 48
28 49
28 50
28 51
28 56
28 57
28 58
28 61
28 62
28 64
28 69
28 70
28 71
28 72
28 77
28 78
28 79
28 80
28 89
28 90
28 91
28 93
28 94
28 96
28 97
28 98
28 99
28 104
28 105
28 107
28 108
28 110
28 111
28 112
28 113
28 117
28 118
28 121
28 122
28 125
28 127
28 129
28 130
28 131
28 132
28 136
28 137
28 138
28 141
28 143
28 144
28 146
28 147
28 148
29 30
29 31
29 32
29 34
29 35
29 37
29 38
29 40
29 42
29 43
29 45
29 46
29 48
29 49
29 50
29 54
29 56
29 59
29 61
29 62
29 63
29 66
29 68
29 71
29 73
29 74
29 76
29 77
29 78
29 83
29 85
29 87
29 90
29 92
29 98
29 100
29 102
29 104
29 105
29 109
29 112
29 114
29 115
29 122
29 123
29 124
29 125
29 127
29 128
29 129
29 130
29 133
29 136
29 139
29 141
29 142
29 144
29 145
29 146
29 148
30 31
30 32
30 34
30 40
30 41
30 44
30 48
30 49
30 51
30 53
30 54
30 60
30 63
30 65
30 69
30 70
30 71
30 73
30 76
30 77
30 78
30 80
30 81
30 82
30 87
30 88
30 90
30 91
30 92
30 94
30 97
30 99
30 102
30 105
30 106
30 107
30 112
30 113
30 115
30 116
30 119
30 121
30 122
30 125
30 126
30 132
30 133
30 136
30 143
30 146
30 147
30 148
30 149
31 35
31 38
31 40
31 42
31 43
31 44
31 55
31 58
31 59
31 60
31 61
31 63
31 70
31 72
31 73
31 77
31 78
31 82
31 83
31 87
31 90
31 91
31 93
31 99
31 100
31 101
31 103
31 105
31 106
31 108
31 109
31 117
31 120
31 121
31 122
31 126
31 128
31 130
31 131
31 132
31 133
31 139
31 141
31 142
31 143
31 144
31 146
31 147
32 33
32 38
32 39
32 42
32 43
32 46
32 48
32 49
32 51
32 52
32 53
32 54
32 58
32 62
32 63
32 65
32 66
32 72
32 73
32 75
32 77
32 78
32 79
32 81
32 83
32 84
32 85
32 90
32 91
32 94
32 96
32 97
32 98
32 100
32 103
32 109
32 111
32 113
32 115
32 116
32 117
32 118
32 121
32 124
32 125
32 126
32 131
32 144
32 149
33 34
33 35
33 36
33 40
33 41
33 42
33 46
33 47
33 49
33 51
33 52
33 56
33 58
33 59
33 62
33 63
33 65
33 67
33 68
33 69
33 71
33 73
33 75
33 79
33 83
33 84
33 87
33 93
33 95
33 97
33 99
33 101
33 102
33 104
33 106
33 109
33 110
33 112
33 113
33 116
33 119
33 120
33 122
33 123
33 125
33 126
33 130
33 134
33 136
33 137
33 138
33 140
33 141
33 143
33 145
33 146
33 147
34 35
34 40
34 42
34 43
34 46
34 47
34 48
34 51
34 53
34 55
34 57
34 62
34 66
34 67
34 68
34 69
34 74
34 77
34 80
34 81
34 83
34 85
34 87
34 90
34 91
34 92
34 93
34 94
34 96
34 101
34 102
34 103
34 104
34 105
34 106
34 110
34 111
34 113
34 114
34 116
34 121
34 122
34 123
34 125
34 126
34 127
34 129
34 130
34 132
34 133
34 135
34 139
34 140
34 144
34 147
35 38
35 40
35 41
35 42
35 43
35 46
35 47
35 48
35 50
35 53
35 54
35 55
35 57
35 59
35 60
35 61
35 65
35 68
35 69
35 70
35 71
35 72
35 73
35 76
35 82
35 83
35 84
35 87
35 88
35 92
35 101
35 105
35 107
35 110
35 112
35 114
35 116
35 118
35 119
35 121
35 122
35 124
35 125
35 127
35 128
35 130
35 134
35 136
35 138
35 140
35 144
35 145
35 146
35 149
36 38
36 39
36 45
36 46
36 47
36 48
36 50
36 52
36 62
36 63
36 64
36 65
36 70
36 71
36 73
36 75
36 77
36 79
36 81
36 82
36 83
36 85
36 86
36 87
36 88
36 89
36 93
36 94
36 101
36 102
36 103
36 104
36 105
36 106
36 111
36 113
36 115
36 117
36 118
36 120
36 121
36 123
36 124
36 125
36 126
36 127
36 129
36 131
36 133
36 138
36 141
36 142
36 146
36 148
36 149
37 39
37 41
37 42
37 44
37 45
37 46
37 48
37 50
37 52
37 56
37 57
37 58
37 60
37 62
37 65
37 67
37 68
37 69
37 71
37 78
37 80
37 81
37 83
37 84
37 85
37 88
37 90
37 91
37 94
37 98
37 99
37 101
37 102
37 104
37 105
37 107
37 111
37 115
37 116
37 117
37 118
37 120
37 121
37 123
37 128
37 129
37 130
37 133
37 137
37 141
37 142
37 149
38 39
38 40
38 42
38 44
38 45
38 46
38 50
38 51
38 52
38 53
38 54
38 56
38 57
38 58
38 61
38 64
38 65
38 66
38 67
38 69
38 74
38 75
38 78
38 82
38 85
38 87
38 88
38 89
38 92
38 94
38 100
38 104
38 105
38 107
38 108
38 109
38 110
38 111
38 113
38 114
38 116
38 117
38 118
38 120
38 122
38 123
38 124
38 129
38 132
38 133
38 135
38 139
38 141
38 143
38 144
38 145
38 149
39 42
39 43
39 45
39 46
39 47
39 48
39 52
39 54
39 55
39 56
39 58
39 59
39 62
39 63
39 65
39 68
39 69
39 74
39 75
39 79
39 80
39 81
39 85
39 88
39 91
39 93
39 94
39 95
39 96
39 99
39 102
39 104
39 106
39 109
39 112
39 114
39 115
39 116
39 122
39 124
39 126
39 127
39 130
39 137
39 139
39 145
39 147
39 149
40 48
40 49
40 54
40 55
40 58
40 59
40 60
40 62
40 64
40 66
40 71
40 72
40 73
40 74
40 77
40 78
40 79
40 82
40 87
40 88
40 90
40 91
40 95
40 97
40 102
40 103
40 105
40 106
40 107
40 108
40 109
40 111
40 115
40 117
40 120
40 121
40 125
40 131
40 132
40 133
40 134
40 139
40 142
40 147
40 148
41 42
41 43
41 44
41 49
41 50
41 53
41 56
41 57
41 58
41 59
41 62
41 67
41 69
41 70
41 79
41 80
41 81
41 82
41 84
41 87
41 88
41 90
41 91
41 97
41 98
41 99
41 102
41 104
41 105
41 107
41 108
41 109
41 110
41 111
41 112
41 113
41 114
41 115
41 121
41 124
41 126
41 128
41 130
41 131
41 133
41 135
41 137
41 141
41 143
41 145
41 147
41 149
42 44
42 45
42 48
42 49
42 51
42 53
42 54
42 57
42 58
42 59
42 60
42 67
42 71
42 75
42 76
42 77
42 80
42 82
42 85
42 86
42 87
42 88
42 89
42 90
42 91
42 92
42 95
42 96
42 97
42 100
42 101
42 102
42 105
42 108
42 109
42 110
42 111
42 113
42 117
42 118
42 119
42 120
42 121
42 122
42 124
42 126
42 129
42 131
42 133
42 134
42 136
42 138
42 139
42 142
42 143
42 144
42 145
42 146
42 148
43 45
43 47
43 49
43 51
43 52
43 53
43 57
43 59
43 62
43 64
43 65
43 66
43 67
43 69
43 71
43 72
43 73
43 76
43 77
43 78
43 80
43 81
43 86
43 93
43 94
43 96
43 99
43 102
43 103
43 104
43 106
43 107
43 108
43 109
43 110
43 112
43 113
43 115
43 117
43 118
43 119
43 120
43 121
43 126
43 128
43 129
43 130
43 131
43 133
43 134
43 138
43 140
43 141
43 142
43 144
43 145
44 46
44 48
44 57
44 61
44 62
44 63
44 65
44 66
44 68
44 69
44 71
44 72
44 75
44 76
44 77
44 79
44 80
44 82
44 83
44 86
44 87
44 88
44 90
44 91
44 92
44 97
44 98
44 100
44 102
44 105
44 106
44 109
44 110
44 111
44 113
44 114
44 115
44 116
44 117
44 119
44 122
44 125
44 126
44 128
44 129
44 130
44 134
44 135
44 139
44 144
44 146
45 46
45 50
45 51
45 57
45 60
45 61
45 66
45 67
45 68
45 70
45 78
45 79
45 80
45 81
45 82
45 83
45 84
45 85
45 86
45 88
45 89
45 91
45 92
45 96
45 97
45 98
45 101
45 103
45 107
45 108
45 109
45 110
45 111
45 115
45 117
45 118
45 119
45 120
45 121
45 123
45 125
45 127
45 128
45 131
45 133
45 134
45 137
45 138
45 144
45 145
45 146
46 48
46 51
46 56
46 60
46 62
46 65
46 67
46 68
46 69
46 75
46 79
46 80
46 83
46 84
46 85
46 87
46 88
46 90
46 92
46 94
46 97
46 98
46 101
46 104
46 105
46 106
46 107
46 108
46 111
46 112
46 114
46 116
46 117
46 119
46 120
46 123
46 125
46 129
46 130
46 131
46 133
46 134
46 142
46 144
46 146
46 147
46 148
47 48
47 49
47 50
47 51
47 52
47 53
47 55
47 57
47 58
47 59
47 60
47 63
47 66
47 67
47 68
47 73
47 74
47 75
47 76
47 77
47 78
47 80
47 83
47 84
47 85
47 86
47 89
47 93
47 99
47 104
47 105
47 107
47 110
47 112
47 114
47 116
47 120
47 121
47 122
47 123
47 127
47 130
47 133
47 135
47 136
47 138
47 139
47 140
47 141
47 143
47 145
48 49
48 52
48 58
48 59
48 60
48 66
48 67
48 70
48 77
48 79
48 80
48 81
48 82
48 83
48 85
48 87
48 93
48 94
48 95
48 98
48 99
48 101
48 105
48 113
48 115
48 116
48 117
48 119
48 120
48 121
48 122
48 124
48 125
48 130
48 131
48 132
48 133
48 134
48 135
48 136
48 137
48 139
48 141
48 143
48 145
48 146
48 147
49 52
49 56
49 57
49 58
49 59
49 61
49 63
49 65
49 67
49 69
49 71
49 72
49 73
49 75
49 76
49 77
49 78
49 81
49 82
49 83
49 84
49 86
49 89
49 90
49 93
49 96
49 100
49 102
49 105
49 106
49 107
49 108
49 110
49 113
49 114
49 115
49 116
49 117
49 120
49 122
49 123
49 124
49 125
49 129
49 130
49 132
49 133
49 134
49 139
49 142
49 143
49 144
49 145
49 149
50 51
50 52
50 53
50 55
50 57
50 58
50 60
50 62
50 63
50 64
50 66
50 68
50 69
50 73
50 77
50 78
50 80
50 81
50 89
50 90
50 91
50 95
50 98
50 99
50 101
50 102
50 103
50 105
50 107
50 108
50 110
50 111
50 113
50 116
50 123
50 128
50 129
50 130
50 133
50 135
50 136
50 138
50 139
50 140
50 142
50 145
51 52
51 53
51 54
51 55
51 56
51 57
51 58
51 59
51 60
51 61
51 66
51 68
51 69
51 70
51 71
51 72
51 73
51 74
51 76
51 77
51 78
51 87
51 88
51 91
51 92
51 93
51 96
51 97
51 99
51 100
51 102
51 105
51 108
51 109
51 112
51 115
51 123
51 124
51 125
51 126
51 135
51 136
51 138
51 141
51 142
51 144
51 147
51 149
52 58
52 59
52 60
52 62
52 63
52 64
52 66
52 69
52 70
52 76
52 81
52 82
52 83
52 86
52 87
52 89
52 91
52 93
52 94
52 95
52 97
52 100
52 102
52 105
52 108
52 110
52 112
52 113
52 114
52 117
52 119
52 124
52 127
52 130
52 132
52 133
52 134
52 137
52 141
52 143
52 144
52 145
52 146
52 147
52 148
53 54
53 57
53 58
53 62
53 63
53 66
53 68
53 70
53 73
53 74
53 75
53 76
53 81
53 83
53 84
53 86
53 88
53 89
53 91
53 92
53 93
53 95
53 99
53 100
53 101
53 106
53 107
53 108
53 110
53 111
53 112
53 114
53 115
53 117
53 118
53 119
53 120
53 121
53 122
53 123
53 124
53 125
53 126
53 127
53 129
53 142
53 144
53 145
54 55
54 56
54 57
54 60
54 62
54 64
54 66
54 67
54 70
54 71
54 73
54 74
54 75
54 76
54 77
54 79
54 83
54 88
54 90
54 91
54 92
54 94
54 98
54 99
54 100
54 103
54 111
54 114
54 116
54 118
54 124
54 128
54 132
54 133
54 135
54 139
54 140
54 141
54 146
55 57
55 59
55 61
55 64
55 65
55 67
55 70
55 72
55 76
55 77
55 78
55 79
55 84
55 85
55 86
55 87
55 89
55 96
55 97
55 98
55 99
55 102
55 111
55 112
55 115
55 117
55 118
55 120
55 122
55 125
55 127
55 128
55 131
55 133
55 134
55 135
55 139
55 140
55 142
55 143
55 145
55 147
55 148
56 59
56 63
56 70
56 71
56 72
56 73
56 74
56 76
56 77
56 79
56 81
56 82
56 83
56 84
56 85
56 88
56 89
56 92
56 95
56 96
56 97
56 98
56 100
56 103
56 105
56 106
56 107
56 110
56 111
56 112
56 114
56 115
56 116
56 117
56 119
56 120
56 121
56 122
56 123
56 124
56 125
56 127
56 128
56 130
56 131
56 133
56 134
56 139
56 140
56 143
56 147
56 148
56 149
57 60
57 61
57 69
57 71
57 73
57 75
57 76
57 77
57 78
57 81
57 83
57 84
57 85
57 86
57 87
57 88
57 89
57 91
57 92
57 93
57 94
57 95
57 99
57 100
57 103
57 106
57 108
57 109
57 113
57 115
57 116
57 119
57 122
57 124
57 128
57 131
57 132
57 134
57 139
57 145
57 146
57 147
57 148
58 59
58 62
58 64
58 65
58 68
58 70
58 74
58 75
58 76
58 80
58 81
58 83
58 85
58 90
58 91
58 92
58 93
58 94
58 96
58 97
58 98
58 105
58 106
58 107
58 108
58 109
58 110
58 111
58 112
58 117
58 119
58 120
58 122
58 123
58 127
58 130
58 135
58 136
58 137
58 140
58 141
58 143
58 144
59 60
59 61
59 63
59 66
59 68
59 70
59 72
59 76
59 80
59 81
59 82
59 84
59 88
59 90
59 94
59 99
59 102
59 105
59 106
59 109
59 110
59 114
59 115
59 117
59 118
59 119
59 123
59 124
59 125
59 128
59 130
59 131
59 133
59 137
59 138
59 139
59 140
59 141
59 146
60 61
60 63
60 65
60 68
60 71
60 77
60 81
60 83
60 84
60 85
60 86
60 87
60 89
60 90
60 91
60 92
60 93
60 96
60 97
60 100
60 101
60 103
60 104
60 105
60 106
60 107
60 108
60 109
60 110
60 111
60 112
60 115
60 116
60 120
60 121
60 123
60 124
60 125
60 129
60 132
60 137
60 138
60 139
60 142
60 144
61 64
61 68
61 69
61 73
61 76
61 77
61 81
61 82
61 83
61 84
61 85
61 86
61 87
61 89
61 90
61 91
61 92
61 94
61 97
61 100
61 101
61 102
61 104
61 105
61 106
61 112
61 113
61 114
61 116
61 117
61 118
61 119
61 120
61 122
61 123
61 124
61 127
61 130
61 136
61 137
61 142
61 143
61 144
61 147
61 149
62 65
62 67
62 68
62 72
62 73
62 74
62 76
62 77
62 78
62 79
62 80
62 84
62 87
62 88
62 90
62 92
62 93
62 94
62 95
62 98
62 107
62 112
62 114
62 115
62 117
62 118
62 120
62 123
62 124
62 126
62 128
62 129
62 130
62 131
62 132
62 133
62 134
62 135
62 138
62 144
62 145
62 147
62 148
63 66
63 67
63 69
63 70
63 73
63 75
63 78
63 82
63 83
63 84
63 88
63 92
63 95
63 98
63 102
63 103
63 104
63 109
63 110
63 111
63 114
63 115
63 117
63 120
63 121
63 124
63 127
63 128
63 131
63 132
63 133
63 139
63 142
63 143
63 145
63 146
63 148
63 149
64 65
64 66
64 69
64 70
64 72
64 73
64 74
64 77
64 80
64 82
64 83
64 84
64 87
64 89
64 90
64 91
64 92
64 93
64 94
64 95
64 97
64 98
64 99
64 100
64 101
64 102
64 103
64 109
64 110
64 112
64 113
64 114
64 115
64 116
64 118
64 119
64 120
64 121
64 122
64 123
64 125
64 127
64 130
64 131
64 135
64 136
64 137
64 138
64 139
64 140
64 141
64 142
64 146
64 148
64 149
65 68
65 71
65 73
65 76
65 78
65 80
65 81
65 84
65 86
65 89
65 91
65 92
65 94
65 95
65 96
65 98
65 99
65 100
65 103
65 105
65 106
65 107
65 110
65 111
65 112
65 113
65 117
65 118
65 119
65 121
65 122
65 124
65 126
65 128
65 129
65 131
65 133
65 134
65 135
65 136
65 137
65 139
65 140
65 141
65 142
65 143
65 145
65 148
65 149
66 68
66 71
66 75
66 80
66 81
66 82
66 83
66 87
66 88
66 89
66 90
66 92
66 95
66 100
66 107
66 109
66 110
66 112
66 116
66 117
66 118
66 119
66 120
66 121
66 122
66 126
66 135
66 138
66 139
66 140
66 142
66 143
66 144
66 147
66 148
67 68
67 69
67 71
67 72
67 73
67 74
67 80
67 82
67 91
67 96
67 103
67 107
67 109
67 111
67 112
67 115
67 117
67 119
67 121
67 122
67 127
67 129
67 131
67 132
67 133
67 134
67 136
67 138
67 139
67 141
67 142
67 143
67 145
67 148
68 71
68 72
68 75
68 77
68 78
68 79
68 81
68 82
68 87
68 89
68 92
68 94
68 97
68 100
68 101
68 104
68 105
68 106
68 108
68 110
68 114
68 116
68 120
68 121
68 123
68 124
68 127
68 129
68 140
68 143
68 145
68 146
68 147
68 149
69 71
69 74
69 81
69 82
69 83
69 86
69 87
69 89
69 93
69 94
69 97
69 104
69 105
69 106
69 110
69 111
69 113
69 114
69 115
69 116
69 118
69 122
69 123
69 126
69 128
69 130
69 131
69 133
69 134
69 136
69 137
69 139
69 142
69 144
69 147
69 148
69 149
70 71
70 72
70 73
70 74
70 79
70 82
70 83
70 84
70 86
70 90
70 92
70 93
70 94
70 95
70 96
70 99
70 100
70 102
70 109
70 111
70 112
70 114
70 116
70 119
70 120
70 126
70 128
70 132
70 135
70 137
70 140
70 142
70 143
70 144
70 146
70 147
70 149
71 73
71 75
71 76
71 80
71 85
71 86
71 90
71 94
71 95
71 96
71 100
71 101
71 102
71 103
71 104
71 107
71 110
71 113
71 118
71 120
71 122
71 126
71 127
71 130
71 131
71 134
71 135
71 136
71 137
71 138
71 140
71 142
71 143
71 144
71 148
71 149
72 73
72 76
72 77
72 78
72 79
72 80
72 81
72 83
72 85
72 91
72 92
72 94
72 95
72 97
72 99
72 100
72 102
72 106
72 107
72 109
72 112
72 113
72 115
72 116
72 117
72 120
72 124
72 125
72 126
72 128
72 131
72 132
72 134
72 135
72 138
72 140
72 141
72 142
72 143
72 145
72 146
72 148
72 149
73 74
73 77
73 80
73 82
73 83
73 84
73 85
73 86
73 88
73 89
73 91
73 92
73 93
73 94
73 96
73 98
73 99
73 100
73 101
73 102
73 103
73 107
73 109
73 110
73 112
73 113
73 114
73 115
73 116
73 119
73 123
73 127
73 129
73 130
73 131
73 132
73 133
73 136
73 137
73 138
73 139
73 140
73 143
73 144
73 146
73 148
74 75
74 76
74 79
74 80
74 81
74 85
74 86
74 89
74 90
74 92
74 93
74 94
74 96
74 98
74 99
74 101
74 104
74 107
74 109
74 110
74 112
74 114
74 119
74 121
74 124
74 125
74 127
74 132
74 133
74 134
74 136
74 139
74 140
74 143
75 77
75 78
75 82
75 86
75 87
75 88
75 95
75 96
75 102
75 109
75 110
75 111
75 112
75 114
75 115
75 117
75 118
75 119
75 120
75 121
75 122
75 125
75 126
75 127
75 128
75 129
75 132
75 133
75 134
75 137
75 138
75 140
75 141
75 142
75 144
75 145
75 146
75 147
76 77
76 78
76 80
76 82
76 83
76 87
76 88
76 89
76 94
76 97
76 99
76 101
76 102
76 103
76 104
76 105
76 106
76 107
76 108
76 109
76 114
76 116
76 117
76 118
76 119
76 120
76 121
76 122
76 123
76 124
76 126
76 127
76 128
76 132
76 134
76 138
76 139
76 141
76 143
76 144
76 147
77 78
77 81
77 83
77 84
77 85
77 87
77 88
77 89
77 91
77 92
77 94
77 95
77 96
77 98
77 99
77 100
77 101
77 102
77 103
77 106
77 108
77 111
77 112
77 113
77 117
77 119
77 121
77 122
77 125
77 126
77 127
77 128
77 129
77 130
77 133
77 135
77 136
77 137
77 141
77 142
77 143
77 144
77 145
77 146
77 148
78 79
78 81
78 85
78 87
78 89
78 90
78 92
78 96
78 98
78 99
78 100
78 101
78 102
78 105
78 107
78 108
78 109
78 111
78 116
78 117
78 118
78 120
78 128
78 129
78 130
78 132
78 134
78 135
78 138
78 140
78 141
78 144
78 146
78 148
79 81
79 82
79 84
79 85
79 86
79 87
79 88
79 89
79 91
79 92
79 94
79 95
79 97
79 98
79 103
79 105
79 107
79 108
79 111
79 113
79 117
79 118
79 122
79 123
79 125
79 126
79 127
79 128
79 129
79 133
79 136
79 137
79 138
79 140
79 141
79 144
79 145
79 146
79 147
79 148
80 83
80 84
80 85
80 86
80 87
80 89
80 97
80 99
80 101
80 102
80 103
80 104
80 105
80 109
80 110
80 111
80 113
80 114
80 118
80 121
80 122
80 126
80 127
80 128
80 129
80 134
80 135
80 136
80 139
80 141
80 144
80 146
80 149
81 82
81 83
81 85
81 88
81 90
81 91
81 93
81 95
81 96
81 97
81 98
81 103
81 104
81 105
81 106
81 107
81 112
81 114
81 116
81 120
81 121
81 122
81 124
81 127
81 131
81 132
81 135
81 136
81 138
81 140
81 144
81 145
81 146
82 83
82 84
82 85
82 86
82 89
82 92
82 93
82 94
82 95
82 97
82 98
82 101
82 104
82 105
82 108
82 109
82 110
82 111
82 113
82 114
82 117
82 120
82 123
82 127
82 129
82 130
82 131
82 132
82 134
82 135
82 136
82 137
82 138
82 139
82 140
82 143
82 144
82 145
83 87
83 90
83 92
83 93
83 95
83 96
83 97
83 98
83 101
83 102
83 103
83 104
83 106
83 107
83 108
83 109
83 112
83 114
83 115
83 117
83 118
83 119
83 121
83 122
83 126
83 136
83 137
83 142
83 143
83 144
83 145
83 146
83 147
83 148
84 85
84 86
84 88
84 91
84 93
84 95
84 98
84 99
84 100
84 101
84 104
84 106
84 107
84 108
84 110
84 112
84 113
84 114
84 118
84 119
84 120
84 121
84 123
84 125
84 126
84 132
84 133
84 135
84 138
84 140
84 141
84 142
84 143
84 144
84 145
84 146
85 86
85 87
85 90
85 91
85 92
85 94
85 97
85 98
85 100
85 105
85 106
85 108
85 109
85 115
85 116
85 117
85 120
85 122
85 128
85 131
85 132
85 134
85 135
85 136
85 137
85 138
85 140
85 141
85 143
85 144
85 145
85 146
85 148
86 90
86 91
86 93
86 97
86 100
86 104
86 107
86 109
86 111
86 113
86 118
86 120
86 122
86 124
86 126
86 127
86 128
86 129
86 131
86 133
86 134
86 136
86 140
86 141
86 142
86 143
86 144
86 146
86 149
87 90
87 92
87 95
87 99
87 100
87 105
87 107
87 108
87 110
87 112
87 113
87 116
87 118
87 120
87 122
87 126
87 127
87 128
87 129
87 130
87 132
87 133
87 134
87 135
87 136
87 137
87 139
87 140
87 142
87 143
87 147
87 148
87 149
88 94
88 95
88 96
88 99
88 100
88 101
88 103
88 104
88 106
88 109
88 114
88 115
88 120
88 121
88 123
88 125
88 126
88 128
88 129
88 130
88 131
88 132
88 133
88 135
88 136
88 137
88 140
88 141
88 143
88 146
88 148
89 93
89 95
89 100
89 101
89 103
89 104
89 105
89 107
89 111
89 112
89 113
89 115
89 118
89 119
89 121
89 122
89 127
89 128
89 130
89 133
89 134
89 135
89 138
89 139
89 140
89 141
89 145
89 147
89 148
89 149
90 91
90 92
90 93
90 94
90 96
90 99
90 101
90 102
90 104
90 105
90 107
90 108
90 109
90 112
90 113
90 114
90 119
90 120
90 121
90 122
90 123
90 124
90 128
90 131
90 132
90 134
90 135
90 136
90 138
90 139
90 141
90 145
90 146
90 148
90 149
91 92
91 94
91 96
91 97
91 102
91 103
91 104
91 105
91 106
91 107
91 108
91 109
91 110
91 111
91 112
91 113
91 115
91 117
91 118
91 123
91 125
91 127
91 130
91 133
91 134
91 135
91 136
91 137
91 139
91 140
91 141
91 142
91 144
91 146
91 149
92 95
92 105
92 107
92 111
92 112
92 114
92 116
92 118
92 125
92 126
92 128
92 129
92 130
92 132
92 136
92 137
92 139
92 140
92 141
92 143
92 144
92 147
92 148
93 94
93 99
93 104
93 107
93 109
93 112
93 115
93 117
93 118
93 121
93 122
93 123
93 126
93 129
93 131
93 132
93 134
93 135
93 137
93 138
93 139
93 143
93 145
93 148
93 149
94 96
94 97
94 101
94 102
94 103
94 104
94 106
94 107
94 111
94 114
94 115
94 118
94 121
94 122
94 125
94 126
94 128
94 134
94 135
94 138
94 139
94 141
94 143
94 144
94 146
94 147
94 149
95 97
95 98
95 100
95 101
95 104
95 105
95 106
95 107
95 109
95 111
95 115
95 116
95 118
95 121
95 123
95 124
95 126
95 127
95 128
95 132
95 133
95 134
95 135
95 137
95 141
95 143
95 145
95 146
95 148
96 97
96 99
96 100
96 101
96 104
96 107
96 111
96 112
96 114
96 115
96 116
96 117
96 118
96 120
96 121
96 122
96 123
96 125
96 126
96 130
96 131
96 135
96 138
96 140
96 141
96 145
96 147
96 148
96 149
97 99
97 101
97 104
97 105
97 106
97 108
97 110
97 112
97 116
97 117
97 118
97 119
97 121
97 122
97 125
97 126
97 132
97 133
97 134
97 136
97 138
97 140
97 141
97 142
97 143
97 145
97 146
97 147
97 149
98 99
98 100
98 101
98 104
98 105
98 106
98 107
98 108
98 110
98 111
98 112
98 121
98 124
98 125
98 127
98 128
98 133
98 136
98 137
98 139
98 141
98 146
98 148
98 149
99 101
99 105
99 107
99 115
99 118
99 119
99 120
99 124
99 126
99 128
99 131
99 136
99 140
99 141
99 142
99 143
99 144
99 146
99 147
99 148
99 149
100 102
100 105
100 106
100 107
100 113
100 116
100 119
100 121
100 122
100 123
100 124
100 125
100 126
100 128
100 129
100 132
100 133
100 134
100 135
100 136
100 137
100 143
100 144
100 145
100 149
101 103
101 108
101 109
101 110
101 114
101 116
101 117
101 123
101 124
101 128
101 131
101 133
101 134
101 135
101 136
101 137
101 138
101 141
101 142
101 143
101 144
101 147
101 148
102 103
102 106
102 108
102 109
102 110
102 111
102 116
102 117
102 118
102 122
102 124
102 126
102 128
102 129
102 130
102 133
102 135
102 136
102 137
102 138
102 139
102 140
102 141
102 143
102 144
102 145
102 148
103 105
103 108
103 109
103 111
103 115
103 117
103 119
103 121
103 123
103 124
103 127
103 129
103 130
103 131
103 133
103 135
103 136
103 138
103 139
103 140
103 145
103 149
104 106
104 107
104 109
104 111
104 113
104 115
104 116
104 117
104 118
104 120
104 121
104 122
104 126
104 131
104 132
104 133
104 135
104 137
104 138
104 141
104 142
104 146
104 147
104 148
104 149
105 107
105 111
105 112
105 113
105 114
105 119
105 121
105 122
105 123
105 125
105 130
105 132
105 133
105 138
105 139
105 142
105 144
105 145
105 146
105 148
105 149
106 107
106 111
106 112
106 113
106 114
106 115
106 116
106 117
106 119
106 120
106 121
106 125
106 127
106 128
106 130
106 133
106 139
106 144
106 145
106 146
106 148
107 110
107 111
107 112
107 113
107 117
107 122
107 123
107 125
107 128
107 130
107 131
107 132
107 135
107 136
107 137
107 138
107 140
107 143
107 145
107 146
107 147
107 148
108 109
108 112
108 113
108 117
108 118
108 120
108 123
108 125
108 126
108 128
108 130
108 131
108 133
108 137
108 144
108 149
109 110
109 111
109 113
109 114
109 115
109 118
109 119
109 123
109 126
109 128
109 129
109 130
109 133
109 136
109 138
109 139
109 141
109 142
109 145
109 147
109 148
110 112
110 114
110 115
110 117
110 118
110 121
110 125
110 126
110 128
110 129
110 130
110 131
110 133
110 134
110 138
110 140
110 141
110 142
110 144
110 148
110 149
111 112
111 113
111 114
111 115
111 116
111 118
111 120
111 121
111 122
111 123
111 124
111 126
111 127
111 131
111 132
111 133
111 134
111 135
111 137
111 139
111 143
111 144
111 146
111 147
111 148
111 149
112 113
112 114
112 117
112 119
112 121
112 124
112 125
112 126
112 129
112 135
112 137
112 140
112 142
112 145
112 147
112 149
113 115
113 117
113 119
113 120
113 123
113 124
113 126
113 128
113 129
113 132
113 133
113 134
113 138
113 140
113 141
113 143
113 145
113 146
113 147
113 148
114 115
114 117
114 118
114 122
114 125
114 126
114 129
114 131
114 139
114 140
114 141
114 142
114 143
114 144
114 145
114 146
114 147
115 117
115 123
115 124
115 127
115 128
115 129
115 131
115 133
115 134
115 135
115 136
115 137
115 145
115 147
115 148
115 149
116 117
116 118
116 120
116 122
116 123
116 124
116 127
116 128
116 130
116 133
116 134
116 136
116 137
116 143
116 144
116 145
116 147
116 148
116 149
117 119
117 121
117 123
117 124
117 126
117 128
117 129
117 130
117 131
117 132
117 133
117 134
117 135
117 136
117 137
117 138
117 139
117 141
117 143
118 119
118 120
118 121
118 122
118 125
118 128
118 129
118 130
118 132
118 133
118 134
118 135
118 139
118 140
118 141
118 143
118 145
118 146
118 147
118 149
119 120
119 121
119 124
119 125
119 126
119 128
119 129
119 131
119 132
119 134
119 135
119 137
119 138
119 139
119 141
119 142
119 144
119 145
119 146
119 148
120 121
120 123
120 124
120 125
120 126
120 128
120 130
120 135
120 136
120 138
120 139
120 140
120 142
120 145
120 146
120 147
120 148
121 123
121 125
121 129
121 133
121 134
121 136
121 137
121 138
121 139
121 140
121 142
121 144
121 145
121 149
122 123
122 124
122 128
122 129
122 131
122 132
122 133
122 135
122 136
122 137
122 138
122 145
123 124
123 125
123 126
123 127
123 128
123 129
123 130
123 132
123 134
123 136
123 137
123 138
123 141
123 149
124 126
124 127
124 128
124 129
124 130
124 131
124 133
124 135
124 139
124 140
124 142
124 143
124 145
124 149
125 128
125 129
125 133
125 135
125 140
125 142
125 143
125 146
125 148
125 149
126 127
126 130
126 131
126 132
126 135
126 136
126 137
126 139
126 140
126 141
126 143
126 146
126 148
127 130
127 132
127 134
127 136
127 137
127 139
127 140
127 143
128 129
128 131
128 132
128 135
128 136
128 142
128 144
128 147
128 148
129 131
129 132
129 134
129 142
129 146
129 148
130 132
130 133
130 134
130 135
130 136
130 137
130 141
130 144
130 145
130 146
130 147
130 148
130 149
131 134
131 135
131 137
131 140
131 141
131 142
131 145
131 149
132 133
132 134
132 135
132 136
132 138
132 139
132 141
132 142
132 143
132 144
132 145
132 146
133 135
133 136
133 138
133 139
133 141
133 142
133 145
133 146
134 136
134 138
134 140
134 142
134 143
134 144
134 145
134 147
135 139
135 140
135 143
135 145
135 147
135 149
136 139
136 140
136 141
136 144
136 145
136 146
136 148
137 140
137 141
137 146
137 147
137 148
137 149
138 139
138 140
138 144
138 147
138 149
139 141
139 142
139 143
139 146
139 149
140 145
140 149
141 145
141 146
141 148
142 143
142 149
143 145
143 146
143 147
143 148
145 146
145 148
145 149
146 147
146 148
146 149
147 148
148 149
