300 9066
0 1
0 2
0 4
0 6
0 10
0 14
0 16
0 18
0 22
0 23
0 25
0 48
0 50
0 54
0 57
0 61
0 62
0 64
0 76
0 80
0 81
0 82
0 88
0 89
0 91
0 93
0 95
0 112
0 114
0 117
0 122
0 128
0 129
0 138
0 142
0 154
0 155
0 156
0 159
0 161
0 179
0 186
0 187
0 197
0 199
0 203
0 207
0 212
0 214
0 228
0 229
0 233
0 235
0 250
0 252
0 257
0 258
0 267
0 271
0 273
0 277
0 283
0 286
0 288
0 290
0 293
0 299
1 2
1 6
1 8
1 17
1 18
1 21
1 25
1 30
1 35
1 38
1 39
1 42
1 44
1 45
1 46
1 50
1 51
1 53
1 62
1 63
1 68
1 69
1 72
1 89
1 93
1 97
1 100
1 102
1 109
1 110
1 117
1 122
1 123
1 125
1 130
1 140
1 141
1 142
1 150
1 151
1 155
1 157
1 159
1 162
1 163
1 169
1 174
1 175
1 183
1 187
1 189
1 197
1 198
1 201
1 203
1 205
1 212
1 216
1 217
1 218
1 220
1 227
1 235
1 254
1 260
1 261
1 263
1 288
1 290
1 292
1 295
1 299
2 5
2 6
2 20
2 21
2 33
2 34
2 42
2 46
2 48
2 51
2 55
2 56
2 64
2 68
2 76
2 77
2 84
2 86
2 89
2 93
2 106
2 114
2 117
2 124
2 131
2 136
2 138
2 141
2 142
2 144
2 148
2 154
2 159
2 160
2 163
2 164
2 167
2 170
2 172
2 176
2 178
2 188
2 196
2 200
2 202
2 203
2 213
2 220
2 222
2 225
2 232
2 247
2 248
2 253
2 254
2 258
2 271
2 276
2 285
2 286
2 287
2 292
2 294
3 7
3 12
3 19
3 23
3 30
3 31
3 32
3 34
3 43
3 46
3 55
3 56
3 60
3 62
3 72
3 73
3 89
3 91
3 92
3 103
3 105
3 110
3 135
3 141
3 142
3 144
3 145
3 147
3 149
3 151
3 153
3 154
3 157
3 158
3 170
3 174
3 176
3 180
3 188
3 189
3 202
3 204
3 205
3 211
3 216
3 224
3 234
3 236
3 249
3 253
3 267
3 269
3 271
3 278
3 289
3 299
4 9
4 10
4 11
4 17
4 19
4 22
4 26
4 34
4 40
4 42
4 44
4 45
4 51
4 52
4 59
4 62
4 72
4 77
4 83
4 84
4 109
4 116
4 120
4 121
4 125
4 143
4 145
4 147
4 154
4 161
4 162
4 163
4 168
4 174
4 185
4 188
4 191
4 201
4 204
4 234
4 235
4 237
4 240
4 250
4 255
4 257
4 262
4 267
4 268
4 274
4 277
4 279
4 280
4 285
4 288
4 291
4 294
4 296
5 7
5 21
5 27
5 29
5 42
5 45
5 54
5 56
5 60
5 61
5 65
5 68
5 77
5 79
5 84
5 85
5 88
5 90
5 93
5 97
5 99
5 108
5 110
5 113
5 115
5 116
5 134
5 136
5 138
5 139
5 142
5 146
5 149
5 167
5 168
5 174
5 184
5 186
5 187
5 189
5 194
5 212
5 215
5 227
5 237
5 239
5 240
5 243
5 246
5 247
5 250
5 252
5 253
5 256
5 261
5 268
5 275
5 278
5 279
5 286
5 287
5 290
6 23
6 25
6 26
6 31
6 33
6 43
6 44
6 46
6 48
6 49
6 51
6 55
6 62
6 63
6 64
6 67
6 69
6 79
6 91
6 92
6 94
6 96
6 110
6 114
6 121
6 126
6 129
6 140
6 142
6 154
6 162
6 165
6 174
6 182
6 185
6 186
6 187
6 188
6 201
6 207
6 219
6 227
6 235
6 243
6 245
6 249
6 254
6 255
6 256
6 259
6 262
6 271
6 280
6 285
6 289
6 296
7 9
7 15
7 17
7 21
7 29
7 35
7 39
7 43
7 45
7 58
7 59
7 61
7 62
7 68
7 72
7 73
7 77
7 80
7 81
7 84
7 91
7 98
7 101
7 108
7 109
7 113
7 116
7 119
7 121
7 130
7 131
7 132
7 134
7 137
7 142
7 146
7 150
7 161
7 162
7 165
7 176
7 180
7 185
7 198
7 202
7 204
7 205
7 206
7 210
7 218
7 219
7 224
7 227
7 231
7 234
7 238
7 241
7 246
7 249
7 250
7 260
7 267
7 270
7 277
7 280
7 281
7 283
7 284
7 285
7 286
7 287
7 290
7 295
7 297
7 298
8 18
8 19
8 22
8 26
8 28
8 29
8 32
8 33
8 34
8 50
8 59
8 60
8 66
8 69
8 78
8 82
8 87
8 98
8 99
8 108
8 111
8 128
8 131
8 135
8 137
8 139
8 145
8 146
8 155
8 161
8 171
8 176
8 184
8 187
8 188
8 196
8 198
8 200
8 205
8 206
8 207
8 213
8 215
8 228
8 242
8 248
8 249
8 252
8 253
8 255
8 268
8 272
8 277
8 287
8 291
8 298
8 299
9 27
9 28
9 30
9 37
9 38
9 45
9 53
9 54
9 58
9 69
9 71
9 73
9 76
9 80
9 84
9 89
9 92
9 94
9 98
9 106
9 107
9 113
9 117
9 118
9 128
9 130
9 133
9 137
9 139
9 143
9 145
9 147
9 149
9 150
9 158
9 165
9 171
9 186
9 204
9 206
9 211
9 214
9 224
9 239
9 243
9 246
9 258
9 259
9 261
9 262
9 263
9 267
9 272
9 276
9 277
9 282
9 296
9 297
9 298
9 299
10 14
10 15
10 18
10 20
10 23
10 24
10 36
10 40
10 53
10 55
10 57
10 58
10 68
10 71
10 76
10 77
10 79
10 81
10 95
10 101
10 102
10 111
10 130
10 139
10 158
10 160
10 162
10 165
10 168
10 170
10 172
10 174
10 179
10 184
10 200
10 205
10 210
10 215
10 219
10 222
10 234
10 239
10 247
10 253
10 263
10 267
10 273
10 287
10 288
10 289
10 296
11 14
11 20
11 23
11 34
11 41
11 52
11 53
11 59
11 60
11 64
11 78
11 81
11 82
11 87
11 92
11 95
11 97
11 98
11 106
11 107
11 114
11 119
11 120
11 124
11 127
11 130
11 131
11 137
11 138
11 143
11 150
11 158
11 161
11 167
11 168
11 170
11 172
11 174
11 177
11 182
11 188
11 189
11 195
11 198
11 208
11 214
11 216
11 217
11 223
11 226
11 238
11 241
11 242
11 254
11 257
11 272
11 273
11 292
11 293
12 15
12 17
12 22
12 27
12 34
12 56
12 59
12 61
12 65
12 71
12 75
12 87
12 94
12 95
12 96
12 99
12 106
12 107
12 111
12 115
12 120
12 121
12 125
12 136
12 147
12 151
12 159
12 160
12 163
12 166
12 194
12 203
12 206
12 219
12 231
12 238
12 244
12 249
12 256
12 258
12 259
12 260
12 267
12 269
12 274
12 278
12 284
12 285
12 295
13 16
13 18
13 26
13 28
13 31
13 32
13 40
13 41
13 49
13 66
13 69
13 75
13 77
13 82
13 83
13 88
13 102
13 106
13 108
13 111
13 117
13 120
13 122
13 124
13 125
13 130
13 136
13 151
13 161
13 164
13 168
13 173
13 175
13 177
13 180
13 194
13 195
13 202
13 204
13 214
13 217
13 220
13 236
13 238
13 243
13 260
13 262
13 269
13 274
13 278
13 286
13 287
13 290
14 16
14 18
14 26
14 29
14 30
14 36
14 39
14 40
14 43
14 46
14 50
14 56
14 60
14 71
14 77
14 86
14 100
14 112
14 114
14 115
14 119
14 125
14 132
14 133
14 142
14 147
14 148
14 150
14 159
14 164
14 168
14 170
14 172
14 175
14 183
14 186
14 188
14 189
14 192
14 197
14 198
14 210
14 211
14 213
14 221
14 222
14 224
14 232
14 237
14 250
14 255
14 256
14 259
14 262
14 268
14 274
14 275
14 276
14 284
14 285
14 290
15 25
15 26
15 31
15 32
15 33
15 38
15 43
15 49
15 60
15 62
15 66
15 84
15 86
15 92
15 104
15 111
15 114
15 128
15 129
15 148
15 157
15 163
15 168
15 174
15 175
15 180
15 187
15 189
15 198
15 199
15 200
15 207
15 208
15 210
15 211
15 216
15 228
15 229
15 233
15 241
15 250
15 253
15 258
15 268
15 274
15 277
15 279
15 281
15 288
15 289
15 293
16 24
16 29
16 42
16 44
16 49
16 56
16 61
16 65
16 67
16 73
16 75
16 81
16 83
16 97
16 112
16 113
16 114
16 115
16 129
16 131
16 138
16 144
16 151
16 152
16 161
16 165
16 171
16 177
16 181
16 183
16 191
16 192
16 203
16 204
16 208
16 210
16 222
16 229
16 245
16 256
16 260
16 261
16 264
16 269
16 277
16 283
16 291
17 21
17 29
17 33
17 37
17 42
17 47
17 49
17 55
17 58
17 65
17 66
17 76
17 78
17 79
17 91
17 95
17 96
17 104
17 107
17 114
17 120
17 123
17 126
17 130
17 132
17 136
17 143
17 144
17 146
17 147
17 148
17 155
17 156
17 160
17 170
17 175
17 176
17 180
17 192
17 195
17 200
17 203
17 210
17 215
17 216
17 225
17 231
17 248
17 250
17 258
17 268
17 269
17 272
17 274
17 287
17 288
17 289
17 292
17 297
18 19
18 26
18 32
18 40
18 46
18 49
18 54
18 62
18 63
18 68
18 77
18 94
18 96
18 106
18 116
18 117
18 118
18 119
18 124
18 127
18 128
18 139
18 142
18 145
18 146
18 148
18 151
18 163
18 167
18 168
18 172
18 178
18 180
18 184
18 189
18 193
18 201
18 202
18 211
18 224
18 226
18 229
18 232
18 233
18 234
18 239
18 245
18 252
18 253
18 265
18 273
18 275
18 278
18 282
18 288
18 297
19 21
19 23
19 29
19 32
19 36
19 37
19 39
19 42
19 43
19 47
19 48
19 50
19 63
19 73
19 79
19 82
19 87
19 103
19 104
19 108
19 123
19 140
19 147
19 150
19 151
19 157
19 162
19 163
19 166
19 172
19 173
19 180
19 186
19 191
19 210
19 219
19 221
19 239
19 246
19 247
19 249
19 257
19 260
19 262
19 264
19 265
19 268
19 276
19 290
19 294
19 296
19 299
20 23
20 25
20 34
20 46
20 51
20 54
20 63
20 65
20 70
20 72
20 87
20 115
20 126
20 128
20 136
20 147
20 154
20 162
20 168
20 171
20 172
20 178
20 181
20 189
20 190
20 209
20 210
20 217
20 232
20 238
20 240
20 241
20 245
20 264
20 266
20 273
20 276
20 283
20 286
20 291
21 23
21 26
21 27
21 29
21 33
21 44
21 45
21 47
21 49
21 52
21 63
21 65
21 74
21 75
21 85
21 89
21 93
21 95
21 99
21 100
21 104
21 105
21 106
21 111
21 114
21 118
21 133
21 136
21 138
21 141
21 143
21 144
21 151
21 157
21 161
21 167
21 173
21 177
21 179
21 180
21 187
21 189
21 190
21 193
21 204
21 207
21 216
21 217
21 222
21 226
21 230
21 232
21 243
21 255
21 272
21 278
21 279
21 281
21 285
21 286
21 291
21 294
22 35
22 41
22 44
22 47
22 56
22 57
22 60
22 71
22 72
22 83
22 86
22 89
22 92
22 95
22 97
22 104
22 105
22 108
22 111
22 114
22 128
22 136
22 142
22 159
22 175
22 177
22 186
22 192
22 204
22 215
22 222
22 229
22 232
22 233
22 234
22 241
22 247
22 251
22 252
22 253
22 255
22 256
22 258
22 263
22 283
22 285
22 286
22 296
23 24
23 26
23 37
23 48
23 50
23 51
23 58
23 59
23 71
23 76
23 78
23 92
23 95
23 99
23 106
23 113
23 119
23 121
23 131
23 138
23 141
23 153
23 156
23 165
23 166
23 176
23 179
23 182
23 187
23 193
23 194
23 196
23 206
23 210
23 217
23 219
23 223
23 226
23 229
23 239
23 244
23 247
23 250
23 252
23 253
23 263
23 268
23 270
23 274
23 278
23 280
23 281
23 286
23 290
23 295
23 296
24 25
24 37
24 40
24 41
24 42
24 48
24 49
24 50
24 51
24 56
24 57
24 58
24 59
24 63
24 79
24 86
24 88
24 92
24 95
24 96
24 103
24 112
24 114
24 119
24 123
24 136
24 145
24 148
24 149
24 151
24 161
24 174
24 175
24 177
24 178
24 190
24 191
24 208
24 213
24 226
24 227
24 239
24 251
24 255
24 260
24 268
24 273
24 275
24 276
24 284
24 286
24 291
25 41
25 44
25 45
25 49
25 50
25 52
25 53
25 56
25 60
25 61
25 63
25 64
25 66
25 67
25 68
25 75
25 80
25 85
25 89
25 97
25 99
25 102
25 112
25 116
25 124
25 125
25 130
25 131
25 132
25 137
25 139
25 152
25 161
25 167
25 168
25 171
25 172
25 184
25 185
25 191
25 203
25 209
25 211
25 213
25 215
25 219
25 223
25 225
25 230
25 242
25 247
25 249
25 250
25 264
25 266
25 268
25 279
25 283
25 287
25 290
25 291
25 294
26 31
26 36
26 46
26 50
26 52
26 57
26 63
26 69
26 72
26 76
26 80
26 87
26 94
26 97
26 98
26 103
26 106
26 110
26 115
26 122
26 124
26 131
26 133
26 149
26 151
26 154
26 164
26 168
26 170
26 171
26 172
26 173
26 175
26 179
26 185
26 190
26 197
26 198
26 201
26 206
26 208
26 209
26 215
26 220
26 223
26 229
26 236
26 241
26 243
26 245
26 246
26 248
26 252
26 256
26 262
26 266
26 268
26 275
26 280
26 281
26 292
27 45
27 50
27 70
27 71
27 72
27 78
27 79
27 92
27 101
27 113
27 117
27 132
27 139
27 141
27 148
27 152
27 153
27 163
27 166
27 168
27 169
27 172
27 173
27 178
27 188
27 195
27 196
27 197
27 199
27 207
27 218
27 220
27 236
27 237
27 238
27 240
27 245
27 253
27 257
27 260
27 276
27 282
27 287
27 293
28 34
28 36
28 42
28 44
28 47
28 58
28 61
28 69
28 71
28 73
28 78
28 79
28 88
28 91
28 93
28 98
28 99
28 107
28 111
28 114
28 119
28 122
28 123
28 130
28 133
28 143
28 151
28 153
28 157
28 164
28 167
28 184
28 192
28 193
28 194
28 195
28 201
28 207
28 211
28 212
28 215
28 219
28 226
28 229
28 234
28 236
28 246
28 247
28 249
28 266
28 272
28 276
28 277
28 280
28 292
28 293
28 294
28 295
28 296
28 298
28 299
29 34
29 39
29 41
29 43
29 47
29 49
29 50
29 55
29 59
29 73
29 77
29 79
29 86
29 90
29 91
29 94
29 96
29 100
29 101
29 104
29 107
29 109
29 111
29 114
29 119
29 129
29 139
29 140
29 147
29 154
29 158
29 175
29 176
29 177
29 185
29 191
29 198
29 204
29 206
29 210
29 214
29 215
29 216
29 217
29 221
29 231
29 233
29 234
29 239
29 249
29 250
29 251
29 259
29 263
29 265
29 266
29 281
29 283
29 290
29 294
29 296
30 48
30 49
30 50
30 52
30 53
30 57
30 59
30 64
30 66
30 73
30 77
30 78
30 84
30 87
30 92
30 93
30 94
30 100
30 102
30 106
30 108
30 115
30 117
30 125
30 128
30 134
30 135
30 138
30 141
30 143
30 145
30 147
30 152
30 165
30 168
30 171
30 174
30 176
30 177
30 180
30 188
30 192
30 197
30 204
30 209
30 223
30 233
30 242
30 254
30 261
30 264
30 272
30 277
30 278
30 279
30 280
30 284
30 286
30 289
30 297
31 33
31 35
31 43
31 46
31 58
31 63
31 65
31 66
31 71
31 81
31 91
31 106
31 110
31 113
31 120
31 121
31 126
31 128
31 131
31 135
31 143
31 146
31 147
31 151
31 156
31 162
31 171
31 172
31 174
31 185
31 187
31 200
31 203
31 204
31 205
31 209
31 211
31 215
31 225
31 227
31 245
31 250
31 251
31 252
31 261
31 264
31 266
31 268
31 277
31 279
31 281
31 286
31 291
31 292
31 296
31 299
32 38
32 41
32 47
32 49
32 52
32 56
32 57
32 68
32 70
32 75
32 85
32 98
32 101
32 102
32 108
32 110
32 116
32 124
32 126
32 133
32 140
32 144
32 146
32 153
32 155
32 167
32 175
32 176
32 194
32 202
32 205
32 215
32 224
32 230
32 232
32 237
32 238
32 250
32 256
32 257
32 265
32 276
32 289
32 296
32 299
33 43
33 50
33 53
33 55
33 57
33 61
33 62
33 63
33 72
33 77
33 83
33 90
33 95
33 97
33 101
33 102
33 103
33 108
33 111
33 113
33 116
33 129
33 130
33 132
33 133
33 137
33 140
33 141
33 144
33 145
33 159
33 161
33 163
33 169
33 170
33 171
33 173
33 177
33 178
33 179
33 182
33 194
33 200
33 201
33 203
33 204
33 209
33 216
33 229
33 238
33 240
33 242
33 249
33 253
33 254
33 256
33 260
33 264
33 268
33 295
34 36
34 37
34 38
34 41
34 46
34 47
34 53
34 54
34 73
34 74
34 95
34 98
34 104
34 121
34 124
34 125
34 128
34 131
34 133
34 135
34 142
34 150
34 151
34 152
34 157
34 158
34 159
34 161
34 169
34 189
34 195
34 197
34 207
34 217
34 218
34 224
34 246
34 248
34 250
34 255
34 263
34 267
34 272
34 278
34 279
34 281
34 285
34 287
34 291
35 37
35 44
35 53
35 81
35 90
35 97
35 107
35 108
35 110
35 114
35 120
35 121
35 128
35 131
35 140
35 143
35 144
35 152
35 158
35 159
35 164
35 173
35 180
35 186
35 191
35 197
35 200
35 210
35 213
35 216
35 220
35 221
35 232
35 236
35 239
35 240
35 245
35 246
35 249
35 251
35 254
35 258
35 264
35 275
35 277
35 279
35 283
35 285
35 286
35 289
35 292
35 294
35 296
36 38
36 47
36 55
36 56
36 58
36 69
36 70
36 85
36 86
36 87
36 96
36 103
36 104
36 114
36 115
36 124
36 127
36 128
36 136
36 137
36 138
36 141
36 142
36 145
36 150
36 155
36 158
36 164
36 170
36 171
36 178
36 180
36 184
36 195
36 198
36 199
36 204
36 212
36 213
36 217
36 220
36 221
36 225
36 226
36 234
36 236
36 238
36 241
36 252
36 257
36 278
36 293
36 295
36 296
37 39
37 42
37 56
37 58
37 59
37 66
37 76
37 78
37 79
37 81
37 83
37 85
37 90
37 97
37 112
37 114
37 124
37 126
37 135
37 137
37 140
37 147
37 155
37 156
37 159
37 160
37 164
37 168
37 170
37 174
37 177
37 179
37 184
37 186
37 193
37 196
37 202
37 210
37 211
37 217
37 228
37 229
37 232
37 240
37 241
37 242
37 250
37 255
37 266
37 268
37 283
37 285
37 286
37 287
37 293
38 39
38 41
38 43
38 44
38 50
38 52
38 68
38 69
38 72
38 75
38 79
38 85
38 89
38 90
38 91
38 94
38 95
38 104
38 105
38 108
38 109
38 111
38 112
38 115
38 124
38 125
38 127
38 129
38 139
38 141
38 144
38 146
38 147
38 152
38 163
38 167
38 169
38 171
38 176
38 177
38 182
38 183
38 185
38 189
38 191
38 192
38 199
38 204
38 205
38 209
38 212
38 233
38 235
38 236
38 238
38 244
38 248
38 254
38 257
38 258
38 262
38 264
38 271
38 282
38 284
38 287
38 288
38 298
39 44
39 48
39 50
39 53
39 57
39 66
39 67
39 70
39 71
39 79
39 83
39 86
39 108
39 109
39 110
39 111
39 119
39 120
39 122
39 123
39 129
39 143
39 144
39 148
39 153
39 155
39 160
39 163
39 164
39 176
39 180
39 182
39 185
39 194
39 197
39 199
39 208
39 225
39 226
39 237
39 242
39 249
39 258
39 262
39 265
39 275
39 287
39 289
39 294
39 296
39 299
40 42
40 44
40 50
40 54
40 56
40 59
40 61
40 68
40 79
40 81
40 85
40 89
40 91
40 94
40 107
40 121
40 123
40 125
40 130
40 138
40 143
40 150
40 151
40 158
40 161
40 172
40 174
40 184
40 187
40 191
40 196
40 197
40 198
40 202
40 206
40 207
40 210
40 217
40 228
40 230
40 232
40 233
40 235
40 242
40 245
40 247
40 255
40 260
40 265
40 286
40 288
40 290
40 292
40 295
40 296
41 47
41 52
41 55
41 60
41 62
41 64
41 66
41 68
41 69
41 77
41 78
41 80
41 82
41 87
41 95
41 96
41 115
41 120
41 121
41 123
41 133
41 137
41 140
41 145
41 154
41 159
41 160
41 166
41 169
41 171
41 194
41 200
41 202
41 206
41 214
41 215
41 224
41 225
41 226
41 229
41 230
41 232
41 235
41 236
41 238
41 241
41 248
41 254
41 255
41 256
41 257
41 262
41 265
41 268
41 274
41 278
41 281
41 283
41 290
41 298
41 299
42 43
42 49
42 53
42 55
42 56
42 59
42 62
42 64
42 65
42 67
42 68
42 72
42 88
42 95
42 97
42 106
42 108
42 112
42 126
42 139
42 143
42 148
42 153
42 156
42 157
42 169
42 178
42 192
42 209
42 229
42 234
42 245
42 251
42 262
42 264
42 268
42 269
42 272
42 274
42 285
42 286
43 46
43 54
43 57
43 62
43 63
43 65
43 67
43 68
43 75
43 76
43 77
43 81
43 82
43 83
43 105
43 117
43 118
43 119
43 130
43 131
43 138
43 140
43 142
43 149
43 150
43 151
43 154
43 157
43 158
43 163
43 165
43 167
43 169
43 174
43 176
43 178
43 186
43 188
43 192
43 203
43 215
43 219
43 224
43 232
43 235
43 237
43 242
43 246
43 248
43 249
43 252
43 258
43 265
43 269
43 270
43 276
43 279
43 281
43 283
43 285
43 287
43 288
43 289
43 296
44 47
44 52
44 53
44 62
44 63
44 72
44 74
44 75
44 79
44 82
44 85
44 92
44 93
44 94
44 111
44 112
44 120
44 132
44 142
44 145
44 154
44 157
44 165
44 170
44 179
44 183
44 195
44 211
44 212
44 213
44 216
44 219
44 221
44 225
44 226
44 228
44 230
44 232
44 233
44 234
44 237
44 240
44 249
44 251
44 265
44 269
44 275
44 289
44 299
45 48
45 53
45 59
45 60
45 61
45 64
45 66
45 73
45 76
45 82
45 83
45 84
45 85
45 90
45 93
45 94
45 106
45 108
45 114
45 124
45 128
45 130
45 137
45 140
45 145
45 147
45 149
45 152
45 159
45 161
45 163
45 164
45 167
45 171
45 176
45 185
45 186
45 187
45 192
45 194
45 200
45 201
45 208
45 210
45 214
45 219
45 224
45 228
45 241
45 249
45 250
45 252
45 261
45 262
46 54
46 57
46 63
46 87
46 89
46 96
46 97
46 109
46 115
46 116
46 124
46 126
46 131
46 154
46 157
46 158
46 160
46 166
46 167
46 171
46 173
46 175
46 178
46 179
46 181
46 184
46 195
46 207
46 208
46 215
46 216
46 223
46 233
46 236
46 238
46 255
46 263
46 266
46 277
46 289
46 290
47 52
47 56
47 58
47 59
47 69
47 74
47 78
47 87
47 94
47 108
47 111
47 128
47 129
47 133
47 140
47 154
47 156
47 169
47 193
47 195
47 204
47 205
47 212
47 222
47 231
47 232
47 238
47 248
47 249
47 250
47 252
47 255
47 256
47 258
47 261
47 266
47 271
47 274
47 277
47 281
47 282
47 293
47 294
47 299
48 54
48 59
48 74
48 81
48 85
48 88
48 89
48 97
48 99
48 105
48 113
48 116
48 120
48 122
48 129
48 139
48 140
48 146
48 147
48 151
48 153
48 165
48 172
48 175
48 186
48 187
48 189
48 192
48 194
48 198
48 213
48 226
48 230
48 235
48 236
48 243
48 247
48 248
48 250
48 251
48 262
48 264
48 266
48 268
48 273
48 276
48 286
48 290
48 292
49 53
49 65
49 76
49 82
49 88
49 89
49 101
49 107
49 109
49 111
49 122
49 129
49 150
49 161
49 168
49 179
49 182
49 183
49 186
49 191
49 194
49 195
49 196
49 198
49 201
49 202
49 207
49 209
49 211
49 212
49 216
49 223
49 234
49 236
49 258
49 283
49 286
49 290
49 291
49 293
49 294
50 51
50 55
50 64
50 71
50 77
50 78
50 89
50 91
50 98
50 102
50 110
50 111
50 128
50 140
50 141
50 146
50 149
50 159
50 168
50 169
50 179
50 180
50 182
50 185
50 190
50 193
50 194
50 195
50 196
50 198
50 200
50 201
50 203
50 206
50 207
50 215
50 223
50 243
50 244
50 245
50 250
50 257
50 259
50 264
50 267
50 268
50 269
50 275
50 281
50 284
50 295
50 297
51 53
51 57
51 64
51 73
51 76
51 80
51 87
51 89
51 90
51 96
51 99
51 101
51 108
51 109
51 111
51 114
51 116
51 117
51 119
51 120
51 126
51 127
51 128
51 131
51 133
51 143
51 165
51 173
51 176
51 186
51 208
51 210
51 213
51 214
51 218
51 220
51 226
51 227
51 234
51 243
51 256
51 257
51 267
51 276
51 280
51 282
51 285
51 292
51 294
51 298
52 59
52 61
52 80
52 85
52 88
52 90
52 99
52 105
52 107
52 109
52 111
52 112
52 113
52 128
52 129
52 131
52 138
52 158
52 159
52 166
52 176
52 177
52 178
52 180
52 183
52 190
52 196
52 204
52 221
52 235
52 240
52 243
52 244
52 252
52 257
52 265
52 266
52 270
52 272
52 278
52 282
52 285
52 294
52 295
53 55
53 60
53 64
53 65
53 66
53 68
53 74
53 86
53 87
53 90
53 99
53 104
53 109
53 113
53 116
53 118
53 119
53 122
53 123
53 124
53 131
53 139
53 140
53 141
53 144
53 146
53 148
53 151
53 156
53 157
53 161
53 171
53 173
53 177
53 188
53 192
53 194
53 197
53 200
53 210
53 211
53 220
53 221
53 239
53 243
53 246
53 265
53 268
53 269
53 273
53 277
53 279
53 288
53 289
53 291
53 293
53 297
53 299
54 55
54 59
54 62
54 67
54 70
54 72
54 79
54 80
54 106
54 111
54 114
54 122
54 130
54 131
54 133
54 138
54 142
54 143
54 160
54 165
54 174
54 175
54 183
54 187
54 188
54 197
54 202
54 208
54 209
54 212
54 217
54 219
54 225
54 227
54 231
54 235
54 246
54 248
54 249
54 253
54 254
54 260
54 268
54 274
54 283
54 287
54 288
54 294
54 299
55 59
55 68
55 73
55 83
55 86
55 90
55 95
55 100
55 103
55 105
55 110
55 111
55 113
55 123
55 134
55 139
55 141
55 142
55 144
55 148
55 149
55 156
55 158
55 159
55 160
55 166
55 167
55 168
55 170
55 174
55 186
55 187
55 188
55 196
55 200
55 211
55 216
55 235
55 242
55 255
55 266
55 267
55 270
55 275
55 277
55 279
55 281
55 295
55 296
55 297
56 59
56 62
56 68
56 69
56 72
56 81
56 83
56 84
56 86
56 92
56 96
56 98
56 106
56 107
56 114
56 117
56 118
56 122
56 128
56 136
56 138
56 141
56 142
56 144
56 152
56 153
56 157
56 162
56 163
56 173
56 175
56 186
56 191
56 196
56 197
56 213
56 215
56 218
56 223
56 245
56 246
56 250
56 253
56 255
56 259
56 261
56 263
56 266
56 267
56 287
56 292
56 293
56 295
57 72
57 84
57 90
57 91
57 92
57 97
57 101
57 105
57 109
57 111
57 113
57 114
57 119
57 123
57 124
57 129
57 137
57 140
57 141
57 142
57 143
57 151
57 152
57 154
57 159
57 160
57 162
57 163
57 179
57 181
57 185
57 186
57 190
57 191
57 200
57 203
57 204
57 209
57 210
57 215
57 216
57 240
57 243
57 253
57 254
57 262
57 264
57 265
57 273
57 277
57 279
57 281
57 283
57 291
57 298
58 60
58 78
58 82
58 83
58 85
58 87
58 90
58 97
58 106
58 109
58 122
58 126
58 129
58 133
58 138
58 145
58 148
58 150
58 155
58 161
58 170
58 174
58 176
58 187
58 191
58 200
58 205
58 207
58 213
58 228
58 237
58 238
58 239
58 244
58 255
58 266
58 267
58 268
58 271
58 272
58 276
58 277
58 282
58 287
58 288
58 291
58 295
58 296
59 64
59 70
59 71
59 79
59 81
59 88
59 92
59 93
59 96
59 98
59 110
59 111
59 115
59 117
59 119
59 120
59 123
59 128
59 129
59 137
59 143
59 159
59 170
59 174
59 175
59 181
59 182
59 184
59 188
59 193
59 203
59 216
59 217
59 219
59 222
59 224
59 231
59 238
59 243
59 254
59 258
59 259
59 260
59 263
59 264
59 266
59 267
59 275
59 281
59 287
59 291
59 292
59 295
59 296
59 298
60 67
60 68
60 69
60 72
60 73
60 79
60 80
60 84
60 86
60 90
60 96
60 97
60 102
60 111
60 115
60 122
60 131
60 133
60 135
60 150
60 153
60 161
60 163
60 165
60 167
60 170
60 171
60 176
60 178
60 183
60 189
60 190
60 194
60 198
60 199
60 202
60 205
60 215
60 222
60 229
60 231
60 232
60 247
60 250
60 251
60 257
60 274
60 282
60 283
60 284
60 287
60 290
60 293
61 73
61 75
61 89
61 90
61 92
61 93
61 101
61 122
61 131
61 144
61 147
61 152
61 153
61 156
61 158
61 159
61 171
61 172
61 177
61 181
61 191
61 195
61 197
61 206
61 207
61 219
61 223
61 229
61 235
61 239
61 243
61 248
61 252
61 253
61 255
61 262
61 267
61 279
61 280
61 281
61 289
61 292
61 294
61 295
62 63
62 70
62 75
62 79
62 87
62 95
62 102
62 107
62 117
62 123
62 124
62 136
62 137
62 138
62 148
62 176
62 185
62 186
62 188
62 199
62 203
62 207
62 210
62 224
62 246
62 250
62 253
62 256
62 267
62 269
62 274
62 278
62 286
62 289
63 64
63 66
63 100
63 103
63 106
63 109
63 110
63 111
63 119
63 121
63 122
63 130
63 132
63 134
63 136
63 142
63 158
63 159
63 175
63 185
63 190
63 192
63 193
63 203
63 208
63 216
63 219
63 222
63 223
63 224
63 227
63 228
63 232
63 245
63 248
63 249
63 250
63 255
63 261
63 266
63 269
63 274
63 280
63 288
63 293
63 295
63 297
64 72
64 73
64 75
64 80
64 87
64 91
64 92
64 93
64 99
64 102
64 108
64 117
64 120
64 125
64 134
64 136
64 137
64 145
64 158
64 168
64 171
64 179
64 182
64 196
64 198
64 201
64 203
64 205
64 208
64 221
64 228
64 233
64 236
64 254
64 255
64 258
64 273
64 275
64 279
64 281
64 288
64 294
65 68
65 74
65 82
65 88
65 90
65 98
65 104
65 108
65 111
65 112
65 113
65 114
65 116
65 120
65 123
65 128
65 133
65 137
65 142
65 144
65 149
65 158
65 168
65 170
65 188
65 192
65 194
65 195
65 226
65 227
65 228
65 229
65 232
65 235
65 239
65 240
65 241
65 242
65 246
65 248
65 250
65 253
65 257
65 264
65 270
65 271
65 273
65 280
65 282
65 284
65 290
65 294
66 75
66 76
66 80
66 102
66 111
66 114
66 119
66 120
66 129
66 131
66 134
66 138
66 142
66 143
66 144
66 146
66 149
66 153
66 154
66 156
66 162
66 165
66 167
66 169
66 182
66 188
66 193
66 196
66 198
66 201
66 204
66 212
66 216
66 217
66 224
66 226
66 227
66 231
66 233
66 238
66 243
66 245
66 247
66 251
66 253
66 260
66 269
66 274
66 289
66 292
66 298
67 74
67 76
67 82
67 89
67 92
67 95
67 100
67 101
67 104
67 108
67 110
67 117
67 119
67 120
67 127
67 131
67 134
67 137
67 142
67 149
67 155
67 161
67 163
67 168
67 170
67 173
67 182
67 184
67 186
67 206
67 208
67 209
67 224
67 225
67 239
67 241
67 242
67 251
67 257
67 263
67 265
67 267
67 276
67 287
67 293
67 299
68 71
68 81
68 82
68 89
68 90
68 95
68 98
68 105
68 112
68 124
68 128
68 131
68 132
68 135
68 144
68 149
68 153
68 159
68 161
68 165
68 175
68 177
68 197
68 209
68 220
68 221
68 222
68 225
68 228
68 229
68 235
68 236
68 237
68 239
68 240
68 242
68 245
68 247
68 252
68 253
68 256
68 259
68 268
68 275
68 276
68 285
68 288
68 289
68 298
69 73
69 83
69 85
69 93
69 94
69 98
69 99
69 100
69 106
69 109
69 113
69 118
69 131
69 136
69 139
69 140
69 149
69 165
69 171
69 174
69 190
69 196
69 199
69 205
69 211
69 231
69 232
69 233
69 235
69 237
69 242
69 243
69 247
69 248
69 268
69 271
69 272
69 274
69 281
69 283
69 288
69 289
70 93
70 94
70 99
70 106
70 115
70 125
70 130
70 138
70 141
70 142
70 143
70 145
70 149
70 151
70 152
70 153
70 155
70 167
70 176
70 177
70 178
70 181
70 183
70 191
70 192
70 196
70 198
70 205
70 210
70 213
70 215
70 219
70 230
70 231
70 235
70 239
70 244
70 248
70 249
70 250
70 254
70 255
70 270
70 271
70 277
70 281
70 292
70 293
71 74
71 87
71 89
71 90
71 93
71 100
71 103
71 104
71 106
71 122
71 123
71 129
71 136
71 140
71 143
71 144
71 149
71 159
71 161
71 163
71 173
71 174
71 177
71 179
71 204
71 205
71 210
71 222
71 223
71 226
71 231
71 236
71 237
71 241
71 244
71 245
71 250
71 255
71 257
71 263
71 268
71 286
71 287
71 291
72 88
72 101
72 110
72 111
72 119
72 126
72 128
72 132
72 134
72 139
72 141
72 142
72 152
72 167
72 170
72 173
72 174
72 175
72 178
72 181
72 186
72 189
72 192
72 202
72 208
72 210
72 211
72 214
72 215
72 220
72 226
72 237
72 252
72 256
72 257
72 260
72 272
72 276
72 281
72 282
72 284
72 287
72 289
73 76
73 77
73 80
73 81
73 89
73 93
73 94
73 109
73 113
73 114
73 117
73 123
73 132
73 133
73 135
73 136
73 137
73 140
73 144
73 149
73 158
73 164
73 173
73 177
73 178
73 183
73 186
73 187
73 188
73 192
73 202
73 203
73 208
73 212
73 213
73 214
73 215
73 218
73 219
73 220
73 223
73 227
73 231
73 232
73 259
73 261
73 262
73 268
73 269
73 283
73 294
73 299
74 78
74 80
74 84
74 85
74 92
74 96
74 103
74 107
74 111
74 118
74 119
74 120
74 126
74 137
74 147
74 149
74 151
74 166
74 173
74 182
74 186
74 194
74 197
74 198
74 203
74 205
74 208
74 215
74 220
74 230
74 232
74 249
74 255
74 256
74 261
74 271
74 275
74 277
74 284
74 285
74 291
75 80
75 101
75 102
75 115
75 118
75 120
75 124
75 126
75 129
75 139
75 143
75 146
75 147
75 149
75 153
75 156
75 160
75 168
75 169
75 175
75 186
75 187
75 193
75 195
75 197
75 199
75 200
75 201
75 210
75 211
75 214
75 216
75 219
75 220
75 225
75 226
75 234
75 238
75 239
75 240
75 245
75 252
75 256
75 261
75 262
75 265
75 268
75 278
75 281
75 282
75 284
75 289
75 290
76 77
76 80
76 82
76 85
76 90
76 104
76 120
76 122
76 136
76 140
76 141
76 148
76 149
76 150
76 153
76 161
76 163
76 165
76 171
76 176
76 177
76 185
76 187
76 189
76 191
76 192
76 194
76 196
76 200
76 201
76 208
76 209
76 213
76 220
76 228
76 248
76 257
76 266
76 276
76 280
76 284
76 286
76 287
77 79
77 81
77 83
77 86
77 88
77 89
77 90
77 93
77 100
77 102
77 104
77 109
77 112
77 120
77 122
77 129
77 135
77 142
77 149
77 163
77 168
77 185
77 198
77 205
77 208
77 223
77 227
77 235
77 240
77 242
77 245
77 248
77 253
77 259
77 265
77 266
77 277
77 278
77 284
77 285
77 293
77 294
78 81
78 82
78 83
78 84
78 87
78 89
78 91
78 92
78 96
78 97
78 106
78 113
78 114
78 120
78 125
78 126
78 137
78 139
78 142
78 143
78 144
78 146
78 149
78 152
78 158
78 159
78 170
78 171
78 184
78 187
78 194
78 203
78 222
78 234
78 239
78 247
78 248
78 249
78 250
78 252
78 255
78 257
78 264
78 269
78 273
78 275
78 277
78 285
78 293
79 85
79 96
79 100
79 109
79 112
79 121
79 122
79 126
79 127
79 129
79 132
79 133
79 138
79 151
79 166
79 167
79 171
79 175
79 177
79 178
79 180
79 182
79 185
79 188
79 191
79 200
79 208
79 222
79 224
79 228
79 236
79 245
79 247
79 250
79 251
79 254
79 255
79 265
79 274
79 283
79 284
80 87
80 88
80 95
80 100
80 102
80 103
80 119
80 123
80 150
80 152
80 155
80 156
80 159
80 160
80 165
80 166
80 167
80 171
80 181
80 183
80 187
80 188
80 194
80 199
80 203
80 205
80 209
80 213
80 220
80 233
80 234
80 239
80 240
80 241
80 245
80 247
80 248
80 257
80 274
80 275
80 277
80 295
80 296
81 84
81 86
81 90
81 93
81 95
81 111
81 114
81 116
81 117
81 119
81 127
81 129
81 136
81 139
81 144
81 145
81 147
81 150
81 160
81 179
81 183
81 187
81 196
81 200
81 201
81 212
81 215
81 217
81 225
81 231
81 234
81 235
81 236
81 241
81 247
81 253
81 256
81 260
81 264
81 271
81 279
81 285
81 294
82 84
82 93
82 95
82 107
82 112
82 113
82 115
82 119
82 121
82 126
82 130
82 135
82 149
82 154
82 160
82 172
82 174
82 178
82 182
82 183
82 185
82 199
82 203
82 213
82 216
82 217
82 220
82 223
82 229
82 237
82 241
82 245
82 249
82 257
82 258
82 260
82 263
82 264
82 265
82 278
82 283
82 290
82 293
82 296
83 84
83 93
83 94
83 96
83 99
83 104
83 109
83 112
83 113
83 114
83 118
83 125
83 132
83 138
83 142
83 145
83 154
83 161
83 162
83 165
83 176
83 178
83 181
83 183
83 185
83 198
83 199
83 209
83 210
83 219
83 221
83 230
83 234
83 239
83 240
83 257
83 259
83 263
83 267
83 274
83 275
83 278
83 279
83 288
83 295
84 86
84 101
84 104
84 105
84 106
84 111
84 120
84 123
84 125
84 127
84 130
84 139
84 141
84 150
84 153
84 154
84 162
84 164
84 170
84 178
84 179
84 180
84 200
84 204
84 218
84 222
84 225
84 227
84 230
84 235
84 244
84 246
84 259
84 261
84 264
84 266
84 269
84 270
84 274
84 290
84 293
84 294
85 91
85 92
85 93
85 104
85 115
85 118
85 125
85 127
85 128
85 135
85 136
85 137
85 138
85 141
85 143
85 148
85 150
85 152
85 161
85 162
85 164
85 166
85 167
85 175
85 176
85 180
85 186
85 190
85 195
85 202
85 208
85 223
85 229
85 235
85 241
85 248
85 256
85 257
85 264
85 274
85 275
85 279
85 281
85 293
86 87
86 91
86 93
86 95
86 97
86 102
86 110
86 111
86 112
86 116
86 132
86 149
86 150
86 152
86 153
86 156
86 161
86 166
86 167
86 174
86 175
86 183
86 184
86 185
86 194
86 205
86 210
86 212
86 213
86 232
86 234
86 235
86 238
86 243
86 244
86 247
86 267
86 269
86 270
86 272
86 282
86 293
86 294
87 88
87 89
87 90
87 92
87 93
87 99
87 102
87 103
87 113
87 115
87 122
87 123
87 137
87 138
87 140
87 141
87 144
87 155
87 157
87 159
87 164
87 173
87 175
87 177
87 178
87 200
87 204
87 213
87 222
87 223
87 232
87 239
87 245
87 247
87 251
87 252
87 258
87 264
87 276
87 283
87 284
87 289
87 290
87 292
87 295
87 296
88 95
88 107
88 110
88 111
88 118
88 122
88 130
88 132
88 157
88 164
88 166
88 173
88 184
88 187
88 194
88 198
88 202
88 206
88 209
88 217
88 219
88 225
88 230
88 234
88 244
88 245
88 249
88 253
88 260
88 262
88 270
88 272
88 281
88 282
88 286
88 289
88 294
88 297
89 92
89 94
89 99
89 101
89 107
89 109
89 122
89 131
89 136
89 137
89 141
89 146
89 152
89 156
89 176
89 184
89 188
89 191
89 194
89 203
89 206
89 222
89 231
89 232
89 234
89 236
89 253
89 254
89 256
89 261
89 264
89 269
89 271
89 281
89 286
89 288
90 96
90 105
90 114
90 119
90 120
90 123
90 126
90 134
90 143
90 144
90 146
90 155
90 158
90 161
90 169
90 175
90 184
90 185
90 197
90 210
90 214
90 218
90 225
90 242
90 244
90 245
90 252
90 258
90 261
90 265
90 269
90 280
90 281
90 285
90 286
90 287
90 296
90 297
90 298
91 94
91 96
91 100
91 104
91 105
91 108
91 109
91 110
91 111
91 117
91 123
91 124
91 135
91 138
91 149
91 151
91 154
91 158
91 161
91 163
91 165
91 167
91 168
91 172
91 173
91 190
91 195
91 197
91 201
91 213
91 214
91 219
91 220
91 225
91 227
91 230
91 234
91 241
91 244
91 245
91 251
91 252
91 265
91 271
91 278
91 288
91 289
91 292
92 93
92 95
92 97
92 99
92 104
92 110
92 123
92 128
92 132
92 133
92 135
92 138
92 142
92 146
92 147
92 152
92 163
92 166
92 168
92 169
92 170
92 176
92 177
92 178
92 179
92 183
92 185
92 192
92 193
92 202
92 208
92 209
92 218
92 221
92 227
92 231
92 246
92 249
92 269
92 274
92 275
92 277
92 278
92 279
92 280
92 283
92 288
92 293
92 296
92 298
92 299
93 119
93 120
93 121
93 124
93 130
93 135
93 140
93 143
93 148
93 150
93 151
93 162
93 164
93 171
93 172
93 176
93 178
93 179
93 185
93 193
93 194
93 198
93 206
93 209
93 210
93 211
93 230
93 237
93 238
93 248
93 257
93 258
93 260
93 261
93 280
93 283
93 288
93 289
93 290
93 291
93 297
94 95
94 97
94 107
94 108
94 109
94 112
94 113
94 114
94 116
94 118
94 119
94 120
94 121
94 122
94 131
94 132
94 133
94 141
94 145
94 146
94 152
94 153
94 155
94 168
94 170
94 171
94 179
94 182
94 186
94 188
94 200
94 202
94 208
94 209
94 210
94 211
94 213
94 215
94 219
94 227
94 235
94 250
94 253
94 274
94 276
94 277
94 281
95 104
95 113
95 119
95 122
95 127
95 128
95 142
95 145
95 148
95 149
95 157
95 162
95 163
95 164
95 168
95 170
95 176
95 181
95 189
95 190
95 192
95 196
95 202
95 204
95 208
95 213
95 222
95 232
95 233
95 239
95 242
95 244
95 257
95 262
95 263
95 264
95 269
95 270
95 272
95 277
95 284
95 290
95 294
96 99
96 105
96 109
96 113
96 118
96 119
96 121
96 123
96 128
96 135
96 136
96 138
96 140
96 152
96 153
96 154
96 155
96 168
96 171
96 172
96 176
96 179
96 188
96 190
96 191
96 192
96 198
96 199
96 201
96 203
96 208
96 212
96 217
96 218
96 221
96 223
96 225
96 226
96 232
96 256
96 258
96 261
96 267
96 273
96 278
96 284
96 292
96 296
97 98
97 115
97 116
97 118
97 125
97 131
97 132
97 134
97 135
97 139
97 151
97 154
97 164
97 166
97 170
97 172
97 180
97 199
97 208
97 211
97 213
97 219
97 225
97 230
97 231
97 239
97 247
97 251
97 259
97 262
97 265
97 274
97 279
97 280
97 281
97 292
97 295
98 102
98 107
98 108
98 111
98 115
98 117
98 126
98 129
98 133
98 142
98 160
98 175
98 191
98 193
98 194
98 195
98 196
98 203
98 209
98 211
98 224
98 234
98 241
98 242
98 243
98 246
98 249
98 250
98 252
98 253
98 259
98 273
98 278
98 289
98 292
98 293
98 294
98 295
98 298
99 103
99 109
99 113
99 114
99 125
99 131
99 133
99 135
99 137
99 145
99 152
99 153
99 168
99 169
99 170
99 174
99 176
99 180
99 181
99 185
99 191
99 193
99 200
99 206
99 208
99 216
99 220
99 230
99 232
99 236
99 240
99 256
99 259
99 271
99 277
100 102
100 103
100 105
100 112
100 115
100 117
100 121
100 129
100 143
100 146
100 147
100 150
100 152
100 154
100 159
100 165
100 168
100 169
100 184
100 186
100 191
100 194
100 198
100 200
100 202
100 208
100 211
100 218
100 229
100 236
100 239
100 241
100 243
100 247
100 249
100 252
100 258
100 262
100 268
100 273
100 276
100 287
100 291
100 295
100 296
101 108
101 116
101 123
101 125
101 128
101 129
101 131
101 151
101 154
101 162
101 168
101 176
101 185
101 192
101 198
101 201
101 206
101 208
101 215
101 216
101 219
101 220
101 224
101 227
101 230
101 233
101 249
101 257
101 262
101 266
101 269
101 278
101 280
101 284
101 292
101 295
102 103
102 106
102 113
102 123
102 124
102 133
102 136
102 150
102 156
102 164
102 167
102 171
102 172
102 176
102 180
102 183
102 184
102 203
102 208
102 221
102 224
102 225
102 233
102 242
102 247
102 248
102 249
102 254
102 257
102 269
102 276
102 277
102 286
102 291
103 107
103 112
103 113
103 122
103 127
103 130
103 139
103 140
103 143
103 149
103 153
103 154
103 170
103 171
103 173
103 175
103 177
103 183
103 189
103 198
103 207
103 211
103 218
103 221
103 228
103 231
103 233
103 235
103 242
103 245
103 250
103 252
103 254
103 255
103 258
103 269
103 272
103 282
103 284
103 285
103 290
103 292
103 298
103 299
104 107
104 108
104 113
104 116
104 117
104 123
104 136
104 139
104 155
104 156
104 165
104 167
104 171
104 175
104 180
104 181
104 188
104 203
104 210
104 211
104 219
104 224
104 229
104 231
104 247
104 250
104 253
104 263
104 265
104 266
104 272
104 279
104 280
104 284
104 286
104 294
104 299
105 107
105 114
105 118
105 136
105 137
105 138
105 142
105 144
105 146
105 149
105 158
105 162
105 163
105 166
105 173
105 174
105 175
105 184
105 187
105 188
105 190
105 197
105 206
105 210
105 237
105 240
105 246
105 247
105 251
105 255
105 266
105 275
105 280
105 282
105 294
105 296
106 107
106 111
106 114
106 125
106 126
106 127
106 135
106 136
106 138
106 140
106 144
106 146
106 150
106 151
106 154
106 156
106 160
106 164
106 165
106 166
106 172
106 179
106 181
106 188
106 191
106 195
106 200
106 202
106 209
106 212
106 214
106 216
106 221
106 225
106 232
106 234
106 236
106 252
106 254
106 256
106 263
106 271
106 274
106 283
106 289
106 290
106 292
106 299
107 108
107 109
107 113
107 114
107 118
107 120
107 130
107 132
107 135
107 136
107 137
107 138
107 141
107 148
107 152
107 155
107 158
107 161
107 169
107 173
107 174
107 176
107 179
107 206
107 207
107 214
107 218
107 221
107 233
107 237
107 240
107 244
107 247
107 262
107 267
107 277
107 278
107 281
107 293
107 294
107 299
108 118
108 123
108 128
108 129
108 135
108 138
108 140
108 145
108 149
108 152
108 161
108 163
108 166
108 167
108 172
108 186
108 187
108 188
108 193
108 195
108 196
108 211
108 214
108 219
108 220
108 227
108 230
108 233
108 235
108 242
108 245
108 252
108 255
108 260
108 267
108 268
108 272
108 277
108 278
108 283
108 293
108 296
109 123
109 127
109 134
109 137
109 138
109 139
109 140
109 144
109 147
109 149
109 154
109 158
109 163
109 165
109 167
109 172
109 186
109 187
109 188
109 189
109 194
109 198
109 199
109 201
109 214
109 215
109 232
109 242
109 244
109 245
109 251
109 252
109 260
109 261
109 272
109 278
110 113
110 114
110 123
110 128
110 136
110 149
110 150
110 152
110 154
110 162
110 165
110 167
110 173
110 176
110 179
110 180
110 182
110 189
110 196
110 197
110 206
110 210
110 228
110 242
110 251
110 256
110 257
110 258
110 261
110 263
110 266
110 269
110 280
110 281
110 283
110 287
110 291
110 296
111 123
111 124
111 127
111 129
111 150
111 152
111 164
111 166
111 170
111 171
111 177
111 183
111 184
111 193
111 197
111 204
111 214
111 227
111 228
111 230
111 233
111 238
111 240
111 248
111 254
111 264
111 267
111 269
111 277
111 282
111 286
111 295
111 296
112 117
112 118
112 126
112 132
112 138
112 144
112 163
112 164
112 169
112 174
112 179
112 181
112 186
112 188
112 190
112 192
112 200
112 210
112 215
112 216
112 220
112 229
112 237
112 239
112 247
112 248
112 254
112 261
112 272
112 274
112 285
112 291
113 121
113 123
113 145
113 160
113 167
113 169
113 178
113 179
113 196
113 197
113 198
113 208
113 215
113 217
113 227
113 236
113 244
113 248
113 254
113 259
113 261
113 263
113 279
113 281
113 288
113 291
113 298
113 299
114 117
114 118
114 119
114 130
114 133
114 135
114 149
114 156
114 172
114 175
114 179
114 181
114 188
114 204
114 228
114 229
114 232
114 235
114 242
114 243
114 247
114 249
114 267
114 270
114 272
114 276
114 285
114 286
114 287
114 289
114 291
114 294
114 295
115 130
115 131
115 132
115 138
115 140
115 151
115 160
115 163
115 168
115 173
115 177
115 184
115 190
115 192
115 194
115 197
115 200
115 201
115 205
115 217
115 219
115 221
115 226
115 228
115 229
115 231
115 233
115 238
115 246
115 260
115 267
115 271
115 278
115 280
115 288
115 296
116 117
116 120
116 121
116 123
116 126
116 127
116 130
116 132
116 136
116 140
116 150
116 154
116 160
116 166
116 168
116 169
116 170
116 172
116 175
116 178
116 181
116 182
116 184
116 185
116 192
116 202
116 227
116 232
116 234
116 250
116 252
116 259
116 260
116 264
116 272
116 273
116 274
116 289
116 298
117 120
117 137
117 139
117 144
117 146
117 150
117 151
117 172
117 173
117 175
117 177
117 180
117 184
117 187
117 189
117 191
117 203
117 207
117 208
117 212
117 213
117 215
117 239
117 242
117 244
117 247
117 251
117 252
117 253
117 266
117 271
117 272
117 274
117 285
118 123
118 124
118 132
118 133
118 134
118 143
118 153
118 159
118 160
118 161
118 173
118 174
118 181
118 188
118 195
118 202
118 206
118 208
118 211
118 215
118 218
118 224
118 227
118 232
118 235
118 240
118 247
118 253
118 260
118 272
118 274
118 277
118 281
118 287
118 289
118 292
118 299
119 121
119 138
119 142
119 143
119 144
119 148
119 151
119 154
119 155
119 156
119 183
119 195
119 198
119 200
119 207
119 212
119 214
119 215
119 218
119 221
119 227
119 237
119 238
119 246
119 247
119 248
119 250
119 259
119 261
119 263
119 271
119 273
119 280
119 284
119 292
119 293
119 298
120 122
120 125
120 127
120 131
120 135
120 136
120 149
120 155
120 163
120 165
120 169
120 176
120 186
120 191
120 199
120 201
120 203
120 226
120 228
120 229
120 232
120 235
120 237
120 241
120 245
120 246
120 264
120 267
120 268
120 273
120 276
120 277
120 280
120 281
120 289
120 295
121 124
121 128
121 133
121 137
121 141
121 144
121 153
121 154
121 158
121 164
121 165
121 167
121 169
121 184
121 185
121 192
121 193
121 196
121 209
121 213
121 215
121 218
121 219
121 225
121 232
121 235
121 237
121 239
121 247
121 248
121 264
121 267
121 270
121 276
121 280
121 281
121 282
121 286
121 299
122 129
122 135
122 139
122 141
122 142
122 150
122 160
122 169
122 172
122 173
122 174
122 177
122 178
122 182
122 189
122 190
122 191
122 201
122 214
122 222
122 226
122 237
122 242
122 251
122 259
122 260
122 263
122 264
122 265
122 268
122 272
122 273
122 275
122 276
122 278
122 281
122 294
123 132
123 143
123 147
123 148
123 151
123 152
123 155
123 156
123 162
123 164
123 166
123 170
123 173
123 174
123 177
123 181
123 184
123 187
123 195
123 199
123 200
123 204
123 206
123 207
123 212
123 215
123 225
123 228
123 233
123 238
123 240
123 241
123 247
123 251
123 255
123 256
123 262
123 263
123 266
123 270
123 277
123 278
123 280
123 284
123 286
123 294
123 296
124 126
124 136
124 140
124 154
124 158
124 162
124 163
124 164
124 168
124 169
124 172
124 177
124 179
124 198
124 211
124 213
124 221
124 225
124 227
124 242
124 245
124 247
124 248
124 267
124 269
124 278
124 283
124 285
124 288
124 290
124 292
124 293
124 299
125 128
125 133
125 136
125 138
125 140
125 145
125 146
125 148
125 149
125 153
125 157
125 158
125 167
125 181
125 184
125 186
125 199
125 201
125 204
125 208
125 209
125 218
125 222
125 227
125 231
125 233
125 238
125 249
125 259
125 261
125 262
125 268
125 274
125 275
125 276
125 282
125 289
125 291
125 298
126 130
126 132
126 134
126 141
126 142
126 145
126 148
126 151
126 162
126 167
126 171
126 172
126 176
126 177
126 180
126 183
126 184
126 195
126 206
126 213
126 217
126 218
126 233
126 242
126 248
126 253
126 257
126 262
126 267
126 276
126 282
126 285
126 294
126 299
127 147
127 151
127 156
127 159
127 161
127 166
127 168
127 170
127 172
127 177
127 178
127 183
127 190
127 194
127 195
127 199
127 202
127 207
127 217
127 224
127 239
127 247
127 250
127 252
127 255
127 258
127 260
127 261
127 275
127 279
127 281
127 282
127 289
127 290
127 292
127 295
127 298
128 129
128 130
128 138
128 143
128 149
128 150
128 159
128 167
128 170
128 175
128 179
128 187
128 189
128 194
128 212
128 218
128 220
128 221
128 222
128 224
128 227
128 231
128 245
128 248
128 258
128 260
128 261
128 263
128 265
128 275
128 276
128 281
128 286
128 288
129 154
129 156
129 157
129 160
129 163
129 168
129 175
129 183
129 185
129 186
129 187
129 205
129 208
129 215
129 216
129 219
129 225
129 236
129 242
129 246
129 250
129 253
129 257
129 261
129 264
129 265
129 271
129 287
130 135
130 151
130 160
130 168
130 171
130 177
130 181
130 182
130 184
130 185
130 191
130 197
130 198
130 200
130 201
130 204
130 205
130 222
130 225
130 228
130 230
130 242
130 244
130 245
130 248
130 250
130 253
130 268
130 270
130 277
130 278
130 280
130 284
130 297
130 298
131 139
131 150
131 153
131 160
131 162
131 169
131 172
131 186
131 188
131 193
131 198
131 201
131 207
131 208
131 209
131 213
131 218
131 219
131 220
131 221
131 231
131 232
131 233
131 238
131 239
131 240
131 241
131 245
131 247
131 256
131 258
131 261
131 282
131 294
132 133
132 137
132 139
132 140
132 144
132 152
132 158
132 164
132 166
132 167
132 171
132 182
132 187
132 192
132 194
132 195
132 197
132 206
132 214
132 216
132 220
132 222
132 223
132 235
132 236
132 237
132 238
132 239
132 241
132 246
132 249
132 256
132 258
132 260
132 264
132 267
132 268
132 276
132 279
132 281
133 134
133 136
133 140
133 143
133 150
133 155
133 157
133 163
133 170
133 172
133 188
133 189
133 199
133 201
133 206
133 214
133 216
133 217
133 222
133 223
133 245
133 246
133 279
133 283
133 285
133 289
133 291
133 292
133 295
134 140
134 141
134 148
134 156
134 163
134 165
134 173
134 174
134 176
134 182
134 184
134 186
134 188
134 195
134 197
134 199
134 207
134 209
134 218
134 222
134 230
134 235
134 236
134 238
134 240
134 245
134 253
134 264
134 268
134 269
134 273
134 277
134 283
134 285
134 291
134 295
134 296
134 297
135 145
135 147
135 148
135 156
135 158
135 160
135 166
135 170
135 172
135 173
135 175
135 178
135 179
135 180
135 185
135 194
135 195
135 223
135 227
135 241
135 251
135 254
135 258
135 259
135 261
135 264
135 266
135 268
135 288
135 296
136 138
136 149
136 151
136 157
136 162
136 164
136 187
136 190
136 196
136 207
136 211
136 214
136 216
136 218
136 219
136 223
136 225
136 227
136 239
136 251
136 253
136 255
136 259
136 270
136 272
136 280
136 282
136 288
136 289
136 291
136 293
136 295
136 297
136 299
137 140
137 142
137 150
137 162
137 166
137 171
137 181
137 182
137 183
137 186
137 188
137 191
137 198
137 205
137 213
137 217
137 230
137 231
137 234
137 239
137 243
137 248
137 250
137 262
137 263
137 267
137 268
137 270
137 272
137 276
137 283
137 286
137 293
138 139
138 140
138 142
138 143
138 154
138 155
138 157
138 166
138 167
138 168
138 171
138 172
138 174
138 176
138 177
138 180
138 181
138 183
138 186
138 193
138 196
138 199
138 200
138 204
138 218
138 223
138 224
138 225
138 228
138 233
138 236
138 241
138 242
138 245
138 250
138 251
138 257
138 258
138 263
138 264
138 275
138 282
138 285
138 290
138 291
138 294
138 295
139 141
139 147
139 148
139 165
139 166
139 172
139 178
139 179
139 180
139 198
139 202
139 209
139 213
139 214
139 216
139 220
139 222
139 228
139 231
139 233
139 241
139 251
139 258
139 259
139 264
139 267
139 268
139 270
139 275
139 283
139 289
139 292
139 297
139 298
140 146
140 150
140 152
140 155
140 160
140 171
140 177
140 178
140 180
140 188
140 199
140 205
140 206
140 211
140 214
140 230
140 232
140 233
140 235
140 238
140 242
140 245
140 247
140 262
140 263
140 279
140 280
140 283
140 284
140 287
140 294
141 143
141 144
141 150
141 152
141 160
141 162
141 166
141 167
141 168
141 176
141 185
141 186
141 192
141 196
141 200
141 207
141 208
141 211
141 215
141 217
141 218
141 219
141 220
141 226
141 227
141 234
141 241
141 248
141 253
141 255
141 262
141 264
141 269
141 271
141 278
141 282
141 285
141 288
141 294
141 295
141 296
142 144
142 149
142 150
142 152
142 157
142 164
142 170
142 184
142 185
142 186
142 188
142 189
142 190
142 195
142 197
142 200
142 205
142 212
142 219
142 222
142 224
142 232
142 246
142 249
142 250
142 252
142 254
142 257
142 260
142 265
142 273
142 279
142 285
142 291
143 147
143 150
143 155
143 157
143 162
143 181
143 182
143 184
143 188
143 196
143 197
143 200
143 205
143 206
143 213
143 216
143 222
143 225
143 226
143 227
143 230
143 239
143 244
143 246
143 256
143 258
143 259
143 270
143 271
143 275
143 276
143 288
143 290
143 298
144 148
144 156
144 164
144 174
144 178
144 181
144 184
144 189
144 190
144 194
144 196
144 198
144 199
144 228
144 232
144 234
144 236
144 237
144 239
144 240
144 244
144 256
144 257
144 264
144 266
144 269
144 274
144 284
144 287
144 294
145 148
145 153
145 154
145 160
145 162
145 165
145 172
145 175
145 177
145 181
145 187
145 192
145 193
145 195
145 198
145 204
145 211
145 224
145 228
145 229
145 231
145 236
145 238
145 241
145 251
145 253
145 257
145 266
145 275
145 277
145 279
145 291
145 294
145 297
145 298
146 171
146 172
146 173
146 174
146 178
146 188
146 190
146 193
146 196
146 199
146 200
146 207
146 210
146 213
146 215
146 221
146 227
146 238
146 243
146 255
146 260
146 270
146 278
146 280
146 284
147 151
147 152
147 153
147 154
147 158
147 160
147 162
147 170
147 172
147 176
147 178
147 179
147 181
147 183
147 189
147 216
147 224
147 236
147 237
147 243
147 251
147 253
147 256
147 261
147 269
147 274
147 275
147 287
147 292
148 153
148 154
148 164
148 166
148 168
148 169
148 170
148 172
148 173
148 185
148 187
148 189
148 191
148 195
148 196
148 199
148 200
148 205
148 212
148 220
148 225
148 226
148 230
148 236
148 246
148 261
148 262
148 268
148 269
148 276
148 282
148 283
148 299
149 154
149 160
149 166
149 171
149 173
149 175
149 203
149 206
149 207
149 217
149 222
149 227
149 230
149 238
149 243
149 251
149 254
149 283
149 285
149 294
149 295
150 151
150 176
150 177
150 181
150 196
150 205
150 206
150 210
150 214
150 227
150 229
150 235
150 247
150 248
150 249
150 251
150 252
150 256
150 260
150 261
150 264
150 266
150 267
150 270
150 278
150 288
151 154
151 162
151 165
151 172
151 190
151 194
151 199
151 203
151 204
151 207
151 209
151 216
151 218
151 219
151 222
151 226
151 231
151 233
151 236
151 237
151 246
151 253
151 258
151 265
151 267
151 274
151 279
151 290
152 153
152 155
152 156
152 158
152 174
152 181
152 182
152 190
152 193
152 206
152 219
152 220
152 223
152 224
152 225
152 231
152 237
152 242
152 258
152 267
152 268
152 269
152 271
152 279
152 289
152 297
153 154
153 155
153 159
153 165
153 177
153 178
153 179
153 186
153 193
153 198
153 199
153 208
153 212
153 214
153 230
153 232
153 233
153 239
153 247
153 260
153 274
153 282
153 287
153 291
153 294
154 156
154 174
154 183
154 184
154 186
154 188
154 195
154 202
154 204
154 206
154 207
154 214
154 218
154 227
154 230
154 235
154 239
154 247
154 250
154 262
154 264
154 265
154 280
154 284
154 296
154 297
155 162
155 180
155 181
155 184
155 187
155 190
155 194
155 196
155 198
155 199
155 207
155 212
155 213
155 224
155 227
155 230
155 235
155 239
155 244
155 247
155 249
155 259
155 260
155 286
155 292
155 294
155 297
155 298
155 299
156 157
156 159
156 162
156 165
156 177
156 181
156 184
156 189
156 191
156 203
156 208
156 216
156 221
156 222
156 223
156 231
156 234
156 237
156 238
156 240
156 241
156 243
156 245
156 250
156 252
156 263
156 266
156 272
156 279
156 286
156 293
156 294
156 297
156 298
156 299
157 158
157 161
157 163
157 175
157 176
157 177
157 181
157 183
157 188
157 195
157 200
157 204
157 207
157 208
157 211
157 212
157 219
157 223
157 227
157 232
157 242
157 253
157 256
157 259
157 262
157 265
157 267
157 268
157 272
157 283
157 286
158 165
158 166
158 167
158 168
158 174
158 183
158 203
158 205
158 211
158 221
158 225
158 249
158 250
158 251
158 257
158 261
158 267
158 268
158 269
158 278
158 282
159 182
159 185
159 190
159 200
159 205
159 211
159 212
159 223
159 225
159 226
159 238
159 239
159 245
159 248
159 251
159 254
159 256
159 257
159 262
159 283
159 284
159 290
159 291
159 294
159 296
160 161
160 177
160 185
160 186
160 195
160 206
160 213
160 214
160 216
160 219
160 222
160 227
160 231
160 233
160 240
160 242
160 243
160 250
160 252
160 253
160 254
160 258
160 263
160 266
160 278
160 286
160 287
160 289
161 162
161 167
161 170
161 174
161 177
161 178
161 179
161 185
161 186
161 187
161 200
161 207
161 208
161 227
161 233
161 235
161 241
161 242
161 247
161 250
161 256
161 258
161 261
161 262
161 266
161 275
161 276
161 279
161 280
161 282
161 283
161 292
161 296
162 176
162 191
162 193
162 198
162 205
162 207
162 208
162 212
162 214
162 224
162 229
162 230
162 239
162 244
162 249
162 254
162 256
162 262
162 273
162 274
162 284
162 288
162 296
162 299
163 171
163 183
163 188
163 189
163 203
163 206
163 217
163 222
163 223
163 225
163 242
163 243
163 250
163 252
163 265
163 266
163 274
163 281
163 282
163 285
163 288
163 293
163 295
163 297
163 299
164 165
164 169
164 171
164 179
164 192
164 193
164 196
164 198
164 211
164 214
164 217
164 218
164 219
164 220
164 224
164 232
164 234
164 242
164 245
164 251
164 254
164 255
164 261
164 266
164 270
164 273
164 281
164 282
164 286
164 289
164 290
164 293
165 170
165 172
165 197
165 202
165 203
165 204
165 206
165 214
165 218
165 229
165 230
165 236
165 246
165 257
165 259
165 262
165 269
165 270
165 272
165 275
165 296
165 298
165 299
166 171
166 172
166 173
166 176
166 189
166 191
166 197
166 202
166 206
166 207
166 211
166 219
166 222
166 223
166 239
166 245
166 246
166 249
166 253
166 255
166 265
166 268
166 271
166 279
166 282
166 284
166 285
166 295
166 298
167 169
167 173
167 186
167 188
167 198
167 202
167 206
167 219
167 220
167 222
167 224
167 225
167 230
167 233
167 236
167 245
167 247
167 249
167 253
167 262
167 263
167 264
167 270
167 291
167 293
167 297
168 172
168 185
168 187
168 204
168 205
168 208
168 224
168 225
168 233
168 238
168 240
168 249
168 251
168 254
168 264
168 265
168 267
168 274
168 275
168 278
168 279
168 283
168 285
168 294
168 296
169 173
169 175
169 178
169 181
169 185
169 186
169 195
169 201
169 205
169 208
169 209
169 213
169 216
169 225
169 241
169 243
169 246
169 248
169 259
169 260
169 267
169 268
169 275
169 294
169 298
170 173
170 174
170 175
170 182
170 183
170 185
170 187
170 188
170 192
170 200
170 206
170 213
170 218
170 229
170 231
170 233
170 241
170 242
170 256
170 271
170 276
170 279
170 288
170 290
170 296
171 176
171 178
171 183
171 188
171 190
171 192
171 203
171 206
171 213
171 218
171 228
171 230
171 231
171 235
171 237
171 238
171 240
171 254
171 255
171 260
171 262
171 265
171 274
171 281
171 287
171 294
171 299
172 178
172 184
172 186
172 191
172 192
172 196
172 201
172 210
172 212
172 228
172 229
172 236
172 248
172 249
172 250
172 263
172 269
172 271
172 281
172 283
172 285
172 293
173 177
173 181
173 194
173 198
173 200
173 201
173 208
173 210
173 214
173 231
173 235
173 242
173 250
173 252
173 253
173 258
173 259
173 264
173 265
173 276
173 279
173 282
173 284
173 286
174 179
174 184
174 186
174 189
174 196
174 198
174 201
174 207
174 208
174 218
174 226
174 227
174 230
174 233
174 236
174 240
174 243
174 244
174 248
174 249
174 251
174 256
174 260
174 262
174 263
174 269
174 270
174 278
174 285
174 289
174 293
174 299
175 177
175 179
175 182
175 185
175 188
175 189
175 191
175 203
175 204
175 210
175 214
175 217
175 218
175 221
175 228
175 230
175 234
175 237
175 238
175 239
175 242
175 243
175 254
175 259
175 260
175 272
175 275
175 283
175 285
175 286
175 298
176 177
176 181
176 183
176 190
176 192
176 193
176 194
176 199
176 211
176 213
176 214
176 215
176 216
176 222
176 224
176 233
176 241
176 243
176 245
176 252
176 255
176 258
176 272
176 286
176 287
176 290
176 291
176 294
176 296
177 179
177 181
177 189
177 190
177 191
177 197
177 198
177 199
177 205
177 207
177 211
177 213
177 214
177 216
177 228
177 230
177 237
177 240
177 245
177 246
177 249
177 255
177 259
177 261
177 263
177 264
177 267
177 268
177 269
177 271
177 273
177 285
177 288
177 289
177 292
177 296
177 297
178 181
178 182
178 183
178 187
178 188
178 189
178 190
178 196
178 201
178 202
178 208
178 211
178 219
178 220
178 228
178 233
178 240
178 243
178 249
178 261
178 265
178 270
178 283
178 284
178 285
178 288
179 184
179 185
179 190
179 191
179 192
179 193
179 200
179 201
179 202
179 210
179 211
179 214
179 228
179 232
179 236
179 245
179 248
179 253
179 254
179 259
179 274
179 279
179 281
179 289
179 295
179 297
180 183
180 184
180 187
180 188
180 202
180 204
180 214
180 217
180 220
180 221
180 227
180 230
180 232
180 240
180 241
180 242
180 245
180 251
180 254
180 255
180 257
180 258
180 261
180 267
180 269
180 281
180 285
180 286
180 290
180 294
180 298
180 299
181 182
181 184
181 186
181 193
181 195
181 197
181 199
181 207
181 210
181 211
181 221
181 229
181 233
181 236
181 238
181 247
181 259
181 265
181 272
181 278
181 294
181 298
182 186
182 195
182 205
182 225
182 233
182 246
182 249
182 256
182 257
182 266
182 270
182 272
182 282
182 283
182 285
182 286
182 288
182 294
182 296
183 197
183 206
183 211
183 212
183 227
183 228
183 229
183 236
183 239
183 242
183 262
183 264
183 271
183 273
183 282
183 290
183 294
184 197
184 199
184 205
184 206
184 208
184 225
184 228
184 229
184 237
184 238
184 249
184 257
184 261
184 265
184 267
184 274
184 280
184 283
184 286
184 293
185 187
185 189
185 202
185 205
185 216
185 221
185 228
185 236
185 246
185 249
185 257
185 260
185 261
185 264
185 265
185 270
185 273
185 276
185 287
185 291
186 187
186 194
186 195
186 199
186 205
186 211
186 212
186 213
186 226
186 232
186 234
186 235
186 241
186 243
186 248
186 249
186 251
186 254
186 263
186 267
186 270
186 273
186 275
186 279
186 284
186 287
186 289
186 290
186 298
186 299
187 188
187 192
187 195
187 197
187 198
187 201
187 203
187 207
187 222
187 226
187 232
187 235
187 247
187 253
187 271
187 273
187 274
187 282
187 285
187 286
187 290
187 292
187 293
188 191
188 192
188 193
188 199
188 203
188 215
188 220
188 222
188 224
188 225
188 226
188 228
188 235
188 236
188 244
188 246
188 254
188 256
188 259
188 266
188 269
188 272
188 273
188 281
188 288
188 291
188 293
188 296
189 190
189 193
189 195
189 200
189 202
189 204
189 205
189 208
189 215
189 220
189 225
189 227
189 231
189 232
189 233
189 234
189 236
189 239
189 241
189 245
189 249
189 251
189 254
189 272
189 282
189 291
189 295
189 299
190 192
190 206
190 211
190 214
190 223
190 239
190 240
190 246
190 247
190 248
190 253
190 266
190 271
190 275
190 276
190 277
190 280
190 282
190 284
190 285
190 291
190 293
191 207
191 214
191 218
191 220
191 221
191 222
191 223
191 229
191 231
191 244
191 254
191 255
191 256
191 257
191 259
191 269
191 272
191 286
192 194
192 198
192 199
192 208
192 221
192 230
192 231
192 232
192 239
192 244
192 248
192 249
192 254
192 267
192 270
192 275
192 277
192 279
192 286
192 289
192 291
192 298
193 198
193 202
193 218
193 223
193 231
193 233
193 234
193 237
193 247
193 248
193 249
193 254
193 256
193 260
193 262
193 267
193 271
193 272
193 273
193 278
193 281
193 284
193 285
193 294
193 295
194 196
194 200
194 202
194 203
194 218
194 220
194 223
194 226
194 231
194 243
194 247
194 253
194 259
194 260
194 268
194 277
194 290
194 295
194 299
195 205
195 210
195 222
195 226
195 241
195 245
195 255
195 260
195 262
195 264
195 265
195 268
195 269
195 273
195 275
195 282
195 290
195 292
195 295
196 197
196 198
196 201
196 205
196 209
196 219
196 233
196 240
196 242
196 243
196 247
196 253
196 254
196 268
196 271
196 294
197 202
197 204
197 205
197 209
197 215
197 223
197 241
197 244
197 248
197 249
197 255
197 257
197 262
197 266
197 267
197 276
197 279
197 280
197 285
197 287
197 292
197 296
197 297
197 298
198 200
198 207
198 209
198 211
198 213
198 218
198 224
198 226
198 232
198 234
198 241
198 255
198 256
198 260
198 266
198 275
198 282
198 284
198 289
198 297
199 219
199 238
199 241
199 245
199 247
199 253
199 261
199 268
199 280
199 282
199 283
199 287
199 297
200 203
200 208
200 210
200 215
200 222
200 228
200 233
200 242
200 246
200 247
200 261
200 263
200 274
200 277
200 279
200 295
201 206
201 207
201 209
201 222
201 228
201 255
201 260
201 266
201 273
202 204
202 211
202 212
202 215
202 217
202 222
202 223
202 229
202 230
202 232
202 235
202 240
202 244
202 259
202 263
202 268
202 273
202 277
202 284
202 291
202 292
203 205
203 210
203 211
203 227
203 238
203 253
203 267
203 281
203 298
204 214
204 221
204 222
204 226
204 236
204 238
204 241
204 248
204 249
204 250
204 252
204 255
204 259
204 263
204 265
204 267
204 268
204 270
204 287
204 294
204 297
205 211
205 212
205 217
205 218
205 221
205 243
205 245
205 248
205 251
205 260
205 266
205 268
205 275
205 276
205 279
205 283
205 284
205 285
205 293
206 213
206 218
206 219
206 221
206 225
206 227
206 229
206 234
206 238
206 241
206 245
206 249
206 256
206 262
206 265
206 274
206 285
206 297
206 298
207 208
207 221
207 230
207 252
207 255
207 256
207 261
207 265
207 266
207 268
207 277
207 280
207 281
207 282
207 286
207 293
207 296
207 298
207 299
208 209
208 217
208 218
208 220
208 225
208 229
208 231
208 236
208 238
208 250
208 256
208 258
208 260
208 273
208 279
208 289
208 295
208 299
209 215
209 219
209 221
209 222
209 230
209 231
209 236
209 242
209 243
209 250
209 255
209 259
209 285
209 287
209 288
209 289
209 290
209 292
209 293
210 212
210 213
210 215
210 220
210 229
210 237
210 243
210 246
210 252
210 254
210 266
210 267
210 274
210 279
210 285
210 287
211 212
211 215
211 216
211 221
211 228
211 234
211 244
211 250
211 255
211 261
211 272
211 274
211 283
211 291
211 298
211 299
212 216
212 217
212 221
212 224
212 227
212 235
212 237
212 239
212 245
212 256
212 267
212 268
212 271
212 276
212 280
212 281
212 287
212 294
212 295
212 297
212 299
213 214
213 216
213 224
213 226
213 232
213 233
213 242
213 246
213 247
213 254
213 265
213 266
213 275
213 277
213 287
213 289
213 298
214 227
214 230
214 235
214 248
214 261
214 267
214 269
214 278
214 279
214 280
214 282
214 284
214 295
214 297
214 299
215 216
215 217
215 227
215 236
215 247
215 248
215 253
215 254
215 271
215 274
215 275
215 276
215 277
215 284
215 285
215 292
215 294
215 297
216 220
216 225
216 233
216 236
216 246
216 247
216 251
216 252
216 254
216 263
216 266
216 270
216 289
216 296
217 223
217 224
217 227
217 232
217 241
217 245
217 248
217 252
217 256
217 260
217 261
217 262
217 263
217 264
217 265
217 268
217 271
217 273
217 284
217 289
217 293
218 221
218 228
218 238
218 240
218 242
218 254
218 255
218 264
218 266
218 268
218 271
218 282
218 296
219 223
219 236
219 240
219 243
219 244
219 255
219 257
219 259
219 271
219 273
219 276
219 278
219 280
219 298
220 232
220 240
220 243
220 247
220 248
220 253
220 255
220 267
220 268
220 270
220 274
220 277
220 279
220 290
220 293
220 298
221 223
221 225
221 226
221 232
221 237
221 239
221 241
221 242
221 245
221 246
221 254
221 274
221 276
221 277
221 278
221 281
221 283
221 284
221 295
222 223
222 227
222 229
222 234
222 236
222 239
222 245
222 247
222 248
222 253
222 255
222 257
222 258
222 273
222 274
222 281
222 291
222 293
222 299
223 236
223 238
223 245
223 248
223 264
223 266
223 269
223 277
223 281
223 291
223 295
224 229
224 238
224 246
224 254
224 258
224 267
224 272
224 288
224 294
225 227
225 228
225 229
225 230
225 231
225 246
225 251
225 256
225 261
225 264
225 266
225 272
225 276
225 278
225 285
225 286
225 296
225 297
226 227
226 228
226 237
226 254
226 256
226 257
226 266
226 272
226 274
226 278
226 279
226 292
227 235
227 239
227 243
227 246
227 251
227 270
227 285
227 293
227 298
228 242
228 245
228 254
228 257
228 259
228 261
228 265
228 272
228 281
228 287
228 289
228 293
229 232
229 236
229 240
229 242
229 261
229 263
229 264
229 266
229 268
229 279
229 280
229 287
229 288
229 299
230 235
230 237
230 238
230 241
230 247
230 260
230 261
230 266
230 278
230 279
230 286
230 290
230 291
230 298
231 242
231 247
231 251
231 254
231 256
231 257
231 262
231 268
231 286
231 288
232 236
232 243
232 244
232 250
232 263
232 264
232 268
232 271
232 279
233 235
233 237
233 239
233 241
233 244
233 248
233 250
233 263
233 265
233 268
233 275
233 276
233 277
233 280
233 281
233 282
233 283
233 285
233 297
234 238
234 243
234 246
234 247
234 256
234 257
234 260
234 268
234 272
234 273
234 282
234 289
234 293
234 294
234 295
234 299
235 255
235 258
235 261
235 269
235 271
235 272
235 276
235 287
235 289
235 293
235 295
235 296
235 299
236 238
236 239
236 242
236 249
236 256
236 258
236 259
236 261
236 268
236 270
236 273
236 275
236 281
236 283
236 284
236 285
236 286
236 295
236 298
236 299
237 241
237 242
237 245
237 257
237 262
237 272
237 274
237 275
237 277
237 278
237 281
237 290
237 295
238 241
238 245
238 250
238 251
238 256
238 276
238 279
238 280
238 287
238 291
238 297
238 299
239 246
239 251
239 256
239 259
239 263
239 269
239 274
239 285
239 292
239 296
240 244
240 245
240 252
240 257
240 260
240 264
240 267
240 274
240 279
240 283
240 284
240 285
240 287
240 290
240 291
240 294
241 246
241 247
241 252
241 261
241 267
241 275
241 286
241 288
241 289
241 290
242 246
242 248
242 257
242 260
242 261
242 265
242 267
242 270
242 273
242 276
242 278
242 280
242 283
242 285
242 294
242 299
243 245
243 248
243 251
243 255
243 256
243 266
243 268
243 273
243 274
243 279
243 286
243 290
243 292
243 298
244 245
244 250
244 251
244 253
244 254
244 258
244 260
244 263
244 265
244 266
244 269
244 272
244 276
244 279
244 282
244 288
244 295
245 247
245 251
245 252
245 254
245 258
245 260
245 265
245 271
245 274
245 277
245 278
245 291
245 293
245 295
245 299
246 248
246 253
246 259
246 260
246 264
246 266
246 277
246 282
246 285
246 286
246 297
247 253
247 256
247 273
247 277
247 281
247 285
247 290
247 297
247 298
248 252
248 253
248 271
248 273
248 289
248 294
248 297
248 298
249 251
249 253
249 259
249 268
249 270
249 274
249 277
249 279
249 283
249 286
249 288
249 291
249 296
249 299
250 253
250 260
250 264
250 265
250 267
250 271
250 288
250 290
250 291
250 294
250 296
251 265
251 267
251 269
251 276
251 278
251 282
251 289
251 291
251 294
251 295
252 256
252 262
252 266
252 273
252 275
252 276
252 298
253 257
253 266
253 271
253 275
253 279
253 280
253 281
253 284
253 293
253 296
254 255
254 256
254 265
254 266
254 271
254 274
254 278
254 280
254 281
254 286
254 287
254 288
254 289
254 296
255 258
255 261
255 262
255 263
255 272
255 276
255 277
255 278
255 281
255 288
255 289
255 298
256 264
256 275
256 276
256 282
256 287
256 292
256 294
256 299
257 267
257 271
257 283
257 284
258 259
258 264
258 265
258 275
258 277
258 278
258 281
258 282
258 286
258 290
258 293
258 297
259 264
259 272
259 279
259 297
259 298
260 273
260 277
260 280
260 282
260 286
260 288
260 293
260 299
261 262
261 272
261 275
261 280
261 287
261 293
262 269
262 271
262 278
262 282
262 285
262 289
262 290
262 293
262 296
262 298
263 272
263 281
263 282
264 267
264 271
264 274
264 275
264 291
264 292
264 294
264 297
264 298
265 278
265 296
265 297
266 273
266 274
266 277
266 284
266 285
266 288
266 292
266 296
266 299
267 268
267 270
267 274
267 281
267 284
267 293
267 298
268 273
268 279
268 291
268 293
268 296
269 270
269 272
269 280
269 285
269 293
269 295
269 297
270 279
270 285
270 286
270 289
270 292
270 293
270 297
270 299
271 273
271 275
271 276
271 281
271 296
272 279
272 288
272 292
272 295
273 275
273 281
273 287
273 288
273 289
273 294
274 278
274 286
274 295
275 278
275 282
275 292
276 279
276 284
276 285
276 287
276 288
277 279
277 281
277 285
277 293
277 298
278 285
278 288
278 289
278 293
278 294
279 296
279 297
280 283
280 293
280 299
281 286
281 290
282 290
282 295
282 297
283 285
283 286
283 293
283 296
283 298
284 289
284 293
284 297
285 288
285 291
285 292
285 293
285 294
286 290
287 292
287 294
287 296
288 292
289 291
289 292
289 293
289 295
290 293
290 294
290 297
291 293
291 295
291 299
292 296
292 297
292 299
293 296
294 299
296 299
