500 3555
11 8
11 52
11 65
11 78
11 134
11 159
11 165
11 211
11 234
11 275
11 330
11 351
11 401
8 52
8 65
8 75
8 148
8 165
8 190
8 203
8 234
8 272
8 275
8 294
8 307
8 351
8 366
8 401
8 418
15 13
15 77
15 110
15 115
15 210
15 242
15 318
15 328
15 335
15 380
15 397
15 410
15 421
15 426
15 432
15 457
15 458
15 471
13 77
13 114
13 115
13 210
13 217
13 224
13 328
13 380
13 397
13 410
13 421
13 426
13 432
13 457
13 458
13 485
17 10
17 34
17 124
17 140
17 174
17 194
17 205
17 253
17 260
17 381
17 389
17 488
10 27
10 58
10 150
10 156
10 171
10 174
10 205
10 220
10 293
10 347
10 357
10 447
10 467
10 494
10 496
22 9
22 45
22 89
22 158
22 240
22 269
22 300
22 398
9 45
9 89
9 158
9 240
9 241
9 269
9 300
9 348
9 398
23 1
23 33
23 88
23 90
23 135
23 161
23 197
23 226
23 302
23 306
23 352
23 370
23 374
23 403
23 443
23 452
23 473
23 476
23 499
1 88
1 90
1 95
1 135
1 161
1 197
1 226
1 297
1 306
1 370
1 374
1 413
1 443
1 451
1 452
1 473
1 476
1 499
27 0
27 58
27 75
27 148
27 150
27 156
27 171
27 190
27 203
27 220
27 222
27 272
27 293
27 307
27 347
27 366
27 412
27 417
27 418
27 447
27 467
27 494
0 75
0 148
0 150
0 156
0 190
0 203
0 220
0 272
0 275
0 292
0 307
0 351
0 412
0 418
0 425
0 447
0 478
0 489
29 5
29 48
29 67
29 85
29 112
29 153
29 206
29 207
29 215
29 321
29 400
29 408
29 424
29 472
5 48
5 67
5 153
5 207
5 237
5 303
5 400
5 424
5 440
5 472
30 2
30 234
30 270
30 294
30 303
30 366
30 401
30 434
30 440
30 441
30 459
30 494
2 162
2 174
2 205
2 270
2 294
2 356
2 375
2 381
2 434
2 441
2 459
2 494
33 83
33 90
33 95
33 118
33 135
33 287
33 314
33 370
33 374
33 452
33 469
33 473
33 476
34 38
34 72
34 151
34 157
34 194
34 253
34 260
34 282
34 349
34 389
34 395
34 433
34 477
34 479
34 488
35 6
35 55
35 111
35 192
35 225
35 296
35 405
35 486
6 55
6 91
6 111
6 192
6 225
6 274
6 296
6 405
6 449
6 486
36 4
36 53
36 60
36 61
36 126
36 130
36 137
36 176
36 280
36 288
36 295
36 313
36 376
36 430
36 435
36 454
36 460
36 483
4 40
4 53
4 60
4 61
4 81
4 126
4 130
4 137
4 176
4 198
4 259
4 262
4 280
4 288
4 295
4 313
4 323
4 340
4 376
4 385
4 411
4 430
4 460
38 72
38 151
38 157
38 253
38 260
38 282
38 349
38 395
38 433
38 479
38 488
39 3
39 86
39 125
39 146
39 161
39 167
39 212
39 251
39 256
39 297
39 346
39 378
39 413
39 422
39 429
39 451
39 462
39 482
39 487
3 54
3 87
3 116
3 125
3 146
3 167
3 188
3 212
3 251
3 256
3 281
3 311
3 327
3 346
3 378
3 422
3 438
3 462
3 482
3 487
3 490
40 53
40 81
40 127
40 143
40 169
40 176
40 182
40 259
40 262
40 280
40 295
40 313
40 320
40 323
40 340
40 385
40 411
40 428
40 430
42 16
42 18
42 63
42 76
42 84
42 94
42 115
42 144
42 216
42 246
42 249
42 263
42 315
42 335
42 432
42 458
42 471
16 63
16 76
16 84
16 94
16 115
16 136
16 216
16 245
16 246
16 247
16 249
16 263
16 315
16 335
16 428
16 458
16 471
18 76
18 92
18 144
18 216
18 249
18 263
18 315
18 335
43 24
43 59
43 100
43 103
43 138
43 172
43 191
43 265
43 317
43 365
43 456
43 461
24 45
24 59
24 89
24 100
24 138
24 172
24 173
24 181
24 191
24 240
24 265
24 348
24 386
24 448
24 456
45 59
45 89
45 138
45 172
45 240
45 241
45 265
45 269
45 300
45 348
45 384
45 398
47 26
47 124
47 140
47 162
47 177
47 194
47 209
47 227
47 233
47 264
47 299
47 312
47 326
47 336
47 350
47 375
47 389
47 392
47 427
47 436
47 450
47 470
26 124
26 140
26 162
26 194
26 209
26 227
26 233
26 264
26 299
26 336
26 350
26 356
26 375
26 381
26 389
26 392
26 427
26 436
26 450
48 67
48 85
48 112
48 113
48 153
48 206
48 207
48 321
48 355
48 400
48 408
48 424
48 472
52 65
52 75
52 78
52 134
52 148
52 165
52 190
52 203
52 272
52 275
52 307
52 351
52 366
52 401
52 418
53 60
53 61
53 81
53 130
53 143
53 169
53 198
53 259
53 262
53 280
53 288
53 295
53 313
53 323
53 340
53 353
53 376
53 411
53 420
53 430
53 460
54 79
54 139
54 188
54 238
54 252
54 256
54 281
54 311
54 378
54 391
54 402
54 429
54 438
54 462
54 465
54 481
54 482
55 91
55 111
55 192
55 225
55 274
55 296
55 405
55 449
55 486
56 49
56 74
56 90
56 135
56 267
56 290
56 302
56 314
56 331
56 339
56 352
56 403
56 468
49 180
49 218
49 266
49 284
49 290
49 302
49 325
49 352
49 359
49 368
49 396
49 403
49 491
57 51
57 99
57 122
57 213
57 276
57 285
57 324
57 360
57 371
57 404
57 480
51 99
51 122
51 213
51 276
51 285
51 324
51 371
58 148
58 150
58 156
58 171
58 174
58 220
58 293
58 307
58 347
58 366
58 412
58 447
58 467
58 494
59 89
59 100
59 138
59 172
59 181
59 191
59 240
59 241
59 265
59 332
59 348
59 365
59 399
59 456
59 461
60 61
60 81
60 126
60 130
60 137
60 176
60 198
60 259
60 262
60 280
60 288
60 295
60 313
60 323
60 340
60 376
60 430
60 460
61 126
61 130
61 137
61 176
61 259
61 280
61 288
61 295
61 313
61 376
61 430
61 435
61 454
61 460
61 483
62 19
62 128
62 145
62 164
62 223
62 244
62 266
62 344
62 368
62 484
19 117
19 145
19 223
19 228
19 244
19 344
19 373
19 466
63 84
63 94
63 115
63 136
63 216
63 245
63 246
63 249
63 263
63 315
63 335
63 432
63 458
63 471
65 148
65 165
65 190
65 234
65 272
65 275
65 294
65 307
65 351
65 366
65 401
65 418
66 20
66 64
66 70
66 133
66 186
66 201
66 271
66 277
66 305
66 364
66 372
66 439
66 495
20 70
20 103
20 133
20 186
20 201
20 239
20 271
20 277
20 308
20 317
20 364
20 372
20 495
64 160
64 202
64 271
64 277
64 305
64 364
64 372
64 383
64 394
64 439
67 153
67 207
67 237
67 400
67 408
67 424
67 440
67 472
70 103
70 186
70 201
70 277
70 278
70 317
70 364
70 365
72 253
72 349
72 357
72 395
72 433
73 21
73 50
73 129
73 147
73 239
73 257
73 308
73 461
73 495
21 128
21 129
21 172
21 223
21 265
21 273
21 332
21 384
21 387
21 399
21 456
21 461
50 129
50 147
50 185
50 232
50 257
50 377
50 409
50 423
50 437
50 455
74 158
74 218
74 267
74 290
74 331
74 339
74 403
74 414
74 468
75 190
75 203
75 220
75 250
75 272
75 275
75 292
75 307
75 343
75 351
75 412
75 418
75 425
75 489
76 46
76 84
76 92
76 143
76 169
76 216
76 249
76 255
76 263
76 315
76 333
76 345
76 428
46 84
46 92
46 143
46 169
46 189
46 255
46 263
46 333
46 345
46 362
46 446
77 110
77 115
77 210
77 224
77 242
77 328
77 380
77 397
77 410
77 421
77 426
77 432
77 457
77 471
78 108
78 134
78 159
78 165
78 213
78 275
78 330
78 351
78 360
78 361
78 371
78 404
78 480
79 7
79 98
79 195
79 238
79 311
79 378
79 391
79 402
79 465
79 481
7 111
7 132
7 274
7 286
7 337
7 391
7 402
7 405
7 449
7 465
7 486
7 497
80 12
80 96
80 97
80 178
80 206
80 215
80 304
80 319
80 367
80 382
12 206
12 215
12 303
12 304
12 434
12 459
12 472
81 130
81 143
81 169
81 198
81 259
81 262
81 280
81 313
81 323
81 333
81 340
81 353
81 411
81 420
81 430
82 68
82 101
82 104
82 109
82 142
82 155
82 177
82 187
82 200
82 208
82 221
82 230
82 243
82 312
82 322
82 407
82 444
82 463
82 477
68 101
68 104
68 109
68 141
68 142
68 152
68 155
68 187
68 200
68 208
68 221
68 230
68 258
68 322
68 407
68 444
68 463
68 477
83 95
83 118
83 287
83 370
83 374
83 415
83 452
83 469
84 94
84 143
84 169
84 246
84 247
84 263
84 315
84 333
84 411
84 428
85 112
85 113
85 123
85 153
85 193
85 321
85 355
85 400
85 408
86 88
86 125
86 146
86 161
86 167
86 184
86 251
86 256
86 297
86 306
86 413
86 429
86 443
86 451
86 462
86 482
86 487
86 499
87 116
87 188
87 212
87 251
87 256
87 276
87 281
87 311
87 327
87 346
87 378
87 422
87 438
87 482
87 490
88 37
88 90
88 135
88 161
88 197
88 226
88 297
88 306
88 352
88 374
88 413
88 443
88 451
88 452
88 473
88 476
88 499
37 161
37 184
37 226
37 231
37 236
37 291
37 298
37 306
37 334
37 354
37 388
37 390
37 413
37 491
37 498
89 100
89 138
89 172
89 240
89 241
89 265
89 269
89 348
89 386
89 398
89 456
90 135
90 197
90 267
90 302
90 314
90 331
90 352
90 370
90 374
90 403
90 452
90 468
90 473
90 476
90 499
91 111
91 132
91 225
91 274
91 296
91 337
91 405
91 449
91 486
92 189
92 255
92 263
92 345
92 362
92 446
94 115
94 136
94 179
94 216
94 235
94 245
94 246
94 247
94 249
94 315
94 335
94 428
94 432
94 458
94 471
95 118
95 286
95 297
95 370
95 374
95 415
95 443
95 451
95 452
95 473
95 476
95 497
95 499
96 25
96 97
96 178
96 304
96 319
96 338
96 367
25 97
25 178
25 319
25 338
25 367
97 178
97 215
97 304
97 319
97 338
97 367
98 195
98 238
98 391
98 481
99 108
99 122
99 134
99 213
99 276
99 285
99 324
99 360
99 371
99 404
99 480
100 138
100 172
100 175
100 181
100 191
100 240
100 265
100 348
100 365
100 386
100 448
100 456
101 71
101 104
101 109
101 142
101 155
101 163
101 187
101 200
101 208
101 243
101 312
101 316
101 322
101 444
101 453
71 104
71 163
71 166
71 183
71 196
71 214
71 243
71 316
71 322
71 453
102 93
102 104
102 114
102 166
102 183
102 196
102 217
102 219
102 316
102 485
93 114
93 136
93 166
93 179
93 183
93 196
93 217
93 219
93 224
93 245
93 380
93 458
93 485
103 133
103 191
103 201
103 239
103 308
103 317
103 364
103 365
103 461
103 495
104 109
104 142
104 155
104 163
104 183
104 187
104 196
104 200
104 243
104 316
104 322
104 453
104 463
106 31
106 142
106 163
106 187
106 214
106 243
106 312
106 326
106 350
106 369
106 379
106 427
106 436
106 453
106 470
31 214
31 289
31 299
31 312
31 326
31 341
31 350
31 369
31 379
31 427
31 453
31 470
107 32
107 209
107 227
107 233
107 264
107 289
107 299
107 319
107 336
107 341
107 356
107 375
107 379
107 382
107 392
107 442
107 450
32 162
32 209
32 233
32 270
32 304
32 319
32 336
32 356
32 375
32 382
32 392
32 434
32 441
32 442
108 116
108 134
108 165
108 268
108 351
108 360
108 361
108 480
108 490
109 155
109 179
109 196
109 200
109 230
109 243
109 258
109 316
109 322
109 407
109 463
110 210
110 242
110 318
110 328
110 397
110 421
110 426
110 432
110 457
110 471
111 132
111 192
111 225
111 274
111 296
111 391
111 405
111 449
111 486
112 113
112 153
112 207
112 321
112 400
112 408
113 44
113 123
113 153
113 193
113 237
113 321
113 355
113 400
44 123
44 168
44 193
44 211
44 237
44 324
44 330
44 355
44 371
44 404
114 115
114 217
114 219
114 224
114 245
114 380
114 397
114 410
114 421
114 426
114 457
114 458
114 485
115 210
115 216
115 242
115 249
115 315
115 318
115 328
115 335
115 380
115 397
115 410
115 421
115 426
115 432
115 457
115 458
115 471
116 212
116 251
116 268
116 281
116 327
116 346
116 360
116 361
116 363
116 422
116 438
116 490
117 126
117 145
117 185
117 228
117 373
117 435
117 454
117 455
117 466
117 483
118 337
118 370
118 374
118 415
118 452
118 473
119 105
119 154
119 160
119 394
119 431
119 492
105 149
105 160
105 394
105 431
105 439
105 492
120 69
120 121
120 279
120 329
120 358
120 419
69 121
69 175
69 204
69 278
69 279
69 329
69 358
69 393
69 419
121 279
121 329
121 358
121 419
122 213
122 276
122 285
122 324
122 360
122 371
122 404
122 480
123 153
123 168
123 193
123 211
123 237
123 330
123 355
123 400
124 140
124 162
124 177
124 194
124 205
124 227
124 233
124 260
124 264
124 299
124 350
124 375
124 381
124 389
124 392
124 436
124 450
125 146
125 167
125 212
125 251
125 256
125 297
125 346
125 378
125 413
125 422
125 429
125 451
125 462
125 482
125 487
126 130
126 137
126 185
126 280
126 288
126 295
126 376
126 435
126 454
126 455
126 460
126 483
127 137
127 141
127 151
127 152
127 157
127 176
127 182
127 280
127 282
127 295
127 313
127 342
127 349
127 385
127 395
127 430
127 479
128 164
128 180
128 223
128 244
128 266
128 273
128 332
128 384
128 387
128 396
128 399
129 147
129 239
129 257
129 273
129 308
129 461
130 14
130 198
130 259
130 280
130 288
130 301
130 353
130 376
130 406
130 420
130 430
130 455
130 460
14 198
14 259
14 301
14 353
14 377
14 406
14 420
14 431
14 460
132 274
132 286
132 337
132 405
132 415
132 449
132 486
132 497
133 202
133 239
133 257
133 271
133 283
133 308
133 317
133 364
133 372
133 383
133 423
133 495
134 159
134 165
134 213
134 330
134 360
134 361
134 371
134 404
134 480
135 197
135 267
135 290
135 302
135 314
135 331
135 352
135 370
135 374
135 403
135 468
135 473
135 476
135 499
136 179
136 217
136 219
136 235
136 245
136 246
136 247
136 380
136 458
137 176
137 182
137 280
137 288
137 295
137 376
137 430
137 435
137 454
137 483
138 172
138 181
138 191
138 240
138 241
138 265
138 348
138 365
138 456
138 461
139 131
139 188
139 195
139 238
139 252
139 276
139 281
139 309
139 311
139 378
139 438
139 481
131 188
131 252
131 276
131 281
131 309
131 311
131 438
140 162
140 177
140 194
140 205
140 227
140 233
140 260
140 264
140 350
140 375
140 381
140 389
140 392
140 436
140 450
141 151
141 152
141 157
141 176
141 182
141 221
141 230
141 282
141 320
141 342
141 385
141 395
141 407
141 477
141 479
142 155
142 177
142 187
142 200
142 208
142 221
142 230
142 243
142 312
142 322
142 326
142 436
142 444
142 453
142 470
142 477
143 169
143 198
143 259
143 262
143 313
143 320
143 323
143 333
143 340
143 411
143 420
143 428
143 430
144 216
144 249
144 263
144 315
144 318
144 335
144 471
145 185
145 228
145 244
145 344
145 373
145 466
146 161
146 167
146 251
146 256
146 297
146 378
146 413
146 429
146 451
146 462
146 465
146 482
146 487
147 223
147 232
147 257
147 273
147 409
148 156
148 190
148 203
148 220
148 234
148 272
148 275
148 293
148 294
148 307
148 366
148 401
148 412
148 418
148 494
149 202
149 232
149 283
149 301
149 372
149 377
149 383
149 394
149 406
149 423
149 437
149 439
150 41
150 156
150 171
150 220
150 222
150 293
150 347
150 357
150 412
150 417
150 447
150 467
150 496
41 156
41 171
41 222
41 229
41 347
41 357
41 417
41 445
41 447
41 467
41 496
151 152
151 157
151 182
151 221
151 230
151 253
151 260
151 282
151 342
151 349
151 395
151 477
151 479
151 488
152 182
152 200
152 221
152 230
152 258
152 282
152 320
152 342
152 385
152 407
152 463
152 477
152 479
153 193
153 207
153 237
153 321
153 355
153 400
153 408
153 424
153 472
154 189
154 255
154 345
154 362
154 431
154 446
155 177
155 187
155 200
155 208
155 221
155 230
155 243
155 258
155 312
155 316
155 322
155 407
155 444
155 463
155 477
156 171
156 220
156 222
156 293
156 307
156 347
156 357
156 412
156 417
156 418
156 447
156 467
156 496
157 177
157 221
157 253
157 260
157 282
157 342
157 349
157 389
157 395
157 477
157 479
157 488
158 269
158 300
158 414
159 165
159 211
159 237
159 330
159 371
159 401
159 404
160 202
160 271
160 305
160 394
160 439
160 492
161 167
161 184
161 197
161 226
161 231
161 297
161 306
161 354
161 413
161 443
161 451
161 473
161 476
161 498
161 499
162 194
162 205
162 209
162 227
162 233
162 264
162 270
162 336
162 356
162 375
162 381
162 392
162 441
162 450
163 187
163 214
163 243
163 312
163 316
163 322
163 326
163 453
164 180
164 223
164 244
164 266
164 273
164 284
164 359
164 368
164 387
164 396
165 275
165 330
165 351
165 360
165 361
165 371
165 404
165 480
166 183
166 196
166 217
166 219
166 316
166 485
167 251
167 256
167 297
167 306
167 378
167 413
167 429
167 451
167 462
167 465
167 482
167 487
168 193
168 211
168 213
168 237
168 324
168 355
168 371
168 404
169 198
169 259
169 262
169 313
169 320
169 323
169 333
169 340
169 411
169 420
169 428
169 430
171 220
171 222
171 293
171 347
171 357
171 412
171 417
171 447
171 467
171 496
172 191
172 240
172 241
172 265
172 332
172 348
172 384
172 398
172 399
172 456
172 461
173 175
173 181
173 204
173 386
173 448
174 205
174 270
174 381
174 441
174 494
175 181
175 191
175 204
175 393
175 419
175 448
176 182
176 280
176 295
176 313
176 323
176 342
176 385
176 395
176 430
176 479
177 187
177 194
177 200
177 208
177 221
177 260
177 312
177 326
177 389
177 436
177 444
177 470
177 477
177 488
178 319
178 338
178 367
178 464
179 196
179 217
179 219
179 235
179 245
179 246
179 247
179 258
179 463
180 218
180 241
180 266
180 273
180 284
180 290
180 325
180 332
180 359
180 384
180 387
180 396
180 398
180 399
181 191
181 204
181 240
181 348
181 386
181 393
181 448
182 280
182 282
182 295
182 313
182 320
182 323
182 340
182 342
182 385
182 395
182 430
182 479
183 196
183 217
183 219
183 316
183 322
183 485
184 226
184 231
184 236
184 298
184 306
184 334
184 354
184 388
184 413
184 416
184 498
185 228
185 232
185 288
185 373
185 376
185 409
185 435
185 437
185 454
185 455
185 466
185 483
186 201
186 277
186 278
186 305
186 364
187 200
187 208
187 243
187 312
187 316
187 322
187 326
187 444
187 453
187 470
188 212
188 252
188 256
188 276
188 281
188 309
188 311
188 378
188 438
188 481
189 255
189 345
189 362
189 431
189 446
190 203
190 220
190 272
190 275
190 307
190 351
190 366
190 412
190 418
191 265
191 317
191 348
191 365
191 393
191 448
191 456
191 461
192 225
192 274
192 296
192 405
192 486
193 211
193 237
193 355
194 205
194 227
194 253
194 260
194 381
194 389
194 392
194 436
194 488
195 238
195 252
195 309
195 311
195 481
196 217
196 219
196 316
196 322
196 485
197 226
197 302
197 306
197 352
197 354
197 374
197 403
197 443
197 473
197 476
197 499
198 259
198 262
198 301
198 323
198 353
198 411
198 420
198 460
200 208
200 221
200 230
200 243
200 258
200 322
200 407
200 444
200 463
200 477
201 277
201 278
201 317
201 364
201 365
202 257
202 271
202 283
202 372
202 377
202 383
202 394
202 423
202 439
202 495
203 220
203 272
203 275
203 292
203 307
203 343
203 351
203 412
203 418
203 425
203 489
204 393
204 419
204 448
205 253
205 260
205 381
205 389
206 199
206 207
206 215
206 310
206 408
199 215
199 254
199 310
199 367
199 464
199 474
199 493
207 215
207 321
207 400
207 408
207 424
207 440
207 472
208 221
208 230
208 243
208 312
208 326
208 436
208 444
208 470
208 477
209 227
209 233
209 264
209 270
209 299
209 304
209 336
209 350
209 356
209 375
209 382
209 392
209 442
209 450
210 242
210 318
210 328
210 335
210 380
210 397
210 410
210 421
210 426
210 432
210 457
210 458
210 471
211 237
211 330
211 371
211 404
212 251
212 256
212 268
212 281
212 327
212 346
212 363
212 378
212 422
212 438
212 482
212 487
212 490
213 285
213 324
213 360
213 371
213 404
213 480
214 243
214 326
214 453
215 408
216 249
216 263
216 315
216 335
216 471
217 219
217 224
217 245
217 380
217 458
217 485
218 241
218 266
218 284
218 290
218 325
218 359
218 384
218 387
218 396
218 398
218 399
219 235
219 245
219 247
219 380
219 458
219 485
220 222
220 293
220 307
220 347
220 357
220 366
220 412
220 417
220 418
220 447
220 467
220 494
220 496
221 230
221 260
221 282
221 342
221 444
221 477
221 479
221 488
222 292
222 293
222 347
222 357
222 412
222 417
222 445
222 447
222 467
222 478
222 496
223 244
223 273
223 332
223 387
223 399
224 380
224 397
224 410
224 421
224 426
224 457
224 458
224 485
225 274
225 296
225 405
225 486
226 231
226 302
226 306
226 352
226 354
226 374
226 413
226 443
226 451
226 473
226 476
226 491
226 499
227 233
227 264
227 299
227 336
227 350
227 375
227 381
227 392
227 427
227 436
227 450
227 470
228 373
228 435
228 454
228 466
228 483
229 417
229 435
229 445
229 466
229 496
230 258
230 282
230 342
230 407
230 444
230 463
230 477
231 236
231 291
231 298
231 306
231 334
231 354
231 388
231 390
231 413
231 484
231 491
231 498
232 257
232 283
232 377
232 406
232 409
232 423
232 437
232 455
233 264
233 299
233 336
233 350
233 356
233 375
233 381
233 382
233 392
233 436
233 450
234 294
234 366
234 401
234 440
234 494
235 245
235 246
235 247
235 258
235 320
235 407
235 428
235 463
236 28
236 248
236 250
236 261
236 291
236 292
236 298
236 334
236 343
236 388
236 390
236 416
236 425
236 475
236 478
236 484
236 498
28 261
28 291
28 298
28 334
28 344
28 354
28 390
28 475
28 478
28 484
237 330
237 355
237 400
237 424
238 252
238 311
238 391
238 481
239 257
239 308
239 317
239 365
239 372
239 461
239 495
240 241
240 265
240 348
240 386
240 398
240 456
241 265
241 284
241 332
241 348
241 384
241 387
241 398
241 399
242 318
242 328
242 397
242 432
242 457
242 471
243 312
243 316
243 322
243 326
243 444
243 453
243 470
244 261
244 344
244 445
244 466
245 246
245 247
245 380
245 458
246 247
246 315
246 320
246 428
247 258
247 320
247 407
247 428
247 463
248 250
248 292
248 298
248 334
248 343
248 363
248 388
248 390
248 416
248 425
248 478
248 489
248 498
249 263
249 315
249 318
249 335
249 432
249 471
250 292
250 298
250 334
250 343
250 363
250 388
250 416
250 425
250 478
250 489
250 498
251 256
251 281
251 327
251 346
251 378
251 422
251 429
251 438
251 462
251 482
251 487
251 490
252 276
252 281
252 309
252 311
252 378
252 438
252 481
253 260
253 282
253 349
253 389
253 395
253 433
253 479
253 488
254 310
254 474
254 493
255 263
255 333
255 345
255 362
255 446
256 281
256 311
256 346
256 378
256 422
256 429
256 438
256 451
256 462
256 482
256 487
257 283
257 308
257 372
257 377
257 383
257 409
257 423
257 437
257 495
258 407
258 463
259 262
259 280
259 313
259 323
259 340
259 353
259 376
259 411
259 420
259 430
259 460
260 282
260 349
260 381
260 389
260 395
260 479
260 488
261 291
261 298
261 344
261 390
261 445
261 475
261 478
261 484
262 280
262 295
262 313
262 320
262 323
262 340
262 385
262 411
262 420
262 428
262 430
263 315
263 333
263 428
264 289
264 299
264 336
264 350
264 356
264 375
264 379
264 392
264 427
264 436
264 442
264 450
264 470
265 332
265 348
265 384
265 398
265 399
265 456
266 284
266 290
266 325
266 359
266 368
266 387
266 396
266 491
267 170
267 290
267 314
267 331
267 339
267 352
267 403
267 414
267 468
170 287
170 314
170 331
170 339
170 414
170 468
170 469
268 327
268 346
268 361
268 363
268 422
268 425
268 489
268 490
269 300
269 386
270 303
270 304
270 356
270 375
270 382
270 434
270 441
270 459
271 277
271 305
271 364
271 372
271 383
271 439
272 275
272 307
272 351
272 412
272 418
272 425
272 489
273 332
273 384
273 387
273 399
274 296
274 337
274 405
274 449
274 486
275 307
275 351
275 401
275 418
276 281
276 309
276 438
277 305
277 364
277 439
278 279
278 393
278 419
279 329
279 358
279 393
279 419
280 288
280 295
280 313
280 323
280 340
280 376
280 385
280 411
280 430
280 460
281 309
281 311
281 327
281 378
281 422
281 438
281 482
281 490
282 342
282 349
282 395
282 444
282 477
282 479
282 488
283 372
283 377
283 383
283 406
283 423
283 437
283 495
284 290
284 325
284 332
284 359
284 384
284 387
284 396
284 398
284 399
285 324
285 360
285 371
285 404
285 480
286 337
286 391
286 402
286 405
286 449
286 465
286 497
287 314
287 370
287 452
287 469
288 295
288 376
288 435
288 454
288 455
288 460
288 483
289 299
289 341
289 350
289 369
289 379
289 427
289 442
289 450
290 302
290 325
290 331
290 352
290 359
290 368
290 396
290 403
290 491
291 298
291 334
291 354
291 368
291 390
291 475
291 484
291 491
291 498
292 298
292 343
292 388
292 416
292 425
292 475
292 478
292 489
293 307
293 347
293 357
293 412
293 417
293 447
293 467
293 494
293 496
294 307
294 366
294 401
294 434
294 440
294 494
295 313
295 323
295 340
295 342
295 385
295 430
295 454
296 405
296 486
297 306
297 374
297 413
297 429
297 443
297 451
297 462
297 465
297 473
297 499
298 334
298 343
298 354
298 388
298 390
298 416
298 475
298 478
298 484
298 498
299 312
299 326
299 336
299 341
299 350
299 369
299 379
299 392
299 427
299 436
299 450
299 470
301 353
301 377
301 406
301 420
301 431
301 460
302 352
302 354
302 368
302 403
302 491
303 304
303 424
303 434
303 440
303 441
303 459
303 472
304 319
304 356
304 382
304 434
304 459
305 364
305 439
306 354
306 413
306 443
306 451
306 473
306 476
306 498
306 499
307 351
307 366
307 401
307 412
307 418
307 494
308 317
308 372
308 383
308 461
308 495
309 311
309 481
310 464
310 474
310 493
311 378
311 438
311 481
312 326
312 350
312 427
312 436
312 444
312 453
312 470
313 320
313 323
313 340
313 385
313 411
313 430
314 331
314 339
314 403
314 414
314 468
314 469
315 335
315 428
315 471
316 322
316 453
317 364
317 365
317 461
317 495
318 328
318 335
318 432
318 471
319 338
319 367
319 382
319 442
320 323
320 340
320 385
320 411
320 428
320 430
321 355
321 400
321 408
322 453
323 340
323 385
323 411
323 430
324 371
324 404
325 359
325 368
325 384
325 387
325 396
325 403
326 350
326 379
326 427
326 436
326 444
326 453
326 470
327 346
327 361
327 363
327 422
327 438
327 487
327 489
327 490
328 335
328 397
328 410
328 421
328 426
328 432
328 457
328 471
329 358
329 419
330 371
330 404
331 339
331 352
331 403
331 468
332 384
332 387
332 398
332 399
332 456
333 411
333 428
334 343
334 354
334 388
334 390
334 416
334 484
334 491
334 498
335 432
335 457
335 458
335 471
336 350
336 356
336 375
336 382
336 392
336 442
336 450
337 415
337 449
337 486
337 497
338 367
338 442
339 414
339 468
340 385
340 411
340 428
340 430
341 369
341 379
341 442
342 349
342 385
342 395
342 477
342 479
343 363
343 388
343 416
343 425
343 478
343 489
343 498
344 445
344 475
344 484
345 362
345 446
346 363
346 388
346 422
346 438
346 482
346 487
346 489
346 490
347 357
347 412
347 417
347 447
347 467
347 496
348 386
348 456
349 395
349 433
349 479
349 488
350 369
350 379
350 392
350 427
350 436
350 450
350 470
351 361
351 418
351 425
351 489
352 403
352 473
352 476
352 491
353 376
353 406
353 420
353 460
354 368
354 390
354 484
354 491
354 498
355 400
356 375
356 382
356 392
356 434
356 441
356 442
356 459
357 417
357 433
357 447
357 467
357 496
358 419
359 368
359 384
359 387
359 396
359 398
359 399
360 361
360 371
360 404
360 480
361 363
361 422
361 480
361 490
362 446
363 388
363 416
363 422
363 425
363 489
363 490
364 372
364 495
365 456
365 461
366 401
366 412
366 494
367 464
368 396
368 484
368 491
369 379
369 427
370 374
370 452
370 469
370 473
370 476
370 499
371 404
371 480
372 383
372 423
372 439
372 495
373 435
373 454
373 466
373 483
374 443
374 452
374 473
374 476
374 499
375 381
375 382
375 392
375 434
375 441
375 450
376 406
376 437
376 454
376 455
376 460
376 483
377 383
377 406
377 409
377 423
377 437
377 455
378 422
378 429
378 438
378 462
378 482
378 487
379 427
379 442
379 450
379 470
380 397
380 410
380 421
380 426
380 432
380 457
380 458
380 471
380 485
381 389
381 392
381 441
382 392
382 434
382 442
383 423
383 439
383 495
384 387
384 396
384 398
384 399
385 430
385 479
386 448
387 396
387 398
387 399
388 416
388 425
388 478
388 489
388 498
389 488
390 475
390 478
390 484
390 491
390 498
391 402
391 405
391 465
391 481
391 497
392 436
392 450
393 419
393 448
394 431
394 439
394 492
395 433
395 477
395 479
395 488
397 410
397 421
397 426
397 432
397 457
397 458
397 471
398 399
399 456
400 408
400 424
400 440
400 472
401 440
402 429
402 465
402 497
403 468
404 480
405 449
405 486
405 497
406 409
406 423
406 437
406 455
406 460
407 463
407 477
409 437
409 455
410 421
410 426
410 432
410 457
410 458
410 471
411 420
411 428
411 430
412 417
412 418
412 447
412 467
412 494
413 429
413 443
413 451
413 487
413 498
413 499
414 468
415 449
416 425
416 478
416 489
416 498
417 447
417 467
417 496
418 447
419 448
420 460
421 426
421 432
421 457
421 458
421 471
422 438
422 482
422 487
422 490
423 437
423 495
424 440
424 472
425 478
425 489
426 432
426 457
426 458
426 471
427 436
427 450
427 470
429 451
429 462
429 465
429 482
429 487
430 460
431 492
432 457
432 458
432 471
434 441
434 459
435 454
435 466
435 483
436 450
436 470
437 455
437 460
438 482
438 490
439 492
440 459
440 472
441 459
442 450
443 451
443 452
443 473
443 476
443 499
444 470
444 477
445 466
445 475
447 467
447 496
449 486
449 497
450 470
451 462
451 482
451 487
451 499
452 473
452 476
452 499
453 470
454 466
454 483
455 460
456 461
457 458
457 471
458 471
459 472
462 465
462 482
462 487
463 477
464 474
464 493
465 497
466 483
467 496
473 476
473 499
474 493
475 478
475 484
476 499
477 479
477 488
479 488
482 487
484 491
