556 1628
0 447
0 442
0 543
0 549
0 97
0 480
0 84
0 161
0 175
0 331
0 132
0 34
0 116
0 85
0 492
0 149
447 27
447 34
447 35
447 39
447 41
447 43
447 45
447 49
447 50
447 51
447 57
447 60
447 63
447 76
447 83
447 93
447 94
447 112
447 120
447 140
447 147
447 149
447 151
447 152
447 155
447 156
447 157
447 158
447 160
447 162
447 172
447 178
447 179
447 180
447 186
447 194
447 196
447 199
447 200
447 208
447 240
447 255
447 258
447 263
447 268
447 273
447 276
447 281
447 282
447 293
447 310
447 316
447 336
447 341
447 343
447 344
447 346
447 349
447 350
447 354
447 357
447 361
447 364
447 368
447 376
447 377
447 383
447 390
447 392
447 395
447 400
447 411
447 414
447 420
447 439
447 442
447 505
447 484
447 471
447 543
447 486
447 539
447 526
447 522
447 529
447 451
447 521
447 475
447 549
447 497
447 498
447 488
447 487
447 520
447 538
447 550
447 496
447 492
442 1
442 60
442 85
442 109
442 116
442 147
442 148
442 149
442 157
442 208
442 255
442 272
442 430
442 440
442 505
442 492
442 520
442 543
442 545
543 12
543 16
543 27
543 43
543 63
543 88
543 97
543 112
543 120
543 122
543 144
543 147
543 149
543 158
543 162
543 185
543 186
543 199
543 203
543 205
543 207
543 208
543 240
543 253
543 273
543 281
543 310
543 318
543 325
543 349
543 357
543 364
543 376
543 377
543 383
543 384
543 394
543 395
543 399
543 411
543 429
543 473
543 486
543 487
543 491
543 493
543 505
543 518
543 520
543 522
543 535
543 539
543 549
549 29
549 82
549 111
549 144
549 147
549 149
549 158
549 162
549 168
549 170
549 199
549 215
549 219
549 240
549 255
549 263
549 281
549 293
549 337
549 350
549 353
549 357
549 363
549 394
549 395
549 405
549 411
549 459
549 475
549 487
549 491
549 493
549 512
549 520
549 522
549 535
97 34
97 71
97 73
97 84
97 85
97 149
97 522
97 162
97 480
97 161
97 175
97 331
97 132
97 116
480 34
480 84
480 85
480 116
480 132
480 161
480 175
480 331
84 11
84 34
84 174
84 161
84 175
84 331
84 132
84 116
84 85
161 11
161 34
161 85
161 116
161 132
161 174
161 175
161 331
175 11
175 34
175 85
175 116
175 132
175 174
175 331
331 34
331 85
331 116
331 132
132 34
132 85
132 116
34 31
34 157
34 156
34 60
34 403
34 68
34 219
34 296
34 365
34 554
34 364
34 336
34 323
34 158
34 193
34 287
34 257
34 39
34 337
34 250
34 240
34 149
34 522
34 120
34 445
34 319
34 116
34 85
34 492
116 85
492 60
492 113
492 129
492 215
492 240
492 255
492 260
492 272
492 475
492 505
149 31
149 49
149 68
149 147
149 403
149 296
149 365
149 554
149 364
149 505
149 272
149 154
149 497
149 344
149 152
149 420
149 180
149 200
149 305
149 185
149 411
149 491
149 405
149 168
149 353
149 520
149 219
149 263
149 459
149 493
149 204
149 432
149 487
149 177
149 193
1 272
1 444
1 63
1 240
1 387
1 148
1 440
1 255
1 208
272 23
272 43
272 60
272 61
272 65
272 147
272 156
272 166
272 183
272 208
272 215
272 240
272 242
272 255
272 419
272 440
272 361
272 423
272 532
272 277
272 477
272 478
272 522
272 438
272 387
272 505
63 240
63 259
63 281
63 186
63 486
63 539
63 273
63 310
63 349
63 377
63 383
63 112
63 151
240 4
240 5
240 14
240 16
240 43
240 53
240 59
240 60
240 87
240 93
240 99
240 100
240 103
240 105
240 106
240 114
240 120
240 129
240 134
240 135
240 147
240 158
240 162
240 193
240 199
240 215
240 227
240 470
240 395
240 260
240 255
240 263
240 359
240 421
240 548
240 474
240 536
240 452
240 454
240 465
240 523
240 269
240 463
240 375
240 287
240 443
240 366
240 416
240 312
240 520
240 411
240 361
240 352
240 552
240 503
240 251
240 281
240 394
240 378
240 466
240 393
240 419
240 392
240 410
240 376
240 487
240 505
240 555
240 522
387 60
387 107
387 123
387 156
387 215
387 229
387 285
387 505
387 419
387 532
148 60
148 156
148 208
148 255
148 520
148 440
440 16
440 60
440 106
440 181
440 207
440 208
440 255
440 306
440 531
440 520
255 11
255 60
255 112
255 125
255 131
255 147
255 151
255 158
255 199
255 200
255 205
255 208
255 215
255 531
255 532
255 263
255 293
255 475
255 281
255 360
255 524
255 364
255 505
255 282
255 520
255 325
208 60
208 131
208 147
208 156
208 158
208 456
208 340
208 417
208 438
208 222
208 496
208 511
208 303
208 505
208 415
208 353
208 381
2 493
493 16
493 48
493 52
493 77
493 147
493 162
493 199
493 201
493 204
493 258
493 281
493 332
493 357
493 363
493 395
493 434
493 450
493 491
493 535
493 522
3 452
3 406
452 8
452 193
452 199
452 406
4 87
4 522
4 291
4 281
87 522
522 24
522 26
522 43
522 55
522 56
522 106
522 112
522 120
522 122
522 133
522 144
522 147
522 153
522 162
522 187
522 199
522 200
522 215
522 218
522 224
522 230
522 266
522 278
522 281
522 288
522 299
522 325
522 334
522 341
522 357
522 363
522 372
522 376
522 394
522 395
522 427
522 428
522 485
522 487
522 491
522 505
522 520
522 535
522 527
522 555
291 281
281 24
281 43
281 50
281 54
281 60
281 86
281 112
281 114
281 120
281 141
281 144
281 147
281 151
281 158
281 162
281 186
281 199
281 200
281 210
281 215
281 217
281 221
281 243
281 246
281 248
281 273
281 274
281 505
281 411
281 520
281 471
281 486
281 539
281 310
281 349
281 377
281 383
281 489
281 293
281 475
281 544
281 341
281 504
281 541
281 324
281 410
281 394
281 357
281 535
281 376
281 363
281 491
281 292
281 395
281 487
5 43
5 162
43 17
43 507
43 419
43 520
43 215
43 341
43 151
43 395
43 147
43 131
43 158
43 487
43 555
43 505
43 162
43 325
162 33
162 42
162 92
162 106
162 114
162 128
162 144
162 147
162 158
162 374
162 411
162 393
162 227
162 398
162 214
162 435
162 546
162 431
162 391
162 348
162 304
162 346
162 199
162 394
162 363
162 491
162 241
162 379
162 356
162 300
162 342
162 298
162 220
162 462
162 341
162 293
162 395
162 487
162 410
162 505
162 325
162 368
6 258
258 16
258 48
258 52
258 77
258 201
258 204
258 341
258 395
258 332
7 401
7 60
401 60
401 245
60 11
60 30
60 37
60 477
60 520
60 183
60 423
60 457
60 312
60 361
60 199
60 315
60 478
60 282
60 277
60 515
60 61
60 166
60 519
60 436
60 245
60 499
60 397
60 142
60 171
60 158
60 357
60 215
60 112
60 306
60 317
60 396
60 151
60 468
60 505
60 156
60 133
60 419
60 532
60 535
9 112
9 306
9 417
9 317
9 313
112 186
112 486
112 539
112 273
112 310
112 349
112 377
112 383
112 294
112 263
112 520
112 200
112 357
112 225
112 147
112 151
306 151
306 417
306 317
306 313
417 313
417 317
417 340
317 66
317 98
317 173
317 181
317 313
317 340
317 418
317 396
317 464
313 173
10 411
10 82
10 75
10 345
10 216
10 48
10 77
10 512
411 12
411 16
411 24
411 29
411 33
411 45
411 46
411 90
411 106
411 144
411 147
411 168
411 180
411 196
411 213
411 215
411 216
411 219
411 243
411 263
411 293
411 326
411 353
411 357
411 363
411 367
411 374
411 404
411 405
411 487
411 512
411 491
411 473
411 429
411 518
411 520
411 461
82 48
82 75
82 77
82 345
82 216
82 512
75 48
75 345
75 216
75 77
75 512
345 48
345 77
345 216
345 512
216 48
216 77
216 491
216 512
48 16
48 307
48 138
48 528
48 512
48 338
48 332
48 77
48 204
48 52
48 201
77 16
77 52
77 101
77 409
77 232
77 512
77 332
77 204
77 201
512 219
512 364
11 174
11 215
11 61
174 507
215 45
215 156
215 361
215 393
215 520
215 505
215 315
215 478
215 282
215 277
215 459
215 491
215 405
215 363
215 326
215 357
215 395
215 501
215 419
61 44
61 127
61 166
61 72
61 487
61 65
61 532
61 282
61 117
61 314
12 518
12 520
518 520
520 41
520 64
520 86
520 119
520 147
520 151
520 158
520 168
520 199
520 200
520 201
520 205
520 219
520 263
520 353
520 364
520 395
520 400
520 405
520 484
520 486
520 491
520 532
520 545
13 199
199 22
199 36
199 40
199 49
199 88
199 93
199 106
199 108
199 114
199 118
199 121
199 129
199 151
199 163
199 190
199 192
199 193
199 260
199 419
199 273
199 469
199 533
199 433
199 223
199 369
199 534
199 491
199 494
199 395
199 458
199 453
199 271
199 275
199 479
199 329
199 333
199 290
199 476
199 553
199 361
199 302
199 393
199 227
199 204
199 487
199 394
199 410
199 376
14 352
14 394
14 552
14 503
14 460
14 239
14 482
14 156
352 93
352 394
352 552
352 503
394 96
394 114
394 270
394 393
394 487
394 552
394 503
394 410
552 503
503 265
503 408
460 67
460 482
482 67
482 156
156 120
156 505
156 407
156 426
15 424
424 464
16 505
16 491
16 147
16 332
16 204
16 52
16 201
505 18
505 23
505 73
505 145
505 147
505 158
505 205
505 206
505 295
505 301
505 336
505 364
505 372
505 380
505 419
505 446
505 487
505 532
491 33
491 45
491 81
491 95
491 106
491 139
491 144
491 145
491 147
491 158
491 168
491 185
491 219
491 263
491 293
491 326
491 353
491 357
491 363
491 374
491 381
491 395
491 400
491 405
491 487
491 535
147 25
147 115
147 120
147 122
147 123
147 128
147 144
147 297
147 182
147 304
147 279
147 346
147 455
147 414
147 527
147 363
147 238
147 327
147 413
147 490
147 540
147 322
147 254
147 198
147 205
147 228
147 159
147 372
147 395
147 487
332 52
332 201
332 204
204 52
204 201
204 251
204 527
204 487
204 376
52 201
18 525
18 181
18 446
18 380
18 206
18 347
181 38
181 165
181 389
446 206
446 380
380 206
19 487
487 24
487 56
487 69
487 72
487 144
487 164
487 224
487 227
487 247
487 251
487 288
487 321
487 371
487 372
487 393
487 395
487 428
487 449
487 481
487 501
487 537
487 527
20 357
357 21
357 24
357 45
357 126
357 151
357 188
357 197
357 202
357 217
357 226
357 233
357 234
357 237
357 243
357 244
357 250
357 262
357 280
357 326
357 341
357 343
357 405
357 363
357 425
357 535
24 29
24 243
24 428
24 56
24 224
24 288
29 243
29 219
243 200
428 56
428 224
428 288
56 224
56 288
224 288
25 413
26 235
235 282
235 427
28 372
372 159
372 527
219 31
219 68
219 168
219 403
219 365
219 554
219 296
219 405
219 353
219 263
219 364
30 515
515 167
515 270
515 282
515 457
31 403
31 68
31 296
31 365
31 554
31 364
403 68
403 296
403 364
403 365
403 554
68 296
68 365
68 554
68 364
296 365
296 554
296 364
296 355
365 364
365 554
554 364
364 263
364 405
32 308
32 388
308 388
33 106
33 374
33 363
33 293
33 144
106 374
106 363
106 293
106 144
106 410
106 376
374 144
374 168
374 293
374 353
374 363
374 441
374 405
374 381
363 45
363 110
363 144
363 293
363 326
363 405
363 395
293 47
293 71
293 144
293 158
293 200
293 351
293 318
293 437
293 475
293 358
144 530
144 395
144 405
144 168
144 381
144 353
157 39
157 120
157 336
157 158
157 160
157 392
336 39
336 73
336 94
336 120
336 158
336 295
323 257
158 39
158 120
158 131
158 151
158 475
158 395
158 341
158 496
193 257
193 205
287 257
39 120
39 337
250 483
120 376
445 319
37 231
37 506
37 468
231 506
231 468
506 468
468 532
38 165
41 400
41 263
41 200
400 86
400 110
400 200
400 256
400 263
400 289
400 326
263 102
263 151
263 168
263 200
263 405
263 353
263 459
263 461
200 49
200 74
200 86
200 151
200 152
200 180
200 326
200 284
200 261
200 497
200 344
200 420
507 173
507 477
507 532
419 107
419 229
419 285
419 393
419 532
419 517
419 526
419 519
419 535
341 54
341 151
341 217
341 267
341 422
341 395
341 521
151 80
151 283
151 277
151 286
151 195
395 54
395 93
395 150
395 510
325 368
45 405
45 509
45 102
45 547
45 189
45 326
405 168
405 326
405 353
405 381
102 547
102 189
102 326
547 189
547 326
189 326
326 320
326 412
47 358
49 497
49 344
49 152
49 420
49 180
497 152
497 180
497 344
497 420
344 152
344 180
344 420
152 420
152 180
420 180
53 59
57 276
58 209
477 242
477 478
183 532
457 167
457 282
457 312
457 361
361 93
361 129
361 470
361 393
361 532
361 382
315 282
315 478
478 242
478 282
282 65
282 167
282 270
282 427
277 109
277 252
277 283
166 65
519 191
519 436
499 397
142 171
396 66
532 191
532 393
532 438
127 65
314 386
62 383
383 186
383 273
383 310
383 349
383 377
383 486
383 539
259 136
259 328
186 539
186 273
186 310
186 349
186 377
186 486
486 273
486 310
486 349
486 377
486 484
486 539
539 211
539 273
539 310
539 349
539 377
273 310
273 349
273 377
273 330
310 349
310 377
349 377
69 514
514 456
70 418
71 73
73 295
76 316
78 513
78 270
513 104
270 96
79 159
159 362
159 502
159 385
159 373
89 471
91 551
93 470
93 484
99 466
100 359
100 421
100 548
100 474
100 536
100 134
359 134
359 421
359 548
359 474
359 536
421 134
421 548
421 474
421 536
548 134
548 474
548 536
474 134
474 536
536 134
105 463
410 114
410 376
110 467
110 256
467 343
467 500
467 542
113 260
113 129
113 475
260 124
260 129
260 475
129 475
129 382
115 490
122 249
122 182
249 182
123 309
123 228
309 228
125 524
128 304
130 370
136 328
137 265
137 393
265 408
265 393
393 227
393 302
393 526
143 459
143 545
459 545
168 381
168 353
381 353
381 415
353 415
146 501
238 327
540 322
305 448
185 429
195 169
153 212
212 426
502 176
502 236
502 385
385 176
385 236
164 247
167 389
389 516
176 236
184 302
429 473
511 303
218 299
230 264
443 366
378 472
461 367
267 422
267 521
422 521
311 371
335 508
508 402
339 495
343 500
343 542
500 542
