450 5734
0 276
0 48
0 104
0 163
0 202
0 366
0 292
0 268
0 53
0 439
0 213
0 6
0 329
0 442
0 208
0 444
0 214
0 96
0 22
0 173
0 219
0 186
0 367
0 328
276 8
276 13
276 17
276 44
276 54
276 93
276 103
276 107
276 108
276 115
276 193
276 197
276 198
276 378
276 377
276 439
276 288
276 419
276 308
276 340
276 335
276 287
276 293
48 5
48 11
48 14
48 21
48 355
48 195
48 136
48 387
48 76
48 52
48 167
48 104
48 360
48 446
48 411
48 277
48 284
48 105
48 121
48 71
48 392
104 11
104 42
104 52
104 90
104 447
104 387
104 163
104 388
104 167
104 176
104 417
104 360
104 446
104 206
104 112
104 158
104 332
104 273
104 196
104 162
104 138
104 180
104 271
104 368
163 14
163 47
163 65
163 90
163 100
163 110
163 146
163 157
163 259
163 311
163 439
163 200
163 387
163 375
163 211
163 374
163 365
163 266
163 371
163 272
163 169
163 201
163 284
163 349
163 285
163 194
163 204
163 410
163 426
163 449
163 206
163 382
202 55
202 74
202 78
202 91
202 96
202 164
202 168
202 170
202 431
202 438
202 348
202 225
202 206
202 334
202 316
202 439
202 395
202 354
202 359
202 258
202 249
202 321
202 229
202 220
202 211
366 27
366 49
366 54
366 63
366 92
366 109
366 110
366 115
366 117
366 169
366 182
366 207
366 225
366 233
366 238
366 274
366 297
366 323
366 329
366 335
366 340
366 353
366 362
366 439
366 387
366 423
292 44
292 63
292 88
292 91
292 96
292 114
292 115
292 119
292 153
292 165
292 170
292 178
292 206
292 209
292 211
292 219
292 220
292 268
292 285
292 423
292 358
292 294
292 399
292 314
292 448
292 390
292 321
292 389
292 405
292 431
268 5
268 39
268 46
268 67
268 75
268 96
268 129
268 161
268 170
268 177
268 180
268 194
268 219
268 309
268 270
268 341
268 399
268 444
268 271
268 402
53 6
53 14
53 16
53 26
53 259
53 212
53 432
53 349
53 375
53 301
53 246
53 322
53 439
53 90
53 437
53 180
53 97
53 169
53 380
53 99
53 295
53 361
53 285
53 207
439 6
439 81
439 90
439 115
439 118
439 147
439 168
439 171
439 176
439 180
439 181
439 205
439 207
439 242
439 252
439 261
439 270
439 278
439 287
439 316
439 360
439 377
439 385
439 386
439 387
439 388
439 393
439 418
439 446
439 442
213 6
213 16
213 32
213 37
213 80
213 90
213 126
213 142
213 147
213 149
213 170
213 180
213 419
213 360
213 354
213 396
213 262
213 296
213 341
213 239
213 264
213 275
213 241
213 329
213 257
6 208
6 44
6 340
6 198
6 398
6 192
6 128
6 229
6 329
6 378
6 39
6 28
6 449
6 335
6 12
6 338
6 279
6 99
6 115
6 102
6 388
6 169
6 110
6 282
6 23
329 16
329 22
329 82
329 90
329 96
329 103
329 116
329 128
329 180
329 181
329 192
329 218
329 247
329 257
329 270
329 302
329 328
329 360
329 438
329 367
329 443
442 19
442 28
442 56
442 90
442 93
442 118
442 171
442 205
442 208
442 281
442 286
442 298
442 330
442 354
442 359
442 364
442 388
442 391
442 430
442 440
442 444
208 11
208 30
208 61
208 80
208 84
208 102
208 114
208 116
208 155
208 160
208 174
208 180
208 291
208 406
208 212
208 270
208 341
208 360
208 327
208 217
208 264
208 281
208 354
208 444
208 437
444 11
444 23
444 90
444 98
444 101
444 102
444 157
444 167
444 180
444 222
444 270
444 271
444 281
444 323
444 360
444 382
444 402
444 433
214 22
214 25
214 72
214 81
214 90
214 91
214 96
214 101
214 108
214 115
214 173
214 180
214 205
214 223
214 266
214 448
214 295
214 338
214 441
214 242
214 443
214 385
214 267
214 368
96 22
96 78
96 88
96 363
96 433
96 358
96 279
96 110
96 339
96 384
96 269
96 340
96 183
96 364
96 249
96 382
96 253
96 109
96 335
96 413
96 159
96 225
96 399
96 115
96 112
96 338
96 99
96 173
22 239
22 120
22 229
22 224
22 269
22 340
22 334
22 55
22 109
22 65
22 91
22 280
22 321
22 443
22 59
22 445
22 364
22 431
22 83
22 64
22 175
22 206
22 353
22 24
22 235
22 316
22 263
22 173
173 1
173 41
173 54
173 56
173 65
173 132
173 137
173 144
173 300
173 324
173 295
173 234
173 375
173 306
173 206
173 210
173 179
173 420
173 247
219 11
219 43
219 77
219 90
219 101
219 142
219 153
219 176
219 180
219 181
219 186
219 378
219 263
219 270
219 237
219 223
219 360
219 356
219 418
219 302
219 398
219 367
219 328
186 7
186 32
186 49
186 110
186 115
186 123
186 128
186 154
186 164
186 212
186 277
186 187
186 274
186 384
186 225
186 340
186 334
186 335
186 418
186 367
186 328
367 10
367 54
367 58
367 64
367 69
367 76
367 105
367 110
367 148
367 169
367 191
367 225
367 238
367 301
367 324
367 328
367 330
367 334
367 335
367 344
367 411
367 393
367 440
367 416
367 380
367 400
367 384
367 419
367 418
328 10
328 21
328 27
328 59
328 81
328 85
328 86
328 131
328 135
328 137
328 142
328 149
328 179
328 190
328 201
328 239
328 246
328 251
328 252
328 265
328 362
328 421
328 355
328 370
328 430
328 419
328 365
328 446
328 420
1 37
1 180
1 290
1 307
1 103
1 334
1 65
1 49
1 410
1 127
1 18
1 324
1 295
1 113
1 34
1 44
1 118
1 189
1 159
1 405
1 397
1 203
1 269
1 70
1 217
1 298
37 8
37 15
37 33
37 226
37 303
37 336
37 368
37 334
37 245
37 188
37 69
37 65
37 123
37 345
37 341
37 290
37 116
37 393
37 264
37 275
37 399
37 355
37 111
37 278
180 28
180 42
180 82
180 91
180 102
180 103
180 108
180 128
180 158
180 312
180 388
180 263
180 222
180 332
180 273
180 361
180 207
180 368
180 334
180 212
180 271
180 402
180 398
180 181
180 302
290 26
290 32
290 54
290 91
290 108
290 116
290 117
290 122
290 164
290 169
290 181
290 223
290 227
290 279
290 284
290 388
290 397
290 393
290 361
290 428
290 394
290 296
290 338
290 389
307 5
307 10
307 13
307 20
307 59
307 103
307 111
307 116
307 119
307 144
307 149
307 154
307 155
307 185
307 193
307 226
307 283
307 339
307 373
307 394
307 341
307 374
307 336
307 400
103 44
103 59
103 66
103 82
103 417
103 312
103 239
103 422
103 419
103 197
103 275
103 185
103 116
103 192
103 336
103 149
103 430
103 171
334 28
334 33
334 38
334 62
334 65
334 90
334 106
334 132
334 148
334 155
334 181
334 206
334 212
334 247
334 252
334 258
334 263
334 270
334 271
334 321
334 373
334 425
334 335
334 418
65 26
65 27
65 32
65 114
65 361
65 271
65 132
65 116
65 123
65 428
65 253
65 91
65 109
65 296
65 393
65 449
65 206
65 382
49 11
49 18
49 23
49 27
49 45
49 128
49 127
49 106
49 243
49 135
49 237
49 441
49 357
49 225
49 238
49 405
49 91
49 317
49 258
49 282
49 376
49 247
49 353
49 281
49 172
49 315
49 196
49 72
49 153
410 23
410 47
410 66
410 73
410 94
410 127
410 128
410 138
410 142
410 156
410 168
410 177
410 204
410 217
410 246
410 314
410 317
410 319
410 336
410 358
410 397
410 432
410 413
410 418
410 429
410 426
127 18
127 60
127 111
127 116
127 198
127 400
127 235
127 226
127 204
127 336
127 288
127 234
127 285
127 378
18 12
18 17
18 310
18 319
18 230
18 71
18 275
18 166
18 409
18 215
18 352
18 139
18 415
18 229
18 130
18 414
18 370
18 331
18 242
18 159
18 135
18 176
18 184
18 305
18 401
18 237
324 7
324 17
324 25
324 43
324 47
324 58
324 76
324 81
324 91
324 98
324 115
324 137
324 152
324 166
324 192
324 205
324 261
324 283
324 288
324 295
324 398
324 356
324 433
324 446
324 385
295 8
295 32
295 47
295 91
295 99
295 122
295 132
295 137
295 181
295 207
295 209
295 212
295 223
295 263
295 271
295 288
295 302
295 403
295 448
295 353
295 377
295 433
295 361
295 434
295 298
113 4
113 9
113 15
113 34
113 35
113 56
113 57
113 61
113 62
113 100
113 105
113 189
113 282
113 394
113 401
113 190
113 316
113 375
113 126
113 369
113 300
113 246
113 304
113 124
113 195
113 119
113 130
113 291
113 299
113 305
113 221
113 400
113 116
113 397
113 414
113 172
34 5
34 30
34 108
34 333
34 402
34 177
34 161
34 287
34 156
34 436
34 267
34 171
34 397
34 241
34 412
34 448
34 275
34 166
34 95
34 81
34 432
34 413
34 185
34 426
34 137
34 418
44 250
44 313
44 261
44 371
44 88
44 351
44 423
44 216
44 357
44 83
44 70
44 397
44 352
44 198
44 340
44 302
44 308
44 160
44 430
44 171
44 82
118 9
118 20
118 61
118 66
118 75
118 89
118 99
118 102
118 105
118 111
118 115
118 212
118 401
118 346
118 437
118 285
118 279
118 425
118 286
118 341
118 189
118 369
118 390
118 256
118 217
118 205
118 171
118 309
118 255
118 327
189 3
189 35
189 46
189 100
189 125
189 280
189 305
189 395
189 321
189 343
189 332
189 217
189 338
189 215
189 416
189 277
189 408
159 45
159 78
159 82
159 87
159 92
159 135
159 418
159 188
159 171
159 193
159 303
159 315
159 261
159 413
159 225
159 191
159 176
159 237
159 405
159 397
159 203
405 13
405 27
405 32
405 91
405 123
405 164
405 181
405 193
405 203
405 207
405 217
405 258
405 271
405 274
405 312
405 317
405 353
405 361
405 389
405 397
397 4
397 23
397 70
397 111
397 116
397 119
397 203
397 204
397 226
397 293
397 310
397 341
397 345
397 383
397 384
397 424
397 400
203 19
203 51
203 56
203 57
203 66
203 109
203 115
203 160
203 172
203 199
203 287
203 350
203 291
203 289
203 286
203 392
203 435
203 379
203 250
203 404
203 420
203 401
203 434
203 341
203 282
269 28
269 33
269 47
269 66
269 70
269 86
269 107
269 138
269 160
269 161
269 171
269 176
269 212
269 217
269 253
269 262
269 387
269 327
269 340
269 363
269 301
269 277
269 441
269 368
269 436
269 430
269 298
70 33
70 39
70 47
70 379
70 308
70 412
70 423
70 372
70 361
70 207
70 233
70 271
70 222
70 93
70 154
70 91
70 253
70 217
70 298
217 3
217 9
217 15
217 28
217 93
217 99
217 111
217 115
217 116
217 125
217 160
217 174
217 175
217 183
217 355
217 279
217 264
217 299
217 226
217 341
217 388
217 254
217 300
217 336
217 298
298 4
298 45
298 61
298 94
298 102
298 121
298 181
298 184
298 209
298 212
298 215
298 220
298 225
298 231
298 274
298 286
298 364
298 346
298 425
298 305
298 401
298 327
298 437
2 105
2 204
2 265
2 36
2 79
2 100
2 45
2 371
2 158
2 210
2 261
2 275
2 119
2 130
2 256
2 68
2 29
2 325
2 338
2 330
2 344
2 220
2 31
2 299
2 215
2 248
2 424
2 435
2 146
2 428
105 7
105 9
105 14
105 31
105 92
105 349
105 211
105 343
105 187
105 228
105 443
105 239
105 448
105 391
105 121
105 124
105 301
105 313
204 23
204 47
204 50
204 73
204 86
204 133
204 138
204 140
204 151
204 157
204 177
204 363
204 320
204 431
204 230
204 248
204 336
204 358
204 426
265 27
265 28
265 36
265 38
265 59
265 64
265 92
265 101
265 126
265 168
265 191
265 216
265 399
265 306
265 284
265 281
265 396
265 352
265 428
265 417
265 371
265 289
265 437
36 35
36 338
36 157
36 375
36 150
36 428
36 299
36 427
36 183
36 184
36 119
36 40
36 362
36 353
36 409
36 337
36 158
36 129
36 260
36 67
36 358
79 10
79 68
79 190
79 370
79 421
79 372
79 393
79 278
79 406
79 100
79 146
79 168
79 280
79 141
79 136
79 117
100 56
100 77
100 419
100 326
100 236
100 158
100 122
100 223
100 304
100 146
100 338
100 194
100 416
100 187
100 153
45 7
45 11
45 23
45 38
45 164
45 267
45 138
45 403
45 371
45 158
45 384
45 191
45 133
45 282
45 274
45 372
45 303
45 77
45 281
45 172
45 389
45 101
45 87
45 78
371 40
371 54
371 59
371 78
371 92
371 155
371 158
371 160
371 168
371 169
371 182
371 243
371 248
371 272
371 333
371 339
371 384
371 380
158 14
158 35
158 112
158 117
158 141
158 342
158 374
158 316
158 227
158 321
158 194
158 206
158 337
158 409
158 395
210 8
210 13
210 29
210 56
210 68
210 72
210 82
210 108
210 144
210 146
210 177
210 178
210 364
210 326
210 362
210 277
210 369
210 352
210 261
210 254
210 416
210 423
210 236
210 347
210 223
261 68
261 83
261 90
261 92
261 94
261 95
261 205
261 247
261 272
261 430
261 303
261 315
261 429
261 320
261 263
261 424
261 283
261 314
261 435
261 362
261 443
275 3
275 12
275 17
275 63
275 76
275 107
275 108
275 149
275 166
275 182
275 197
275 256
275 259
275 264
275 267
275 272
275 273
275 436
275 346
275 374
275 338
275 448
275 377
275 278
275 277
275 318
119 40
119 42
119 57
119 63
119 68
119 116
119 220
119 288
119 376
119 402
119 293
119 310
119 206
119 403
119 386
119 197
119 381
119 178
119 396
119 400
119 283
119 362
119 353
119 130
119 291
130 4
130 12
130 21
130 42
130 57
130 68
130 111
130 234
130 183
130 232
130 344
130 403
130 229
130 201
130 317
130 348
130 291
130 381
130 188
256 29
256 50
256 63
256 68
256 89
256 92
256 160
256 165
256 182
256 253
256 385
256 264
256 272
256 273
256 374
256 362
256 418
256 338
256 348
256 434
256 393
256 259
256 369
256 390
68 4
68 10
68 29
68 35
68 59
68 390
68 86
68 112
68 389
68 376
68 311
68 209
68 120
68 251
68 216
68 337
68 299
68 215
68 355
68 201
68 227
68 244
68 170
68 141
68 94
68 320
68 81
68 414
68 421
68 342
68 136
68 117
29 7
29 71
29 246
29 57
29 390
29 76
29 288
29 120
29 281
29 172
29 293
29 151
29 247
29 62
29 30
29 122
29 403
29 300
29 41
29 67
29 177
29 178
29 416
29 72
29 423
29 236
29 347
29 223
325 43
325 56
325 107
325 128
325 134
325 139
325 146
325 236
325 249
325 257
325 272
325 313
325 416
325 326
325 363
325 359
325 347
325 338
338 99
338 110
338 112
338 115
338 117
338 120
338 146
338 227
338 279
338 304
338 311
338 337
338 370
338 369
338 416
330 8
330 31
330 64
330 69
330 87
330 121
330 179
330 198
330 211
330 248
330 267
330 294
330 301
330 342
330 428
330 404
330 391
330 357
344 13
344 17
344 21
344 28
344 31
344 40
344 97
344 106
344 123
344 126
344 152
344 162
344 220
344 233
344 238
344 248
344 301
344 306
344 310
344 317
344 318
344 337
344 376
344 348
344 400
344 391
344 437
220 4
220 9
220 12
220 17
220 31
220 92
220 97
220 107
220 114
220 121
220 123
220 168
220 178
220 183
220 211
220 413
220 339
220 301
220 277
220 437
220 258
220 391
220 248
220 229
31 182
31 418
31 272
31 343
31 279
31 428
31 362
31 238
31 319
31 248
31 399
31 445
31 92
31 258
299 35
299 42
299 46
299 62
299 63
299 98
299 117
299 125
299 146
299 178
299 215
299 216
299 221
299 226
299 236
299 248
299 282
299 283
299 288
299 293
299 352
299 401
299 326
299 407
299 395
299 427
299 337
299 305
299 422
299 306
299 432
299 323
215 12
215 56
215 74
215 82
215 121
215 123
215 146
215 147
215 172
215 184
215 301
215 288
215 326
215 352
215 353
215 391
215 409
215 337
215 414
215 283
215 248
215 416
215 277
215 408
215 236
215 282
215 293
248 24
248 86
248 91
248 112
248 114
248 117
248 135
248 140
248 146
248 196
248 225
248 227
248 235
248 384
248 294
248 376
248 337
248 310
248 342
424 33
424 38
424 66
424 75
424 87
424 146
424 148
424 165
424 247
424 252
424 258
424 263
424 341
424 345
424 373
424 421
424 435
424 428
435 56
435 82
435 88
435 89
435 146
435 172
435 188
435 198
435 199
435 236
435 267
435 287
435 309
435 314
435 326
435 351
435 362
435 378
435 392
435 416
435 428
435 443
435 441
146 134
146 182
146 243
146 362
146 418
146 272
146 194
146 428
428 19
428 86
428 91
428 109
428 117
428 196
428 199
428 227
428 245
428 289
428 315
428 326
428 337
428 342
428 355
428 361
428 376
428 379
428 421
3 99
3 447
3 446
3 221
3 369
3 9
3 285
3 116
3 35
3 255
3 156
3 222
3 279
3 380
3 101
3 140
3 331
3 332
3 259
3 166
3 107
99 25
99 81
99 87
99 167
99 166
99 176
99 228
99 446
99 332
99 343
99 112
99 115
99 102
99 388
99 385
99 436
99 168
99 361
99 207
99 205
99 162
99 138
447 35
447 40
447 85
447 93
447 101
447 155
447 164
447 183
447 184
447 211
447 216
447 270
447 273
447 289
447 294
447 326
447 363
447 364
447 369
447 380
447 390
446 25
446 62
446 98
446 135
446 140
446 149
446 152
446 154
446 242
446 250
446 288
446 332
446 360
446 365
446 379
446 384
446 422
221 9
221 62
221 80
221 89
221 124
221 152
221 188
221 190
221 195
221 415
221 332
221 404
221 420
221 310
221 242
221 368
221 305
221 278
369 30
369 57
369 66
369 71
369 73
369 107
369 120
369 147
369 246
369 300
369 337
369 343
369 416
369 437
369 390
369 431
369 382
9 401
9 343
9 311
9 277
9 392
9 228
9 391
9 116
9 375
9 126
9 195
9 62
9 341
9 285
9 296
9 32
9 15
9 291
9 302
9 128
285 14
285 17
285 26
285 32
285 63
285 116
285 124
285 157
285 206
285 207
285 234
285 239
285 393
285 288
285 321
285 382
285 296
285 386
285 378
285 349
285 297
285 423
116 4
116 60
116 88
116 282
116 124
116 339
116 123
116 144
116 393
116 288
116 192
116 404
116 283
116 174
116 175
116 388
116 234
116 378
116 400
35 74
35 126
35 396
35 252
35 242
35 332
35 152
35 427
35 241
35 77
35 38
35 183
35 184
35 409
35 337
35 216
35 422
35 283
35 421
35 342
35 414
35 61
35 172
35 306
35 432
35 323
255 13
255 28
255 43
255 61
255 62
255 67
255 84
255 88
255 89
255 93
255 98
255 138
255 147
255 151
255 157
255 167
255 199
255 241
255 378
255 347
255 332
255 314
255 422
255 331
255 393
255 309
255 327
156 42
156 75
156 89
156 132
156 149
156 300
156 368
156 319
156 259
156 190
156 185
156 415
156 402
156 178
156 389
156 312
156 438
156 222
156 279
222 4
222 20
222 46
222 75
222 85
222 89
222 93
222 109
222 161
222 169
222 183
222 194
222 363
222 245
222 289
222 240
222 279
222 271
222 381
222 273
279 7
279 12
279 20
279 21
279 43
279 101
279 110
279 111
279 191
279 200
279 227
279 228
279 232
279 272
279 392
279 361
279 382
279 343
279 380
279 403
380 7
380 11
380 43
380 54
380 97
380 101
380 164
380 168
380 169
380 172
380 191
380 262
380 267
380 281
380 394
380 389
380 437
380 403
101 40
101 54
101 78
101 87
101 98
101 339
101 284
101 358
101 357
101 353
101 270
101 183
101 177
101 448
101 124
101 164
101 385
101 109
101 155
101 267
101 368
101 389
140 52
140 61
140 67
140 73
140 86
140 89
140 94
140 133
140 418
140 198
140 308
140 176
140 327
140 388
140 314
140 241
140 142
140 319
140 266
140 358
140 331
140 332
140 151
140 157
140 356
140 232
140 429
140 252
140 148
331 13
331 30
331 62
331 88
331 139
331 145
331 152
331 193
331 229
331 242
331 260
331 363
331 339
331 378
331 399
331 332
331 414
331 370
331 359
331 422
331 373
332 25
332 90
332 93
332 106
332 183
332 250
332 273
332 274
332 441
332 363
332 379
259 5
259 12
259 71
259 88
259 95
259 107
259 166
259 168
259 177
259 185
259 212
259 236
259 257
259 426
259 278
259 365
259 346
259 393
259 390
259 388
259 441
166 17
166 50
166 107
166 108
166 144
166 154
166 160
166 165
166 197
166 287
166 385
166 199
166 429
166 448
166 377
166 278
166 379
166 262
166 283
166 390
166 264
107 4
107 40
107 51
107 55
107 93
107 386
107 390
107 379
107 359
107 391
107 183
107 184
107 429
107 230
107 161
107 363
4 112
4 73
4 267
4 286
4 413
4 310
4 408
4 40
4 437
4 271
4 183
4 381
4 42
4 188
4 400
112 24
112 60
112 84
112 93
112 431
112 363
112 273
112 436
112 384
112 225
112 183
112 364
112 165
112 179
112 206
112 235
112 139
112 390
112 321
73 47
73 50
73 364
73 211
73 267
73 310
73 141
73 272
73 230
73 341
73 184
73 305
73 85
73 196
73 162
73 320
73 436
73 94
73 336
73 120
73 431
73 382
73 151
73 157
267 8
267 40
267 54
267 98
267 109
267 150
267 154
267 155
267 160
267 188
267 205
267 211
267 216
267 229
267 326
267 278
267 433
267 385
267 294
267 436
267 368
267 314
267 441
286 28
286 33
286 57
286 82
286 85
286 90
286 109
286 147
286 174
286 184
286 200
286 237
286 417
286 389
286 315
286 310
286 394
286 425
286 327
413 60
413 69
413 76
413 81
413 86
413 95
413 97
413 184
413 207
413 225
413 230
413 240
413 251
413 274
413 301
413 310
413 317
413 364
413 429
413 432
310 16
310 106
310 131
310 142
310 152
310 178
310 196
310 229
310 238
310 242
310 243
310 293
310 417
310 322
310 376
310 337
310 342
408 5
408 30
408 52
408 80
408 94
408 131
408 167
408 184
408 225
408 241
408 244
408 251
408 274
408 277
408 315
408 361
408 364
408 374
408 387
408 390
408 400
408 416
40 28
40 234
40 339
40 357
40 432
40 191
40 252
40 148
40 342
40 133
40 182
40 243
40 216
40 183
40 178
40 396
40 362
40 353
40 229
40 347
40 43
40 126
40 437
40 306
40 162
40 318
437 11
437 16
437 28
437 54
437 90
437 114
437 126
437 134
437 143
437 145
437 155
437 169
437 179
437 184
437 236
437 240
437 241
437 274
437 289
437 351
437 388
271 13
271 42
271 93
271 132
271 183
271 194
271 353
271 273
271 312
271 368
271 402
183 46
183 66
183 106
183 337
183 321
183 436
183 270
183 390
183 274
183 240
183 364
183 300
183 391
183 184
381 8
381 20
381 42
381 64
381 78
381 109
381 132
381 168
381 169
381 188
381 224
381 245
381 263
381 273
381 278
381 284
381 312
381 353
381 355
381 358
381 359
381 368
381 402
42 8
42 20
42 41
42 386
42 161
42 274
42 190
42 278
42 359
42 368
42 354
42 350
42 188
42 125
42 46
42 98
42 224
42 245
188 46
188 69
188 150
188 152
188 161
188 184
188 249
188 274
188 315
188 306
188 445
188 391
188 377
188 396
188 294
188 216
188 354
188 350
188 314
188 441
400 13
400 78
400 114
400 122
400 133
400 178
400 197
400 206
400 212
400 229
400 238
400 283
400 288
400 296
400 339
400 386
400 388
5 431
5 149
5 43
5 323
5 264
5 341
5 283
5 71
5 392
5 39
5 161
5 374
5 251
5 387
431 10
431 78
431 83
431 115
431 120
431 209
431 230
431 235
431 340
431 345
431 364
431 382
431 438
149 27
149 32
149 66
149 77
149 95
149 142
149 351
149 412
149 422
149 302
149 185
149 246
149 232
149 241
149 197
149 312
149 438
149 251
149 365
149 336
149 236
149 218
43 7
43 12
43 16
43 25
43 39
43 350
43 345
43 122
43 66
43 416
43 71
43 309
43 399
43 85
43 236
43 361
43 117
43 356
43 232
43 355
43 291
43 90
43 237
43 129
43 260
43 229
43 126
43 191
43 385
43 76
43 109
43 425
43 347
323 19
323 55
323 90
323 92
323 97
323 136
323 139
323 141
323 145
323 207
323 264
323 306
323 317
323 365
323 354
323 411
323 335
323 421
323 341
323 350
323 432
264 17
264 76
264 95
264 98
264 108
264 160
264 185
264 250
264 433
264 438
264 346
264 365
264 356
264 436
264 272
264 341
341 39
341 94
341 115
341 120
341 192
341 230
341 282
341 283
341 372
341 429
341 393
341 345
341 434
283 10
283 20
283 54
283 56
283 82
283 120
283 144
283 190
283 195
283 197
283 205
283 216
283 234
283 391
283 385
283 390
283 386
283 312
283 414
283 422
71 32
71 33
71 39
71 212
71 374
71 138
71 393
71 303
71 122
71 319
71 230
71 318
71 392
71 120
71 89
71 345
71 302
71 398
392 120
392 138
392 170
392 199
392 228
392 291
392 318
392 350
392 383
392 384
392 411
392 406
39 12
39 365
39 185
39 340
39 430
39 351
39 361
39 117
39 378
39 76
39 187
39 153
39 161
161 17
161 120
161 132
161 340
161 377
161 312
161 235
161 429
161 230
161 363
374 176
374 185
374 251
374 266
374 273
374 336
374 365
374 387
251 27
251 84
251 94
251 117
251 120
251 153
251 198
251 207
251 228
251 230
251 340
251 314
251 345
251 387
251 297
387 26
387 30
387 94
387 115
387 120
387 136
387 138
387 141
387 228
387 253
387 318
387 343
387 361
387 364
387 395
340 27
340 32
340 33
340 123
340 154
340 198
340 308
340 379
340 372
198 12
198 17
198 51
198 60
198 134
198 242
198 237
198 224
198 345
198 314
198 351
198 352
198 430
198 404
198 391
398 11
398 21
398 24
398 54
398 66
398 75
398 77
398 89
398 144
398 145
398 181
398 192
398 195
398 234
398 241
398 244
398 246
398 302
398 311
398 314
398 345
398 346
398 350
398 360
398 385
398 390
398 414
398 412
398 406
398 417
192 11
192 38
192 121
192 128
192 308
192 346
192 319
192 230
192 234
192 231
192 229
192 218
192 239
192 375
192 385
128 15
128 56
128 77
128 80
128 81
128 409
128 305
128 296
128 187
128 319
128 320
128 195
128 131
128 412
128 231
128 229
128 139
128 291
128 129
128 401
128 417
128 181
128 302
229 12
229 13
229 16
229 27
229 111
229 122
229 126
229 133
229 168
229 182
229 211
229 216
229 247
229 353
229 238
229 242
229 231
229 243
229 347
229 296
378 12
378 17
378 234
378 237
378 242
378 309
378 336
378 352
378 416
378 399
28 11
28 89
28 415
28 359
28 385
28 346
28 102
28 430
28 171
28 236
28 250
28 176
28 179
28 335
28 425
28 66
28 199
28 61
28 404
28 240
28 181
28 212
28 449
28 245
28 291
28 327
28 289
28 126
449 11
449 16
449 52
449 72
449 131
449 138
449 143
449 153
449 155
449 157
449 196
449 206
449 212
449 245
449 253
449 291
449 322
449 327
449 335
449 343
449 363
449 368
449 376
449 382
449 416
449 425
449 432
335 7
335 17
335 33
335 88
335 108
335 109
335 114
335 117
335 148
335 207
335 211
335 224
335 277
335 287
335 293
335 301
335 382
335 418
335 339
335 403
12 288
12 223
12 50
12 236
12 364
12 55
12 231
12 409
12 121
12 199
12 165
12 160
12 346
12 133
12 110
115 102
115 228
115 297
115 287
115 322
115 233
115 209
115 388
115 434
115 282
102 50
102 80
102 84
102 94
102 121
102 231
102 390
102 385
102 354
102 346
102 388
388 14
388 121
388 151
388 169
388 174
388 175
388 176
388 185
388 194
388 212
388 231
388 296
388 327
388 349
388 370
388 375
169 7
169 11
169 16
169 20
169 23
169 62
169 67
169 88
169 97
169 106
169 110
169 168
169 278
169 393
169 272
169 257
169 200
169 376
169 191
169 403
169 273
169 282
169 182
169 423
110 23
110 54
110 92
110 389
110 164
110 278
110 301
110 284
110 211
110 282
110 182
110 423
110 233
282 11
282 23
282 121
282 129
282 231
282 236
282 270
282 389
282 390
282 346
282 440
282 383
282 284
282 293
282 434
23 11
23 294
23 57
23 287
23 24
23 415
23 226
23 111
23 384
23 270
23 167
23 281
23 172
7 223
7 225
7 209
7 416
7 399
7 384
7 133
7 191
7 385
7 76
7 124
7 313
7 339
7 301
7 403
223 66
223 117
223 121
223 122
223 124
223 176
223 181
223 342
223 241
223 304
223 360
223 237
223 434
223 389
223 236
223 347
225 13
225 63
225 133
225 142
225 164
225 212
225 293
225 389
225 348
225 382
225 253
225 238
225 277
225 384
225 353
225 274
225 297
209 25
209 57
209 63
209 181
209 205
209 385
209 230
209 347
209 288
209 403
209 342
209 311
209 227
209 401
209 293
209 212
416 72
416 143
416 153
416 187
416 194
416 238
416 277
416 309
416 399
416 419
416 440
416 432
416 423
399 38
399 72
399 85
399 92
399 111
399 153
399 175
399 182
399 187
399 242
399 247
399 258
399 263
399 278
399 301
399 347
399 355
399 376
399 412
399 445
384 47
384 52
384 86
384 111
384 133
384 135
384 138
384 191
384 226
384 253
384 347
384 356
384 358
384 363
384 430
133 94
133 114
133 121
133 122
133 294
133 150
133 230
133 347
133 306
133 342
133 160
133 346
133 191
133 296
133 356
133 232
191 64
191 78
191 97
191 148
191 155
191 160
191 164
191 270
191 274
191 432
191 277
191 318
191 252
191 403
385 76
385 87
385 97
385 168
385 187
385 228
385 262
385 272
385 281
385 343
385 346
385 368
385 434
385 436
76 38
76 50
76 165
76 160
76 390
76 418
76 364
76 153
76 97
76 274
76 277
76 318
76 434
76 187
124 15
124 17
124 108
124 122
124 352
124 342
124 226
124 402
124 375
124 126
124 406
124 302
124 316
124 177
124 448
124 386
124 172
124 195
124 152
124 278
124 301
124 313
313 19
313 56
313 134
313 199
313 224
313 232
313 260
313 289
313 301
313 351
313 347
339 11
339 16
339 32
339 78
339 82
339 92
339 155
339 193
339 196
339 236
339 245
339 257
339 277
339 301
339 303
339 427
339 422
339 418
339 425
339 372
339 403
301 69
301 97
301 138
301 153
301 174
301 179
301 184
301 187
301 233
301 273
301 277
301 284
301 418
301 434
301 445
301 354
301 440
301 403
403 16
403 20
403 21
403 122
403 181
403 232
403 237
403 246
403 291
403 300
403 347
403 389
8 164
8 152
8 74
8 441
8 300
8 246
8 254
8 236
8 20
8 377
8 434
8 129
8 440
8 56
8 262
8 294
8 211
8 224
8 245
164 13
164 20
164 27
164 91
164 123
164 142
164 151
164 427
164 348
164 238
164 315
164 376
164 337
152 25
152 80
152 89
152 98
152 106
152 109
152 111
152 135
152 305
152 441
152 184
152 216
152 389
152 200
152 245
152 368
152 195
152 278
74 13
74 41
74 238
74 236
74 395
74 262
74 305
74 257
74 432
74 348
74 147
74 123
74 207
74 233
74 125
441 62
441 87
441 88
441 89
441 90
441 95
441 98
441 177
441 205
441 242
441 273
441 314
441 320
441 353
441 357
441 368
441 422
441 430
441 443
300 57
300 66
300 93
300 122
300 139
300 144
300 147
300 232
300 246
300 254
300 343
300 417
300 364
300 336
246 52
246 75
246 142
246 144
246 185
246 190
246 194
246 232
246 239
246 415
246 418
246 429
246 322
246 254
246 412
254 13
254 16
254 87
254 93
254 123
254 147
254 233
254 236
254 238
254 390
254 348
254 257
254 401
254 336
236 77
236 167
236 179
236 218
236 440
236 257
236 393
236 372
236 303
236 293
236 347
20 317
20 82
20 288
20 402
20 358
20 132
20 353
20 108
20 291
20 394
20 111
20 54
20 201
20 227
20 273
20 21
20 232
377 51
377 69
377 98
377 145
377 179
377 278
377 359
377 368
377 386
377 445
377 391
377 434
434 25
434 86
434 92
434 97
434 108
434 122
434 123
434 137
434 171
434 181
434 187
434 205
434 233
434 322
434 348
434 352
434 436
129 17
129 51
129 56
129 67
129 80
129 121
129 263
129 326
129 350
129 136
129 297
129 153
129 327
129 237
129 170
129 440
129 262
129 260
129 358
129 401
129 417
440 14
440 19
440 33
440 56
440 87
440 93
440 121
440 153
440 177
440 187
440 211
440 238
440 244
440 258
440 262
440 326
440 354
440 359
440 391
440 427
56 13
56 352
56 108
56 172
56 199
56 134
56 368
56 179
56 304
56 144
56 139
56 262
56 414
56 82
262 33
262 61
262 98
262 123
262 145
262 150
262 160
262 171
262 179
262 315
262 359
262 394
262 281
262 396
262 303
262 368
262 393
262 379
262 430
294 60
294 126
294 136
294 141
294 150
294 211
294 216
294 226
294 240
294 358
294 363
294 342
211 14
211 69
211 87
211 114
211 168
211 177
211 178
211 433
211 284
211 357
211 382
224 11
224 67
224 72
224 83
224 88
224 155
224 308
224 425
224 237
224 423
224 245
245 21
245 72
245 109
245 111
245 114
245 368
245 418
245 423
245 291
245 327
401 19
401 33
401 57
401 80
401 85
401 123
401 139
401 147
401 184
401 195
401 237
401 293
401 305
401 327
401 349
401 359
401 409
401 415
401 404
401 420
401 417
343 30
343 41
343 47
343 86
343 125
343 144
343 151
343 157
343 162
343 195
343 200
343 201
343 266
343 272
343 382
343 436
343 421
343 425
343 376
311 47
311 72
311 85
311 137
311 162
311 179
311 184
311 190
311 195
311 227
311 234
311 238
311 243
311 252
311 253
311 305
311 342
311 407
311 317
311 420
311 423
311 359
311 415
277 55
277 94
277 138
277 184
277 228
277 274
277 315
277 411
277 284
277 318
228 120
228 167
391 17
391 19
391 64
391 82
391 93
391 114
391 172
391 184
391 197
391 287
391 293
391 353
391 354
391 409
391 404
391 445
375 14
375 126
375 168
375 216
375 218
375 234
375 239
375 306
375 327
375 349
375 427
126 33
126 64
126 77
126 123
126 167
126 260
126 150
126 239
126 257
126 218
126 419
126 347
126 289
195 14
195 41
195 47
195 62
195 131
195 147
195 157
195 172
195 322
195 317
195 349
195 412
195 234
195 357
195 443
195 239
195 278
62 19
62 30
62 111
62 336
62 383
62 190
62 90
62 260
62 216
62 315
62 178
62 200
62 448
62 88
62 425
62 106
62 305
296 32
296 33
296 59
296 108
296 109
296 122
296 175
296 212
296 302
296 394
296 443
296 393
32 395
32 411
32 69
32 181
32 240
32 406
32 303
32 239
32 170
32 120
32 33
32 109
32 393
32 154
32 123
15 14
15 234
15 108
15 111
15 226
15 316
15 393
15 406
15 291
15 302
15 349
15 46
15 402
15 178
291 54
291 57
291 98
291 108
291 135
291 174
291 212
291 237
291 240
291 288
291 383
291 293
291 355
291 394
291 404
291 302
291 327
302 38
302 89
302 134
302 160
302 181
302 218
302 239
302 244
302 319
302 308
302 345
302 350
302 406
10 212
10 414
10 226
10 278
10 406
10 273
10 194
10 46
10 419
10 136
10 117
212 66
212 181
212 185
212 350
212 354
212 406
212 274
212 425
212 404
212 240
414 58
414 61
414 63
414 82
414 125
414 172
414 187
414 190
414 242
414 280
414 288
414 305
414 342
414 370
414 412
414 417
414 421
226 125
226 350
226 235
226 240
278 111
278 185
278 190
278 216
278 365
278 406
278 386
278 355
406 19
406 134
406 179
406 235
406 240
406 244
406 249
406 303
406 308
406 349
406 350
406 393
273 46
273 90
273 194
273 337
273 284
273 445
194 46
194 51
194 151
194 153
194 187
194 190
194 336
194 326
194 383
194 280
194 370
194 421
194 252
194 238
46 312
46 132
46 249
46 240
46 358
46 114
46 359
46 235
46 354
46 350
46 125
46 98
46 349
46 402
46 178
419 77
419 137
419 151
419 187
419 190
419 197
419 201
419 218
419 247
419 263
419 280
419 370
419 417
419 422
419 443
136 19
136 27
136 117
136 125
136 354
136 297
136 333
136 318
136 363
136 240
136 235
136 359
136 233
136 350
136 207
117 109
117 304
117 120
117 361
117 244
117 170
117 409
117 395
117 141
11 347
11 33
11 234
11 54
11 418
11 393
11 293
11 423
11 114
11 155
11 270
11 167
11 274
11 372
11 303
11 389
11 77
11 38
347 16
347 85
347 109
347 134
347 150
347 241
347 260
347 309
347 351
347 425
33 19
33 66
33 425
33 244
33 170
33 250
33 85
33 131
33 142
33 372
33 154
33 257
33 64
33 120
33 80
33 147
33 430
33 171
234 26
234 63
234 197
234 306
54 17
54 63
54 281
54 132
54 82
54 288
54 137
54 58
54 201
54 227
54 337
54 200
54 376
54 157
54 92
54 233
418 21
418 27
418 55
418 64
418 81
418 85
418 137
418 141
418 142
418 155
418 160
418 185
418 196
418 205
418 240
418 249
418 252
418 356
418 360
418 362
418 415
418 429
418 426
393 61
393 81
393 89
393 109
393 145
393 147
393 185
393 205
393 257
393 270
393 345
393 349
393 372
393 390
293 57
293 64
293 172
293 176
293 230
293 270
293 281
293 287
293 389
293 445
423 21
423 24
423 26
423 72
423 134
423 155
423 179
423 182
423 201
423 235
423 297
423 306
423 314
423 349
423 404
423 407
423 412
423 415
423 420
423 426
114 17
114 52
114 342
114 337
114 363
114 177
114 402
114 358
114 382
114 131
114 138
114 155
114 178
155 97
155 109
155 148
155 281
155 172
155 432
155 272
155 193
155 252
155 368
270 77
270 167
270 247
270 263
270 281
270 438
270 443
270 372
167 138
167 351
167 318
167 274
167 199
167 241
274 63
274 97
274 106
274 361
274 315
274 297
274 372
274 303
372 60
372 121
372 123
372 154
372 170
372 231
372 249
372 280
372 303
372 346
372 395
372 415
303 69
303 135
303 147
303 150
303 230
303 235
303 249
303 429
303 415
303 315
303 396
389 38
389 63
389 77
389 78
389 87
389 91
389 106
389 122
389 172
389 177
389 178
389 181
389 200
389 281
389 288
389 315
389 342
389 402
77 24
77 38
77 351
77 218
77 145
77 241
38 244
38 181
38 90
38 417
38 64
38 241
38 50
38 187
288 17
288 25
288 60
288 120
288 125
288 242
288 352
288 386
288 356
50 362
50 353
50 319
50 177
50 429
50 89
50 358
50 436
50 94
50 346
50 187
364 30
364 55
364 66
364 83
364 92
364 97
364 141
364 143
364 145
364 231
364 235
364 252
364 321
364 411
364 421
364 390
55 24
55 51
55 134
55 363
55 231
55 83
55 287
55 193
55 411
55 93
55 139
55 141
55 92
55 359
55 258
55 249
55 321
55 168
231 14
231 60
231 165
231 170
231 184
231 390
231 395
231 280
409 27
409 121
409 125
409 131
409 141
409 150
409 238
409 305
409 322
409 337
409 352
409 353
409 395
121 14
121 64
121 184
121 383
121 284
199 61
199 75
199 82
199 88
199 93
199 138
199 151
199 165
199 172
199 318
199 346
199 287
199 326
199 327
199 241
165 51
165 84
165 88
165 436
165 321
165 346
165 314
160 57
160 154
160 272
160 253
160 362
160 346
160 379
160 357
160 308
160 436
160 368
346 94
346 144
346 390
13 139
13 417
13 395
13 197
13 305
13 390
13 422
13 312
13 359
13 145
13 61
13 82
139 27
139 30
139 57
139 66
139 72
139 92
139 235
139 407
139 145
139 187
139 196
139 243
139 352
139 415
139 238
139 151
139 417
139 390
139 321
139 141
417 59
417 64
417 66
417 75
417 80
417 135
417 176
417 218
417 239
417 308
417 314
417 360
417 445
395 51
395 63
395 78
395 141
395 178
395 184
395 187
395 233
395 297
395 321
395 333
395 411
395 407
197 51
197 170
197 193
197 373
197 239
197 386
305 41
305 131
305 184
305 237
305 247
305 322
305 382
305 317
390 51
390 92
390 123
390 141
390 143
390 144
390 178
390 321
390 436
422 64
422 106
422 145
422 193
422 200
422 216
422 315
422 336
422 359
422 373
422 415
312 41
312 78
312 80
312 120
312 144
312 168
312 193
312 258
312 438
312 386
359 47
359 51
359 61
359 82
359 138
359 145
359 157
359 178
359 207
359 233
359 235
359 253
359 258
359 287
359 321
359 327
359 350
359 363
359 376
359 368
359 402
359 373
359 415
145 24
145 61
145 82
145 134
145 143
145 151
145 242
145 249
145 358
145 432
145 421
145 252
145 368
145 241
145 373
61 30
61 57
61 58
61 365
61 123
61 237
61 108
61 249
61 144
61 370
61 383
61 82
61 89
61 147
61 172
61 309
61 327
82 373
82 281
82 150
82 315
82 190
82 396
82 193
82 429
82 430
82 171
14 170
14 172
14 383
14 177
14 26
14 207
170 17
170 19
170 51
170 88
170 141
170 148
170 382
170 438
170 411
170 178
170 239
170 448
170 354
170 321
170 258
170 244
172 396
172 383
172 289
172 379
172 250
172 281
383 51
383 57
383 66
383 85
383 280
383 284
383 336
383 370
383 376
177 88
177 95
177 134
177 150
177 326
177 436
177 216
177 448
177 358
177 178
26 175
26 60
26 27
26 108
26 394
26 349
26 297
26 207
207 19
207 125
207 141
207 230
207 235
207 361
207 233
207 350
108 17
108 91
108 304
108 242
108 237
108 394
108 205
108 171
108 352
111 109
111 360
111 242
111 193
111 394
111 355
316 19
316 24
316 47
316 63
316 78
316 125
316 134
316 137
316 168
316 227
316 235
316 253
316 258
316 263
316 407
316 350
316 317
349 157
349 168
349 178
349 297
349 327
349 402
402 41
402 88
402 178
402 185
402 235
402 304
402 355
402 358
402 448
178 30
178 41
178 67
178 106
178 120
178 287
178 206
178 321
178 396
178 235
16 142
16 85
16 412
16 322
16 143
16 123
16 243
16 200
16 90
16 257
16 109
16 425
142 21
142 58
142 64
142 85
142 131
142 250
142 148
142 445
142 314
142 239
142 238
142 241
142 429
142 240
142 179
142 420
142 360
142 356
85 59
85 64
85 67
85 106
85 242
85 342
85 174
85 148
85 131
85 162
85 196
85 252
85 93
85 289
85 284
85 376
85 247
85 263
412 21
412 30
412 131
412 144
412 153
412 218
412 241
412 308
412 314
412 333
412 356
412 360
412 361
412 394
412 420
322 60
322 69
322 75
322 131
322 143
322 179
322 233
322 420
143 60
143 89
143 92
143 97
143 134
143 141
143 411
143 240
143 179
143 432
143 241
123 25
123 91
123 396
123 257
123 147
123 154
243 67
243 72
243 135
243 182
243 196
243 297
243 407
200 58
200 67
200 88
200 106
200 137
200 157
200 196
200 382
200 448
200 394
200 237
200 257
200 337
200 376
90 218
90 237
90 196
90 162
90 138
90 257
257 64
257 205
257 239
257 430
257 351
257 425
109 88
109 91
109 318
109 196
109 342
109 147
109 368
109 425
425 67
425 72
425 106
425 147
425 153
425 157
425 196
425 308
425 327
425 376
17 354
17 60
17 386
17 51
354 51
354 80
354 92
354 97
354 98
354 153
354 187
354 258
354 281
354 318
354 321
354 350
354 433
354 438
60 27
60 51
60 141
60 432
60 69
60 179
60 206
60 64
60 386
60 287
60 88
60 404
386 64
386 144
386 175
386 287
51 19
51 24
51 184
51 98
51 84
51 368
51 249
51 280
51 287
51 88
51 93
319 67
319 81
319 86
319 230
319 238
319 266
319 353
319 320
319 362
230 89
230 94
230 122
230 153
230 253
230 429
230 363
230 297
352 171
352 205
352 396
352 415
352 430
415 24
415 41
415 47
415 57
415 66
415 83
415 132
415 134
415 247
415 249
415 253
415 308
415 336
415 407
415 426
370 57
370 58
370 151
370 238
370 242
370 247
370 252
370 263
370 304
370 448
370 443
370 421
242 106
242 216
242 336
242 360
242 443
135 47
135 52
135 57
135 86
135 266
135 147
135 137
135 227
135 356
135 308
135 176
135 237
135 253
176 25
176 57
176 147
176 379
176 365
176 250
176 327
176 308
176 360
176 237
184 97
184 150
184 216
184 306
184 382
184 317
184 327
184 237
237 25
237 66
237 355
237 394
237 260
237 360
19 141
19 93
19 421
19 342
19 88
19 321
19 80
19 147
19 350
141 27
141 92
141 272
141 253
141 238
141 168
141 280
141 297
141 333
141 244
93 379
93 151
93 289
93 336
421 30
421 58
421 72
421 144
421 148
421 162
421 238
421 252
421 260
421 333
421 342
421 432
342 81
342 86
342 94
342 196
342 289
342 306
342 320
342 420
342 365
88 67
88 289
88 240
88 134
88 280
88 314
88 287
88 321
88 404
88 376
88 95
321 24
321 78
321 83
321 84
321 168
321 239
321 249
321 258
321 263
321 280
321 438
321 363
321 382
321 448
321 353
80 41
80 52
80 239
80 327
80 244
80 131
80 147
147 66
147 69
147 89
147 154
147 250
350 47
350 78
350 233
350 244
350 317
317 69
317 78
317 86
317 91
317 94
317 168
317 201
317 233
317 258
317 348
317 426
358 24
358 67
358 86
358 151
358 260
132 41
132 83
132 263
132 443
132 239
132 190
132 235
132 144
132 353
353 64
353 91
353 137
353 175
353 206
353 247
353 280
353 315
353 357
353 362
353 376
394 281
394 297
394 333
394 448
201 47
201 59
201 63
201 64
201 137
201 258
201 404
201 284
201 348
201 240
201 407
201 355
201 227
227 59
227 86
227 91
227 355
21 289
21 355
21 52
21 348
21 360
21 64
21 240
21 232
232 25
232 94
232 131
232 185
232 361
232 241
232 420
232 365
232 289
232 356
289 175
289 196
289 216
289 240
289 252
289 445
289 306
289 355
355 52
355 59
355 64
355 98
355 153
355 174
355 182
355 284
355 433
355 438
52 318
52 365
52 241
52 250
52 360
52 356
52 138
52 244
52 131
348 87
348 92
348 151
348 206
348 426
348 427
360 356
360 443
64 41
64 63
64 263
64 427
64 258
64 373
64 420
64 148
64 407
64 240
64 445
64 287
64 175
64 206
240 63
240 69
240 179
240 193
240 258
240 363
240 407
240 404
239 218
239 260
239 247
239 438
239 411
239 382
239 357
239 443
120 58
120 144
120 337
120 318
120 382
91 47
91 78
91 438
91 137
91 263
91 433
91 258
91 154
91 253
280 58
280 168
280 187
280 287
280 304
280 411
443 59
443 175
443 247
443 314
443 357
443 362
443 445
59 27
59 252
59 218
59 247
59 175
59 445
59 92
59 168
445 92
445 148
445 174
445 218
445 258
445 284
445 287
445 373
445 433
83 41
83 247
83 134
83 216
83 357
83 235
175 174
175 284
175 247
175 206
206 179
206 284
206 258
206 382
24 363
24 376
24 337
24 241
24 426
24 407
24 235
24 263
235 47
235 134
235 363
235 249
235 263
263 66
263 75
263 137
263 151
263 154
263 244
263 247
263 309
263 376
57 379
57 66
57 404
57 420
287 249
287 448
281 284
363 89
363 106
363 179
363 320
363 337
363 430
363 429
376 67
376 157
376 247
376 253
376 284
376 315
376 337
376 427
337 150
337 151
337 315
241 30
241 134
241 138
241 260
241 365
241 429
241 314
426 47
426 75
426 94
426 137
426 168
426 185
426 249
426 253
426 407
407 25
407 63
407 86
407 125
407 314
407 333
407 404
25 327
25 427
25 86
25 137
25 266
25 67
25 448
25 356
25 98
327 30
327 66
327 75
327 89
327 250
327 309
427 41
427 78
427 151
427 168
427 244
427 250
427 258
427 266
427 379
427 438
86 47
86 69
86 250
86 365
86 137
86 253
86 429
86 252
86 148
137 58
137 125
137 148
137 250
137 238
137 185
266 67
266 157
266 247
266 250
266 379
266 365
266 448
67 41
67 151
67 314
67 448
67 260
448 95
448 106
448 171
448 304
448 326
356 94
356 250
356 318
356 365
98 84
98 95
98 205
98 174
98 125
27 361
27 148
27 154
27 125
27 238
297 63
297 94
297 153
297 361
297 333
361 63
361 233
148 75
148 244
148 154
148 429
148 252
154 47
154 258
154 247
154 430
154 171
154 250
154 336
154 373
154 253
154 436
154 368
125 238
125 233
238 30
238 151
238 362
238 252
89 66
89 75
89 151
89 253
89 320
89 368
89 345
430 81
430 171
430 252
430 351
430 368
171 95
171 429
171 320
171 315
171 368
171 205
250 379
179 41
179 72
179 131
179 150
179 396
179 368
179 420
179 247
66 190
66 308
66 185
66 314
66 75
404 72
404 150
404 306
404 308
404 420
181 122
151 30
151 308
151 314
151 247
151 157
247 30
247 41
247 134
247 420
247 315
30 58
30 72
30 333
30 144
30 162
122 304
41 190
41 134
41 157
41 420
72 63
72 333
72 205
72 81
72 306
72 420
72 315
72 196
72 153
58 144
58 252
333 182
333 304
144 162
162 81
162 138
162 150
162 253
162 433
162 196
162 205
162 306
162 318
182 63
182 153
182 309
182 345
272 94
272 134
272 253
362 249
362 314
92 78
92 438
92 429
92 320
92 258
92 168
92 233
258 87
258 244
411 97
411 187
411 193
411 249
411 284
411 304
69 78
69 193
69 432
69 150
69 396
69 357
69 420
69 131
69 233
244 131
244 373
244 368
131 138
131 420
131 233
436 87
436 94
436 168
436 357
436 368
436 379
436 438
95 81
95 87
95 351
95 438
95 252
95 432
81 315
81 252
81 432
81 94
81 320
81 205
81 138
432 196
432 233
432 306
432 429
185 336
396 150
396 193
396 260
396 429
252 196
252 205
252 306
252 429
216 87
216 150
216 260
216 357
306 150
306 260
306 318
157 433
157 260
157 253
150 78
150 318
260 134
336 75
336 94
336 190
336 373
345 84
345 153
345 309
345 314
345 373
187 63
187 134
187 153
187 218
187 308
187 304
365 218
351 205
351 314
351 320
153 94
153 309
153 315
153 196
357 326
357 379
318 379
190 304
134 308
420 233
309 75
308 314
138 196
138 205
87 78
87 326
87 193
87 249
87 438
87 168
78 429
78 249
249 168
249 193
47 284
47 433
47 253
433 84
433 174
433 196
433 382
253 382
106 315
315 196
196 174
429 193
429 320
94 382
94 168
94 320
84 438
97 233
233 205
382 320
314 75
438 174
