450 8168
0 424
0 161
0 439
0 76
0 1
0 192
0 233
0 319
0 61
0 147
0 188
0 16
0 297
0 218
0 163
0 324
0 245
0 151
0 132
0 443
0 214
0 396
0 32
0 73
0 249
0 185
0 286
0 417
0 308
0 199
0 321
0 152
0 343
0 204
0 425
0 301
0 72
0 398
0 94
0 341
0 232
0 18
0 269
0 445
424 9
424 14
424 16
424 17
424 21
424 22
424 23
424 40
424 44
424 54
424 57
424 58
424 75
424 76
424 90
424 102
424 106
424 143
424 145
424 156
424 162
424 165
424 166
424 185
424 187
424 207
424 248
424 250
424 255
424 260
424 261
424 270
424 296
424 303
424 311
424 328
424 329
424 346
424 352
424 354
424 361
424 362
424 378
424 380
424 386
424 418
424 438
161 1
161 4
161 21
161 48
161 49
161 72
161 74
161 82
161 92
161 104
161 105
161 107
161 108
161 128
161 172
161 400
161 258
161 194
161 385
161 181
161 229
161 348
161 190
161 241
161 207
161 233
161 330
161 378
161 220
161 352
161 344
161 235
161 388
161 324
161 335
161 261
161 403
161 249
161 275
161 282
161 293
161 262
161 389
161 265
439 11
439 12
439 37
439 52
439 53
439 59
439 65
439 90
439 91
439 99
439 107
439 114
439 117
439 125
439 133
439 156
439 158
439 174
439 193
439 207
439 226
439 228
439 254
439 263
439 270
439 287
439 302
439 355
439 360
439 361
439 381
439 383
439 411
439 423
439 430
439 447
439 448
439 446
76 4
76 15
76 23
76 26
76 30
76 37
76 38
76 40
76 68
76 70
76 72
76 380
76 252
76 218
76 214
76 169
76 150
76 342
76 356
76 412
76 423
76 224
76 310
76 162
76 296
76 187
76 329
76 171
76 212
76 118
76 369
76 275
76 398
76 364
76 101
76 408
76 314
76 115
76 351
76 362
76 238
76 114
76 260
76 432
76 233
76 319
76 270
76 427
76 438
76 149
1 395
1 290
1 192
1 233
1 319
1 102
1 248
1 154
1 315
1 274
1 225
1 71
1 97
1 183
1 134
1 55
1 261
1 107
1 403
1 249
1 275
1 282
1 293
1 4
1 105
1 262
1 48
1 389
1 265
192 105
192 121
192 124
192 143
192 165
192 184
192 331
192 436
192 323
192 226
192 398
192 233
192 319
192 346
192 218
192 431
192 217
192 363
192 359
192 415
233 26
233 37
233 49
233 70
233 87
233 89
233 104
233 114
233 135
233 138
233 149
233 164
233 165
233 196
233 197
233 207
233 211
233 220
233 417
233 409
233 241
233 330
233 352
233 378
233 436
233 360
233 266
233 348
233 355
233 351
233 362
233 238
233 260
233 432
233 319
233 270
233 427
233 438
233 381
233 388
233 234
233 440
233 446
233 385
319 8
319 26
319 70
319 87
319 113
319 114
319 128
319 149
319 164
319 183
319 205
319 238
319 252
319 260
319 266
319 270
319 301
319 314
319 436
319 360
319 348
319 355
319 406
319 386
319 442
319 351
319 362
319 432
319 427
319 438
61 60
61 245
61 365
61 350
61 140
61 327
61 428
61 304
61 165
61 199
61 147
61 188
61 289
147 34
147 46
147 60
147 98
147 111
147 120
147 133
147 138
147 166
147 278
147 199
147 188
147 289
147 368
147 244
147 176
147 277
147 179
147 370
147 437
147 309
147 320
147 391
147 225
147 341
147 412
147 258
147 284
147 355
188 27
188 45
188 60
188 62
188 82
188 88
188 109
188 252
188 199
188 289
188 426
188 444
188 245
188 241
188 379
188 281
188 348
188 449
188 220
16 2
16 4
16 27
16 410
16 80
16 143
16 165
16 218
16 214
16 141
16 133
16 24
16 185
16 297
16 128
16 139
16 300
16 231
16 347
16 148
16 399
16 387
16 293
16 364
16 30
16 281
16 367
16 213
16 239
16 235
16 306
16 227
16 403
16 69
16 305
16 207
16 413
16 285
16 296
16 97
16 93
16 59
16 445
297 2
297 19
297 24
297 34
297 40
297 41
297 81
297 99
297 104
297 128
297 133
297 136
297 139
297 141
297 185
297 193
297 210
297 214
297 218
297 223
297 225
297 227
297 273
297 275
297 308
297 346
297 300
297 407
297 354
297 361
297 306
297 335
297 405
297 442
218 14
218 17
218 32
218 34
218 35
218 37
218 40
218 41
218 45
218 47
218 59
218 66
218 67
218 72
218 81
218 85
218 88
218 96
218 99
218 100
218 104
218 105
218 111
218 116
218 124
218 133
218 135
218 136
218 153
218 174
218 177
218 179
218 180
218 181
218 185
218 186
218 190
218 191
218 193
218 204
218 211
218 214
218 217
218 376
218 346
218 431
218 363
218 359
218 415
218 407
218 275
218 361
218 225
218 381
218 328
218 369
218 286
218 412
218 348
218 449
218 400
218 332
218 320
218 394
218 240
218 266
218 262
218 318
218 433
218 354
218 350
218 316
218 221
218 408
218 404
218 306
218 227
218 223
218 335
218 405
218 442
218 273
218 347
218 418
218 264
218 290
218 304
218 255
218 371
218 235
218 256
218 402
218 292
218 243
163 5
163 6
163 8
163 29
163 32
163 46
163 47
163 48
163 54
163 70
163 79
163 112
163 117
163 132
163 136
163 144
163 150
163 151
163 152
163 160
163 335
163 417
163 323
163 270
163 396
163 324
163 245
163 443
163 214
163 381
163 377
163 185
163 196
163 229
163 375
163 441
163 414
163 320
163 211
163 357
163 263
163 345
163 431
163 288
163 257
163 338
163 394
163 281
163 262
324 3
324 8
324 21
324 25
324 32
324 42
324 43
324 46
324 58
324 65
324 92
324 108
324 132
324 139
324 151
324 152
324 155
324 157
324 214
324 235
324 242
324 245
324 251
324 268
324 270
324 271
324 291
324 314
324 321
324 323
324 441
324 417
324 443
324 408
324 385
324 352
324 344
324 388
324 335
324 396
324 392
324 390
324 386
324 442
324 434
245 27
245 32
245 43
245 45
245 62
245 66
245 77
245 82
245 88
245 111
245 122
245 132
245 151
245 214
245 219
245 220
245 241
245 331
245 373
245 396
245 443
245 426
245 444
245 379
245 281
245 348
245 449
151 3
151 32
151 71
151 74
151 97
151 105
151 132
151 312
151 402
151 365
151 396
151 443
151 214
151 222
151 158
151 349
151 370
132 32
132 98
132 263
132 376
132 256
132 396
132 443
132 214
132 336
132 437
132 403
132 249
132 275
132 361
132 368
132 154
132 405
443 12
443 32
443 34
443 75
443 214
443 304
443 331
443 396
214 32
214 37
214 46
214 54
214 66
214 72
214 87
214 90
214 91
214 98
214 113
214 152
214 171
214 177
214 180
214 190
214 212
214 441
214 335
214 417
214 270
214 388
214 290
214 323
214 396
214 226
214 282
214 360
214 356
214 412
214 438
214 239
214 415
214 433
214 354
214 350
214 316
214 221
214 408
214 404
396 3
396 8
396 25
396 28
396 32
396 42
396 50
396 58
396 65
396 73
396 101
396 113
396 122
396 139
396 145
396 150
396 158
396 162
396 166
396 169
396 179
396 185
396 190
396 199
396 212
396 217
396 229
396 249
396 250
396 265
396 268
396 271
396 286
396 308
396 309
396 327
396 335
396 363
396 370
396 375
396 386
396 390
396 392
396 417
396 429
396 406
396 442
396 434
32 276
32 186
32 291
32 253
32 129
32 80
32 73
32 249
32 185
32 286
32 417
32 308
32 199
32 66
32 433
32 354
32 350
32 316
32 177
32 180
32 221
32 37
32 408
32 404
32 190
32 171
32 343
32 204
32 155
32 436
32 357
32 83
32 109
32 105
32 431
32 292
32 153
32 374
32 340
73 377
73 429
73 96
73 152
73 159
73 380
73 249
73 185
73 286
73 417
73 308
73 199
249 4
249 5
249 48
249 92
249 95
249 105
249 107
249 143
249 154
249 185
249 199
249 244
249 365
249 366
249 298
249 301
249 432
249 300
249 286
249 417
249 308
249 336
249 437
249 361
249 368
249 405
249 261
249 403
249 275
249 282
249 293
249 262
249 389
249 265
185 2
185 8
185 14
185 17
185 23
185 24
185 34
185 45
185 51
185 72
185 102
185 106
185 116
185 128
185 133
185 139
185 141
185 144
185 145
185 154
185 156
185 168
185 417
185 308
185 199
185 357
185 229
185 375
185 300
185 381
185 328
185 369
185 286
185 412
185 348
185 449
185 400
185 418
185 354
185 248
185 270
185 386
185 352
185 378
185 377
185 343
185 196
185 267
185 225
185 431
185 202
185 209
185 205
286 17
286 34
286 45
286 55
286 57
286 72
286 79
286 93
286 97
286 116
286 165
286 199
286 201
286 219
286 239
286 327
286 417
286 308
286 381
286 328
286 369
286 412
286 348
286 449
286 400
286 407
286 373
286 425
286 383
286 296
417 46
417 53
417 152
417 166
417 199
417 270
417 271
417 308
417 323
417 335
417 391
417 441
308 19
308 57
308 72
308 199
308 289
308 300
308 346
308 361
199 6
199 7
199 75
199 180
199 198
199 270
199 437
199 388
199 414
199 230
199 226
199 282
199 203
199 401
199 314
199 385
321 18
321 41
321 58
321 64
321 72
321 94
321 95
321 129
321 138
321 152
321 155
321 157
321 179
321 190
321 204
321 232
321 242
321 251
321 253
321 265
321 269
321 280
321 301
321 314
321 408
321 385
321 342
321 353
321 420
321 343
321 425
321 398
321 341
321 445
152 18
152 29
152 41
152 46
152 64
152 70
152 72
152 79
152 94
152 95
152 96
152 111
152 112
152 129
152 138
152 433
152 264
152 275
152 159
152 380
152 335
152 323
152 270
152 441
152 414
152 320
152 211
152 357
152 263
152 345
152 431
152 288
152 253
152 342
152 353
152 420
152 157
152 179
152 190
152 343
152 204
152 425
152 301
152 398
152 341
152 232
152 269
152 445
343 6
343 8
343 18
343 20
343 23
343 24
343 48
343 49
343 51
343 65
343 67
343 72
343 82
343 83
343 94
343 95
343 105
343 109
343 110
343 126
343 135
343 141
343 153
343 154
343 155
343 168
343 171
343 196
343 202
343 204
343 205
343 209
343 220
343 225
343 232
343 243
343 244
343 252
343 257
343 266
343 267
343 269
343 272
343 277
343 282
343 292
343 296
343 301
343 340
343 341
343 369
343 371
343 449
343 381
343 346
343 390
343 430
343 351
343 384
343 406
343 389
343 355
343 377
343 436
343 357
343 431
343 374
343 425
343 398
343 445
204 6
204 13
204 18
204 23
204 48
204 59
204 65
204 67
204 72
204 83
204 85
204 94
204 96
204 105
204 109
204 133
204 153
204 155
204 171
204 177
204 426
204 371
204 243
204 449
204 220
204 257
204 332
204 320
204 211
204 394
204 240
204 266
204 262
204 318
204 381
204 377
204 346
204 282
204 244
204 390
204 296
204 277
204 430
204 436
204 357
204 431
204 292
204 374
204 340
204 425
204 301
204 398
204 341
204 232
204 269
204 445
425 18
425 55
425 57
425 72
425 79
425 93
425 94
425 97
425 99
425 165
425 196
425 201
425 219
425 232
425 239
425 269
425 296
425 301
425 339
425 341
425 373
425 376
425 383
425 391
425 398
425 407
425 444
425 445
301 8
301 18
301 38
301 41
301 60
301 64
301 66
301 72
301 79
301 92
301 94
301 95
301 113
301 129
301 138
301 139
301 143
301 157
301 162
301 165
301 169
301 178
301 179
301 190
301 232
301 244
301 252
301 253
301 269
301 270
301 298
301 300
301 390
301 366
301 432
301 392
301 429
301 320
301 342
301 353
301 420
301 398
301 341
301 445
72 14
72 17
72 18
72 30
72 34
72 37
72 38
72 45
72 60
72 66
72 67
72 406
72 421
72 150
72 169
72 128
72 229
72 105
72 82
72 74
72 190
72 392
72 178
72 429
72 320
72 79
72 165
72 171
72 212
72 118
72 275
72 364
72 101
72 408
72 314
72 115
72 381
72 328
72 369
72 116
72 412
72 348
72 449
72 400
72 111
72 347
72 418
72 264
72 290
72 181
72 304
72 255
72 371
72 153
72 235
72 398
72 94
72 341
72 232
72 269
72 445
398 11
398 14
398 18
398 30
398 37
398 57
398 94
398 101
398 115
398 118
398 155
398 165
398 171
398 177
398 184
398 212
398 216
398 226
398 232
398 256
398 269
398 275
398 313
398 314
398 332
398 341
398 364
398 369
398 378
398 408
398 444
398 402
398 415
398 445
94 18
94 53
94 68
94 90
94 180
94 226
94 282
94 293
94 416
94 202
94 363
94 160
94 341
94 232
94 269
94 445
341 3
341 18
341 34
341 68
341 74
341 80
341 93
341 98
341 111
341 120
341 133
341 142
341 164
341 196
341 216
341 217
341 220
341 225
341 232
341 234
341 258
341 269
341 280
341 283
341 284
341 309
341 320
341 322
341 329
341 333
341 437
341 391
341 412
341 422
341 342
341 364
341 397
341 355
341 445
232 11
232 14
232 18
232 30
232 44
232 89
232 108
232 115
232 116
232 134
232 155
232 198
232 216
232 288
232 340
232 236
232 332
232 313
232 444
232 256
232 402
232 364
232 378
232 415
232 269
232 445
18 127
18 359
18 179
18 352
18 449
18 236
18 89
18 115
18 171
18 212
18 208
18 264
18 380
18 166
18 327
18 428
18 379
18 45
18 26
18 337
18 85
18 269
18 445
269 6
269 26
269 45
269 85
269 90
269 95
269 138
269 160
269 166
269 167
269 171
269 175
269 202
269 206
269 208
269 212
269 217
269 226
269 231
269 264
269 430
269 326
269 340
269 448
269 369
269 382
269 437
269 298
269 339
269 350
269 282
269 293
269 416
269 363
269 380
269 327
269 428
269 379
269 337
269 445
445 4
445 7
445 11
445 24
445 41
445 52
445 59
445 69
445 93
445 95
445 96
445 97
445 133
445 153
445 154
445 159
445 186
445 197
445 206
445 207
445 227
445 261
445 262
445 267
445 284
445 285
445 288
445 292
445 296
445 298
445 305
445 306
445 318
445 332
445 368
445 380
445 389
445 401
445 403
445 405
445 413
445 436
395 4
395 54
395 68
395 77
395 88
395 91
395 103
395 141
395 174
395 212
395 231
395 271
395 276
395 279
395 285
395 287
395 327
395 328
395 361
395 362
395 388
290 14
290 39
290 54
290 67
290 68
290 81
290 87
290 90
290 91
290 111
290 153
290 171
290 181
290 212
290 223
290 227
290 235
290 242
290 253
290 255
290 257
290 264
290 279
290 384
290 426
290 351
290 432
290 364
290 300
290 388
290 323
290 347
290 418
290 304
290 371
102 14
102 17
102 68
102 428
102 226
102 346
102 121
102 154
102 315
102 156
102 418
102 354
102 106
102 248
102 270
102 386
102 352
102 378
102 145
248 9
248 14
248 17
248 21
248 56
248 64
248 100
248 106
248 117
248 120
248 145
248 154
248 156
248 165
248 168
248 179
248 187
248 195
248 207
248 222
248 244
248 342
248 376
248 315
248 391
248 327
248 420
248 401
248 348
248 280
248 256
248 334
248 299
248 362
248 328
248 260
248 346
248 418
248 354
248 270
248 386
248 352
248 378
154 23
154 24
154 41
154 45
154 51
154 59
154 143
154 315
154 336
154 437
154 403
154 275
154 361
154 261
154 197
154 298
154 159
154 380
154 436
154 368
154 405
154 262
154 318
154 377
154 196
154 267
154 225
154 431
154 202
154 168
154 209
154 205
315 12
315 83
315 136
315 146
315 162
315 181
315 203
315 236
315 259
315 274
315 346
315 387
315 383
315 379
274 46
274 55
274 68
274 71
274 97
274 134
274 135
274 183
274 222
274 225
274 405
274 413
274 420
274 278
274 282
274 293
274 446
274 307
274 438
274 329
274 310
225 23
225 24
225 34
225 51
225 55
225 71
225 81
225 97
225 98
225 111
225 133
225 134
225 168
225 183
225 193
225 196
225 202
225 205
225 209
225 379
225 259
225 376
225 402
225 282
225 293
225 407
225 354
225 275
225 361
225 437
225 309
225 320
225 391
225 412
225 258
225 284
225 355
225 377
225 267
225 431
71 3
71 7
71 40
71 46
71 48
71 55
71 57
71 64
71 138
71 449
71 367
71 303
71 145
71 282
71 293
71 183
71 134
71 222
71 158
71 349
71 105
71 97
71 74
71 370
71 291
71 302
71 373
71 219
71 335
71 128
71 330
71 277
71 104
71 220
97 2
97 3
97 4
97 19
97 25
97 42
97 50
97 55
97 57
97 59
97 69
97 74
97 75
97 79
97 81
97 83
97 88
97 93
97 119
97 415
97 441
97 422
97 103
97 189
97 282
97 293
97 183
97 134
97 222
97 158
97 349
97 105
97 137
97 418
97 159
97 110
97 136
97 387
97 113
97 139
97 273
97 299
97 370
97 111
97 167
97 444
97 155
97 256
97 434
97 201
97 407
97 373
97 219
97 383
97 165
97 239
97 366
97 223
97 279
97 380
97 436
97 357
97 300
97 401
97 254
97 250
97 306
97 227
97 403
97 305
97 207
97 413
97 285
97 296
183 8
183 44
183 55
183 56
183 115
183 134
183 322
183 224
183 282
183 293
183 406
183 252
183 270
183 386
183 442
183 314
183 205
134 55
134 250
134 236
134 198
134 415
134 367
134 303
134 145
134 356
134 157
134 408
134 430
134 282
134 293
55 51
55 359
55 426
55 231
55 282
55 293
55 201
55 407
55 373
55 219
55 57
55 383
55 79
55 165
55 296
55 93
55 239
261 4
261 9
261 17
261 23
261 41
261 48
261 54
261 57
261 58
261 59
261 85
261 90
261 105
261 107
261 159
261 166
261 189
261 190
261 197
261 208
261 230
261 247
261 251
261 260
261 377
261 415
261 287
261 303
261 404
261 298
261 380
261 436
261 267
261 368
261 405
261 318
261 403
261 275
261 282
261 293
261 262
261 389
261 265
107 4
107 9
107 11
107 48
107 52
107 53
107 65
107 105
107 133
107 114
107 361
107 360
107 156
107 223
107 350
107 241
107 207
107 323
107 304
107 255
107 194
107 370
107 403
107 275
107 282
107 293
107 262
107 389
107 265
403 2
403 4
403 21
403 29
403 48
403 59
403 69
403 93
403 96
403 101
403 105
403 155
403 170
403 201
403 207
403 227
403 235
403 236
403 239
403 262
403 265
403 273
403 275
403 282
403 285
403 293
403 296
403 305
403 306
403 322
403 332
403 336
403 339
403 340
403 361
403 368
403 389
403 397
403 410
403 423
403 429
403 437
403 405
403 413
275 4
275 30
275 34
275 37
275 41
275 48
275 81
275 101
275 105
275 115
275 118
275 171
275 172
275 193
275 212
275 254
275 257
275 262
275 264
275 265
275 271
275 346
275 436
275 441
275 333
275 430
275 351
275 433
275 407
275 354
275 336
275 437
275 361
275 368
275 405
275 369
275 364
275 408
275 314
275 282
275 293
275 389
282 4
282 6
282 7
282 23
282 48
282 75
282 90
282 105
282 106
282 113
282 120
282 155
282 160
282 198
282 202
282 203
282 226
282 230
282 239
282 244
282 262
282 265
282 277
282 360
282 356
282 412
282 438
282 415
282 416
282 363
282 381
282 377
282 346
282 390
282 296
282 374
282 430
282 437
282 388
282 414
282 401
282 314
282 385
282 293
282 389
293 4
293 30
293 48
293 57
293 90
293 105
293 148
293 160
293 202
293 213
293 226
293 231
293 235
293 239
293 262
293 265
293 267
293 281
293 416
293 363
293 347
293 399
293 305
293 387
293 364
293 367
293 389
4 53
4 195
4 342
4 15
4 356
4 412
4 423
4 224
4 310
4 276
4 212
4 388
4 54
4 271
4 327
4 68
4 306
4 227
4 69
4 305
4 207
4 413
4 285
4 296
4 93
4 59
4 105
4 262
4 48
4 389
4 265
105 3
105 48
105 74
105 82
105 83
105 334
105 346
105 124
105 217
105 363
105 359
105 415
105 181
105 128
105 229
105 348
105 190
105 222
105 158
105 349
105 370
105 171
105 155
105 436
105 357
105 109
105 431
105 292
105 153
105 374
105 340
105 262
105 389
105 265
262 5
262 6
262 29
262 31
262 41
262 42
262 44
262 48
262 56
262 59
262 79
262 84
262 85
262 96
262 117
262 133
262 136
262 144
262 150
262 159
262 160
262 165
262 177
262 197
262 211
262 213
262 231
262 240
262 257
262 408
262 347
262 313
262 410
262 383
262 386
262 340
262 332
262 320
262 266
262 298
262 380
262 436
262 267
262 368
262 405
262 318
262 338
262 394
262 281
262 389
262 265
48 5
48 6
48 9
48 11
48 14
48 23
48 29
48 30
48 31
48 37
48 42
48 46
48 157
48 236
48 325
48 91
48 177
48 334
48 375
48 284
48 355
48 376
48 222
48 139
48 191
48 382
48 400
48 383
48 79
48 165
48 386
48 340
48 437
48 118
48 369
48 387
48 203
48 289
48 190
48 156
48 223
48 350
48 241
48 207
48 323
48 304
48 255
48 52
48 194
48 370
48 381
48 377
48 155
48 346
48 244
48 390
48 296
48 374
48 430
48 291
48 302
48 373
48 219
48 335
48 57
48 128
48 64
48 330
48 277
48 104
48 220
48 257
48 144
48 136
48 117
48 338
48 394
48 150
48 281
48 160
48 389
48 265
389 7
389 8
389 49
389 63
389 82
389 85
389 110
389 135
389 168
389 202
389 252
389 257
389 265
389 266
389 288
389 351
389 355
389 384
389 401
389 431
389 406
265 44
265 51
265 56
265 84
265 122
265 125
265 157
265 164
265 174
265 228
265 231
265 411
265 408
265 347
265 313
265 410
265 371
265 418
2 313
2 126
2 101
2 397
2 423
2 239
2 235
2 21
2 429
2 155
2 141
2 133
2 24
2 128
2 139
2 366
2 223
2 279
2 380
2 436
2 357
2 83
2 19
2 300
2 401
2 3
2 254
2 250
313 11
313 14
313 26
313 30
313 35
313 44
313 56
313 65
313 79
313 84
313 155
313 158
313 165
313 174
313 196
313 216
313 231
313 256
313 305
313 310
313 408
313 410
313 427
313 438
313 329
313 351
313 347
313 342
313 332
313 444
313 402
313 364
313 378
313 415
126 20
126 25
126 347
126 167
126 370
126 257
126 384
101 21
101 30
101 37
101 58
101 255
101 150
101 307
101 397
101 423
101 239
101 235
101 155
101 122
101 429
101 335
101 406
101 162
101 113
101 229
101 375
101 217
101 363
101 179
101 190
101 171
101 212
101 118
101 369
101 364
101 408
101 314
101 115
397 21
397 68
397 80
397 120
397 155
397 164
397 196
397 216
397 234
397 235
397 239
397 243
397 283
397 333
397 342
397 355
397 364
397 446
397 423
397 429
397 422
423 11
423 15
423 21
423 44
423 52
423 59
423 65
423 67
423 68
423 70
423 99
423 117
423 149
423 155
423 172
423 224
423 235
423 239
423 263
423 266
423 270
423 277
423 287
423 310
423 314
423 342
423 355
423 356
423 361
423 381
423 412
423 419
423 429
423 448
239 21
239 30
239 57
239 79
239 93
239 113
239 145
239 148
239 155
239 165
239 201
239 213
239 219
239 226
239 231
239 235
239 318
239 360
239 356
239 412
239 438
239 415
239 429
239 347
239 399
239 305
239 387
239 364
239 281
239 367
239 407
239 373
239 383
239 296
235 14
235 21
235 30
235 67
235 92
235 108
235 111
235 148
235 153
235 155
235 181
235 213
235 231
235 429
235 352
235 344
235 388
235 335
235 399
235 305
235 387
235 364
235 281
235 367
235 347
235 418
235 264
235 304
235 255
235 371
21 9
21 10
21 182
21 130
21 272
21 362
21 328
21 260
21 346
21 207
21 165
21 429
21 155
21 352
21 108
21 344
21 92
21 388
21 335
429 38
429 58
429 65
429 66
429 79
429 96
429 113
429 122
429 140
429 155
429 162
429 165
429 178
429 179
429 190
429 217
429 229
429 230
429 298
429 320
429 332
429 335
429 363
429 375
429 392
429 406
429 410
155 3
155 11
155 14
155 23
155 25
155 28
155 30
155 42
155 58
155 75
155 79
155 83
155 88
155 96
155 99
155 109
155 111
155 114
155 153
155 166
155 411
155 317
155 219
155 328
155 251
155 157
155 408
155 314
155 385
155 242
155 216
155 332
155 402
155 364
155 378
155 415
155 381
155 377
155 346
155 244
155 390
155 296
155 277
155 430
155 171
155 436
155 357
155 431
155 292
155 374
155 340
155 167
155 444
155 256
155 383
155 401
155 434
141 24
141 92
141 95
141 128
141 133
141 139
141 385
141 160
141 362
141 328
141 279
141 272
141 369
141 300
133 11
133 24
133 34
133 52
133 53
133 59
133 65
133 85
133 95
133 96
133 98
133 111
133 114
133 128
133 384
133 227
133 426
133 153
133 156
133 361
133 207
133 360
133 139
133 300
133 332
133 211
133 177
133 394
133 240
133 266
133 318
133 437
133 309
133 320
133 391
133 412
133 258
133 284
133 355
24 11
24 23
24 358
24 238
24 52
24 153
24 284
24 96
24 332
24 95
24 128
24 139
24 300
24 51
24 377
24 196
24 267
24 431
24 202
24 168
24 209
24 205
128 46
128 57
128 64
128 74
128 82
128 91
128 104
128 240
128 346
128 210
128 181
128 229
128 348
128 190
128 177
128 334
128 375
128 191
128 382
128 284
128 355
128 139
128 300
128 291
128 302
128 373
128 219
128 335
128 330
128 277
128 220
139 3
139 8
139 25
139 30
139 42
139 65
139 81
139 104
139 110
139 113
139 120
139 136
139 137
139 162
139 346
139 210
139 376
139 222
139 338
139 191
139 382
139 400
139 418
139 159
139 387
139 300
139 401
139 273
139 299
139 370
139 392
139 268
139 271
139 390
139 386
139 442
139 434
366 3
366 19
366 83
366 84
366 92
366 95
366 140
366 143
366 208
366 223
366 244
366 250
366 254
366 279
366 298
366 300
366 325
366 340
366 357
366 362
366 432
366 380
366 436
366 401
223 3
223 9
223 11
223 19
223 34
223 40
223 41
223 52
223 81
223 83
223 96
223 99
223 104
223 117
223 130
223 136
223 156
223 189
223 194
223 200
223 207
223 217
223 221
223 332
223 363
223 449
223 230
223 350
223 323
223 304
223 255
223 370
223 306
223 227
223 335
223 442
223 273
223 231
223 347
223 369
223 365
223 241
223 263
223 259
223 405
223 307
223 258
223 279
223 380
223 436
223 357
223 300
223 401
223 254
223 250
279 3
279 19
279 20
279 35
279 77
279 81
279 83
279 96
279 103
279 200
279 227
279 231
279 250
279 254
279 448
279 332
279 362
279 328
279 380
279 436
279 357
279 300
279 401
380 3
380 17
380 19
380 23
380 26
380 39
380 41
380 45
380 54
380 57
380 58
380 59
380 83
380 85
380 90
380 96
380 159
380 166
380 171
380 197
380 208
380 212
380 231
380 250
380 254
380 256
380 264
380 267
380 298
380 300
380 318
380 327
380 337
380 347
380 357
380 368
380 379
380 384
380 428
380 405
380 436
380 401
436 3
436 8
436 19
436 41
436 49
436 59
436 83
436 87
436 109
436 153
436 159
436 164
436 171
436 197
436 250
436 254
436 266
436 267
436 292
436 298
436 300
436 318
436 330
436 340
436 348
436 355
436 357
436 360
436 368
436 374
436 401
436 405
436 427
436 431
357 3
357 8
357 19
357 29
357 70
357 79
357 83
357 91
357 109
357 112
357 144
357 153
357 171
357 196
357 211
357 229
357 244
357 250
357 254
357 263
357 288
357 292
357 300
357 320
357 340
357 345
357 353
357 381
357 377
357 375
357 441
357 414
357 431
357 374
357 401
83 3
83 12
83 19
83 289
83 346
83 379
83 171
83 109
83 431
83 292
83 153
83 374
83 340
83 300
83 401
83 254
83 250
19 3
19 428
19 390
19 30
19 210
19 413
19 346
19 361
19 300
19 401
19 254
19 250
300 3
300 39
300 68
300 81
300 91
300 92
300 95
300 110
300 113
300 136
300 137
300 143
300 159
300 181
300 221
300 244
300 250
300 253
300 254
300 257
300 263
300 273
300 298
300 299
300 311
300 349
300 346
300 361
300 351
300 364
300 432
300 418
300 387
300 370
300 401
401 3
401 6
401 7
401 25
401 42
401 64
401 75
401 79
401 81
401 88
401 110
401 111
401 113
401 136
401 137
401 159
401 167
401 179
401 187
401 198
401 203
401 205
401 226
401 230
401 250
401 254
401 256
401 273
401 277
401 280
401 288
401 299
401 314
401 327
401 333
401 348
401 370
401 383
401 385
401 387
401 388
401 391
401 420
401 418
401 444
401 434
401 437
401 414
3 344
3 164
3 322
3 280
3 222
3 158
3 349
3 74
3 370
3 111
3 167
3 88
3 444
3 256
3 383
3 79
3 75
3 392
3 268
3 65
3 271
3 42
3 8
3 390
3 386
3 442
3 434
3 25
3 254
3 250
254 12
254 27
254 30
254 37
254 41
254 70
254 108
254 112
254 125
254 136
254 160
254 172
254 174
254 191
254 193
254 226
254 228
254 244
254 250
254 333
254 351
254 257
254 433
254 369
254 368
254 382
254 411
254 302
254 263
254 360
254 446
254 430
250 22
250 36
250 44
250 75
250 143
250 207
250 216
250 306
250 374
250 361
250 311
250 303
344 62
344 92
344 108
344 130
344 172
344 178
344 220
344 228
344 260
344 333
344 335
344 339
344 386
344 415
344 441
344 352
344 388
164 41
164 51
164 67
164 68
164 80
164 85
164 87
164 108
164 120
164 122
164 123
164 125
164 157
164 371
164 228
164 418
164 174
164 360
164 266
164 427
164 348
164 216
164 422
164 283
164 234
164 196
164 342
164 364
164 333
164 355
322 11
322 29
322 30
322 74
322 116
322 117
322 121
322 170
322 201
322 236
322 244
322 273
322 280
322 363
322 353
322 430
322 340
322 332
322 339
280 41
280 64
280 66
280 74
280 77
280 82
280 167
280 178
280 179
280 187
280 202
280 206
280 231
280 234
280 266
280 336
280 411
280 391
280 327
280 420
280 348
280 339
280 350
280 427
280 438
280 419
280 283
280 440
222 30
222 46
222 56
222 68
222 74
222 100
222 104
222 120
222 135
222 158
222 168
222 187
222 191
222 195
222 244
222 256
222 334
222 299
222 349
222 370
222 376
222 338
222 382
222 400
222 446
222 307
222 438
222 329
222 310
158 28
158 50
158 74
158 79
158 90
158 91
158 150
158 259
158 447
158 349
158 370
158 212
158 309
158 166
158 327
158 169
158 231
158 347
158 174
158 305
158 196
158 342
158 165
349 15
349 38
349 74
349 120
349 210
349 263
349 285
349 390
349 370
74 10
74 41
74 100
74 108
74 206
74 382
74 228
74 181
74 229
74 190
74 82
74 348
74 231
74 167
74 178
74 339
74 350
74 370
370 9
370 11
370 46
370 52
370 63
370 81
370 110
370 113
370 120
370 136
370 137
370 138
370 156
370 159
370 176
370 179
370 187
370 194
370 206
370 207
370 228
370 241
370 244
370 255
370 273
370 277
370 299
370 304
370 323
370 350
370 368
370 382
370 416
370 418
370 387
111 14
111 25
111 34
111 42
111 60
111 67
111 75
111 77
111 79
111 87
111 88
111 98
111 242
111 422
111 332
111 373
111 219
111 257
111 433
111 354
111 350
111 316
111 323
111 394
111 437
111 309
111 320
111 391
111 412
111 258
111 284
111 355
111 167
111 444
111 256
111 383
111 434
111 347
111 418
111 264
111 181
111 304
111 255
111 371
111 153
167 6
167 25
167 41
167 42
167 75
167 79
167 82
167 88
167 95
167 351
167 336
167 358
167 326
167 217
167 363
167 340
167 448
167 369
167 348
167 231
167 178
167 339
167 350
167 444
167 256
167 383
167 434
88 25
88 27
88 34
88 35
88 42
88 45
88 47
88 62
88 75
88 79
88 82
88 84
88 291
88 392
88 264
88 110
88 276
88 287
88 426
88 241
88 379
88 281
88 348
88 449
88 220
88 444
88 383
88 434
88 186
88 174
88 256
88 402
88 135
88 191
88 292
88 243
88 179
88 100
444 11
444 14
444 25
444 26
444 27
444 30
444 42
444 45
444 47
444 62
444 65
444 75
444 79
444 81
444 82
444 216
444 220
444 241
444 256
444 281
444 310
444 329
444 332
444 335
444 347
444 348
444 351
444 364
444 378
444 379
444 383
444 402
444 415
444 426
444 427
444 433
444 434
444 438
444 449
256 11
256 14
256 25
256 30
256 34
256 35
256 42
256 47
256 56
256 75
256 79
256 100
256 135
256 168
256 174
256 179
256 186
256 187
256 191
256 195
256 216
256 243
256 312
256 334
256 299
256 332
256 364
256 378
256 415
256 383
256 434
256 402
256 292
383 25
383 29
383 31
383 42
383 57
383 75
383 79
383 93
383 136
383 150
383 165
383 169
383 201
383 219
383 246
383 259
383 272
383 296
383 305
383 340
383 358
383 373
383 376
383 387
383 399
383 386
383 434
383 407
79 12
79 25
79 29
79 31
79 38
79 42
79 53
79 57
79 66
79 70
79 75
79 278
79 181
79 435
79 106
79 386
79 340
79 392
79 178
79 231
79 347
79 174
79 305
79 196
79 342
79 441
79 414
79 320
79 211
79 263
79 345
79 431
79 112
79 288
79 434
79 201
79 407
79 373
79 219
79 165
79 296
79 93
75 6
75 7
75 12
75 22
75 25
75 27
75 42
75 44
75 131
75 278
75 184
75 331
75 304
75 361
75 207
75 143
75 311
75 303
75 434
75 437
75 388
75 414
75 230
75 226
75 203
75 198
75 314
75 385
392 8
392 25
392 38
392 42
392 51
392 65
392 66
392 110
392 165
392 171
392 178
392 234
392 260
392 264
392 268
392 271
392 291
392 320
392 358
392 384
392 386
392 390
392 448
392 442
392 434
268 8
268 25
268 42
268 65
268 234
268 260
268 287
268 291
268 271
268 390
268 386
268 442
268 434
65 6
65 8
65 11
65 25
65 26
65 42
65 52
65 53
65 59
65 91
65 339
65 181
65 219
65 291
65 371
65 67
65 243
65 449
65 220
65 257
65 156
65 114
65 207
65 360
65 427
65 438
65 329
65 310
65 351
65 347
65 381
65 287
65 448
65 99
65 361
65 117
65 263
65 270
65 355
65 271
65 390
65 386
65 442
65 434
271 8
271 25
271 42
271 54
271 68
271 195
271 212
271 229
271 312
271 338
271 276
271 388
271 327
271 285
271 390
271 386
271 442
271 434
42 8
42 25
42 29
42 31
42 246
42 272
42 358
42 399
42 305
42 376
42 169
42 150
42 165
42 340
42 390
42 386
42 442
42 434
8 409
8 267
8 330
8 381
8 377
8 144
8 196
8 229
8 375
8 270
8 314
8 205
8 351
8 257
8 384
8 110
8 406
8 252
8 49
8 135
8 266
8 82
8 168
8 355
8 390
8 386
8 442
8 434
8 25
390 23
390 25
390 26
390 113
390 116
390 162
390 206
390 244
390 277
390 296
390 346
390 374
390 377
390 381
390 386
390 430
390 442
390 434
386 14
386 17
386 25
386 29
386 31
386 62
386 82
386 106
386 145
386 156
386 165
386 168
386 172
386 178
386 205
386 209
386 252
386 260
386 270
386 285
386 314
386 333
386 339
386 340
386 352
386 354
386 378
386 385
386 415
386 441
386 406
386 418
386 442
386 434
442 25
442 34
442 40
442 41
442 56
442 93
442 99
442 104
442 115
442 136
442 205
442 227
442 252
442 270
442 273
442 306
442 314
442 335
442 363
442 405
442 406
442 419
442 434
434 25
434 115
434 205
434 206
434 228
434 277
434 292
434 295
434 333
25 216
25 36
25 209
53 259
53 156
53 114
53 361
53 207
53 360
195 41
195 56
195 100
195 117
195 168
195 187
195 326
195 416
195 327
195 338
195 229
195 346
195 353
195 334
195 299
342 15
342 41
342 64
342 68
342 80
342 95
342 120
342 129
342 138
342 157
342 165
342 173
342 174
342 179
342 181
342 190
342 196
342 216
342 224
342 231
342 234
342 253
342 263
342 283
342 305
342 310
342 333
342 421
342 406
342 435
342 356
342 412
342 347
342 422
342 364
342 355
342 353
342 420
15 176
15 86
15 229
15 124
15 109
15 266
15 68
15 356
15 412
15 224
15 310
356 67
356 68
356 113
356 135
356 157
356 224
356 226
356 310
356 345
356 408
356 430
356 360
356 412
356 438
356 415
412 17
412 34
412 45
412 68
412 78
412 98
412 113
412 116
412 224
412 226
412 258
412 284
412 295
412 309
412 310
412 314
412 320
412 328
412 348
412 355
412 360
412 369
412 381
412 391
412 400
412 438
412 415
412 449
412 437
224 40
224 68
224 130
224 206
224 400
224 382
224 408
224 310
310 7
310 26
310 46
310 56
310 68
310 77
310 81
310 104
310 112
310 135
310 138
310 157
310 191
310 198
310 234
310 251
310 260
310 283
310 307
310 378
310 427
310 347
310 449
310 351
310 446
310 438
310 329
276 54
276 68
276 174
276 212
276 220
276 430
276 340
276 287
276 388
276 327
276 285
212 26
212 28
212 30
212 37
212 45
212 50
212 54
212 66
212 68
212 85
212 87
212 90
212 91
212 115
212 118
212 150
212 166
212 169
212 171
212 208
212 291
212 298
212 323
212 388
212 285
212 309
212 264
212 327
212 428
212 379
212 337
212 369
212 364
212 408
212 314
388 6
388 7
388 36
388 37
388 49
388 54
388 68
388 87
388 89
388 90
388 91
388 92
388 95
388 108
388 135
388 138
388 144
388 170
388 171
388 186
388 197
388 198
388 200
388 203
388 211
388 226
388 230
388 234
388 285
388 314
388 317
388 323
388 327
388 335
388 352
388 381
388 385
388 426
388 422
388 440
388 446
388 437
388 414
54 17
54 23
54 36
54 43
54 197
54 200
54 171
54 91
54 87
54 323
54 327
54 68
54 285
54 58
54 166
54 57
54 90
327 26
327 28
327 45
327 50
327 64
327 68
327 85
327 150
327 165
327 166
327 169
327 171
327 179
327 187
327 208
327 229
327 264
327 285
327 304
327 309
327 338
327 391
327 420
327 348
327 428
327 379
327 337
68 39
68 46
68 447
68 351
68 257
68 253
68 181
68 432
68 285
68 135
68 446
68 307
68 438
68 329
68 216
68 422
68 283
68 234
68 80
68 196
68 364
68 120
68 333
68 355
306 34
306 40
306 41
306 59
306 69
306 93
306 99
306 104
306 136
306 137
306 207
306 227
306 273
306 285
306 296
306 305
306 335
306 405
306 413
227 34
227 40
227 41
227 59
227 69
227 81
227 93
227 99
227 104
227 136
227 207
227 411
227 335
227 405
227 273
227 305
227 413
227 285
227 296
69 38
69 51
69 58
69 59
69 178
69 246
69 362
69 418
69 197
69 193
69 125
69 411
69 317
69 298
69 215
69 211
69 177
69 169
69 420
69 305
69 207
69 413
69 285
69 296
69 93
305 13
305 30
305 58
305 59
305 66
305 93
305 124
305 148
305 150
305 165
305 169
305 174
305 196
305 201
305 207
305 210
305 213
305 231
305 242
305 246
305 272
305 281
305 285
305 294
305 296
305 302
305 362
305 418
305 358
305 414
305 376
305 312
305 323
305 347
305 399
305 387
305 364
305 367
305 413
207 9
207 11
207 22
207 44
207 49
207 52
207 59
207 84
207 93
207 104
207 114
207 124
207 136
207 140
207 143
207 156
207 165
207 194
207 231
207 347
207 418
207 210
207 330
207 352
207 378
207 220
207 360
207 362
207 328
207 260
207 346
207 361
207 311
207 303
207 350
207 241
207 323
207 304
207 255
207 413
207 285
207 296
413 59
413 87
413 93
413 109
413 285
413 289
413 296
413 375
413 432
413 421
285 59
285 93
285 109
285 116
285 334
285 296
296 23
296 40
296 50
296 57
296 59
296 60
296 93
296 103
296 119
296 162
296 165
296 187
296 189
296 201
296 219
296 244
296 270
296 273
296 277
296 367
296 415
296 441
296 422
296 438
296 329
296 381
296 377
296 346
296 374
296 430
296 407
296 373
93 41
93 57
93 59
93 149
93 419
93 205
93 217
93 329
93 220
93 201
93 407
93 373
93 219
93 165
59 11
59 41
59 52
59 213
59 198
59 131
59 316
59 203
59 446
59 307
59 438
59 175
59 381
59 287
59 448
59 99
59 361
59 117
59 263
59 270
59 355
59 96
59 332
59 320
59 211
59 177
59 394
59 240
59 266
59 85
59 197
59 298
59 159
59 267
59 368
59 405
59 318
5 406
5 226
5 354
5 41
5 172
5 243
5 449
5 130
5 291
5 302
5 103
5 26
5 157
5 408
5 44
5 85
5 81
5 317
5 208
5 264
5 437
5 118
5 369
5 387
5 203
5 289
5 11
5 52
5 194
5 190
5 6
5 257
5 144
5 136
5 117
5 338
5 394
5 150
5 281
5 29
5 160
406 49
406 58
406 82
406 110
406 113
406 122
406 135
406 162
406 168
406 179
406 190
406 205
406 217
406 229
406 252
406 257
406 266
406 270
406 314
406 335
406 350
406 351
406 355
406 363
406 375
406 384
406 432
226 6
226 7
226 12
226 23
226 37
226 90
226 110
226 113
226 120
226 125
226 160
226 165
226 174
226 184
226 193
226 198
226 202
226 203
226 244
226 438
226 415
226 416
226 363
226 411
226 302
226 263
226 360
226 446
226 228
226 430
226 437
226 414
226 230
226 314
226 385
354 14
354 17
354 34
354 37
354 60
354 66
354 81
354 87
354 106
354 145
354 156
354 177
354 180
354 190
354 193
354 221
354 257
354 270
354 316
354 323
354 350
354 352
354 394
354 407
354 361
354 418
354 378
354 433
354 408
354 404
41 34
41 40
41 180
41 419
41 205
41 67
41 355
41 333
41 430
41 351
41 257
41 433
41 82
41 348
41 231
41 178
41 339
41 350
41 172
41 243
41 449
41 130
41 291
41 302
41 103
41 369
41 197
41 298
41 159
41 267
41 368
41 318
41 99
41 335
41 136
41 405
41 273
41 104
41 253
41 129
41 95
41 353
41 64
41 420
41 157
41 138
41 179
41 190
172 62
172 63
172 70
172 103
172 130
172 149
172 153
172 266
172 430
172 351
172 257
172 433
172 333
172 415
172 441
172 178
172 339
172 260
172 243
172 449
172 291
172 302
172 369
243 6
243 34
243 35
243 47
243 67
243 89
243 100
243 103
243 130
243 135
243 174
243 179
243 186
243 191
243 220
243 359
243 371
243 257
243 449
243 291
243 302
243 369
243 402
243 292
449 6
449 17
449 27
449 34
449 40
449 45
449 62
449 67
449 77
449 82
449 103
449 116
449 130
449 138
449 157
449 189
449 217
449 220
449 221
449 230
449 231
449 234
449 241
449 251
449 257
449 260
449 277
449 281
449 283
449 291
449 302
449 328
449 347
449 348
449 351
449 363
449 369
449 371
449 379
449 381
449 400
449 426
130 103
130 104
130 117
130 201
130 206
130 382
130 408
130 291
130 302
130 231
130 347
130 369
130 365
130 241
130 263
130 259
130 405
130 221
130 307
130 258
291 46
291 57
291 64
291 80
291 103
291 104
291 110
291 122
291 129
291 219
291 220
291 234
291 253
291 260
291 264
291 277
291 340
291 369
291 302
291 373
291 335
291 330
302 12
302 13
302 37
302 46
302 51
302 57
302 64
302 66
302 103
302 104
302 125
302 171
302 174
302 193
302 219
302 220
302 228
302 263
302 277
302 294
302 369
302 373
302 335
302 330
302 411
302 360
302 446
302 430
103 50
103 77
103 182
103 407
103 231
103 273
103 119
103 415
103 441
103 422
103 189
103 369
26 67
26 329
26 347
26 157
26 408
26 44
26 81
26 317
26 171
26 208
26 264
26 166
26 428
26 379
26 45
26 337
26 85
26 351
26 362
26 238
26 114
26 260
26 432
26 270
26 427
26 438
26 149
26 70
157 44
157 51
157 58
157 64
157 77
157 81
157 85
157 95
157 122
157 125
157 129
157 138
157 430
157 314
157 385
157 242
157 371
157 228
157 418
157 174
157 251
157 351
157 283
157 234
157 260
157 408
157 317
157 208
157 264
157 253
157 353
157 420
157 179
157 190
408 30
408 37
408 44
408 56
408 58
408 66
408 81
408 84
408 85
408 115
408 118
408 171
408 177
408 180
408 190
408 206
408 208
408 221
408 231
408 242
408 251
408 264
408 314
408 316
408 317
408 347
408 350
408 364
408 369
408 382
408 385
408 404
408 430
408 410
408 433
44 22
44 175
44 78
44 116
44 198
44 340
44 160
44 56
44 231
44 347
44 84
44 410
44 361
44 143
44 311
44 303
44 85
44 81
44 317
44 208
44 264
85 45
85 81
85 351
85 441
85 431
85 202
85 168
85 317
85 171
85 208
85 264
85 166
85 428
85 379
85 337
85 96
85 332
85 320
85 211
85 177
85 394
85 240
85 266
85 318
81 34
81 47
81 415
81 433
81 335
81 407
81 193
81 361
81 317
81 208
81 264
81 137
81 418
81 159
81 110
81 136
81 387
81 113
81 273
81 299
317 28
317 38
317 95
317 144
317 169
317 177
317 186
317 208
317 211
317 215
317 219
317 264
317 298
317 411
317 420
208 9
208 45
208 84
208 92
208 140
208 166
208 171
208 189
208 190
208 197
208 437
208 246
208 410
208 260
208 251
208 247
208 303
208 404
208 230
208 264
208 428
208 379
208 337
264 14
264 45
264 67
264 110
264 153
264 166
264 171
264 181
264 193
264 242
264 255
264 441
264 433
264 426
264 428
264 379
264 337
264 347
264 418
264 304
264 371
437 6
437 7
437 11
437 28
437 34
437 39
437 52
437 98
437 110
437 118
437 136
437 138
437 150
437 160
437 190
437 194
437 198
437 202
437 203
437 206
437 209
437 230
437 231
437 258
437 273
437 284
437 289
437 295
437 298
437 309
437 314
437 320
437 336
437 339
437 350
437 351
437 355
437 361
437 368
437 369
437 382
437 385
437 387
437 391
437 405
437 414
437 416
118 6
118 11
118 30
118 37
118 52
118 92
118 115
118 294
118 171
118 364
118 314
118 369
118 136
118 387
118 203
118 289
118 150
118 194
118 190
369 6
369 11
369 17
369 30
369 34
369 37
369 45
369 52
369 95
369 104
369 115
369 116
369 117
369 136
369 150
369 171
369 190
369 194
369 203
369 217
369 221
369 231
369 241
369 257
369 258
369 259
369 263
369 272
369 289
369 307
369 314
369 326
369 328
369 333
369 340
369 347
369 348
369 351
369 363
369 364
369 365
369 430
369 433
369 448
369 381
369 400
369 387
369 405
387 6
387 11
387 23
387 30
387 52
387 110
387 113
387 136
387 137
387 148
387 150
387 159
387 190
387 194
387 203
387 213
387 231
387 241
387 259
387 273
387 281
387 289
387 299
387 347
387 364
387 367
387 418
387 399
203 6
203 7
203 11
203 34
203 52
203 57
203 136
203 150
203 162
203 175
203 181
203 190
203 194
203 198
203 379
203 316
203 267
203 394
203 240
203 446
203 307
203 438
203 289
203 414
203 230
203 314
203 385
289 6
289 11
289 52
289 60
289 136
289 150
289 190
289 194
289 240
289 420
289 330
11 6
11 9
11 375
11 153
11 284
11 96
11 95
11 121
11 353
11 244
11 273
11 29
11 430
11 381
11 287
11 448
11 99
11 361
11 117
11 263
11 270
11 355
11 216
11 332
11 402
11 364
11 30
11 378
11 14
11 415
11 136
11 150
11 190
11 156
11 350
11 241
11 323
11 304
11 255
11 52
11 194
52 6
52 9
52 14
52 116
52 138
52 131
52 318
52 175
52 236
52 325
52 153
52 284
52 96
52 332
52 95
52 381
52 287
52 448
52 99
52 361
52 117
52 263
52 270
52 355
52 136
52 150
52 190
52 156
52 350
52 241
52 323
52 304
52 255
52 194
194 6
194 9
194 82
194 136
194 150
194 156
194 190
194 258
194 385
194 350
194 241
194 323
194 304
194 255
190 6
190 37
190 58
190 64
190 66
190 82
190 95
190 113
190 122
190 129
190 136
190 138
190 150
190 156
190 162
190 177
190 179
190 180
190 181
190 189
190 419
190 441
190 299
190 351
190 284
190 348
190 251
190 247
190 303
190 197
190 230
190 335
190 229
190 375
190 217
190 363
190 433
190 350
190 316
190 221
190 404
190 253
190 353
190 420
6 325
6 77
6 193
6 84
6 140
6 371
6 67
6 220
6 326
6 217
6 363
6 340
6 448
6 95
6 257
6 144
6 136
6 117
6 338
6 394
6 150
6 281
6 29
6 160
6 414
6 230
6 7
6 198
6 314
6 385
257 20
257 29
257 39
257 49
257 60
257 67
257 82
257 87
257 110
257 117
257 135
257 136
257 140
257 144
257 150
257 160
257 168
257 181
257 220
257 252
257 253
257 336
257 309
257 432
257 364
257 333
257 430
257 371
257 433
257 350
257 316
257 323
257 351
257 384
257 266
257 355
257 338
257 394
257 281
144 29
144 95
144 117
144 136
144 365
144 283
144 186
144 381
144 377
144 196
144 229
144 375
144 338
144 394
144 150
144 281
144 160
136 27
136 29
136 30
136 34
136 40
136 70
136 99
136 104
136 110
136 113
136 117
136 230
136 259
136 368
136 244
136 191
136 382
136 228
136 137
136 418
136 159
136 299
136 335
136 405
136 273
136 338
136 394
136 150
136 281
136 160
117 29
117 30
117 99
117 104
117 428
117 334
117 346
117 169
117 240
117 121
117 353
117 244
117 273
117 430
117 381
117 287
117 448
117 361
117 270
117 355
117 231
117 347
117 365
117 241
117 263
117 259
117 405
117 221
117 307
117 258
117 338
117 394
117 150
117 281
117 160
338 29
338 30
338 34
338 49
338 104
338 150
338 160
338 191
338 229
338 281
338 447
338 409
338 376
338 382
338 400
338 394
394 10
394 29
394 60
394 82
394 87
394 96
394 98
394 150
394 160
394 175
394 177
394 211
394 240
394 266
394 267
394 281
394 307
394 316
394 318
394 320
394 323
394 332
394 346
394 350
394 372
394 420
394 433
394 446
394 438
394 419
150 10
150 28
150 29
150 38
150 50
150 64
150 82
150 98
150 191
150 246
150 272
150 358
150 399
150 376
150 309
150 166
150 169
150 346
150 372
150 438
150 419
150 281
150 160
281 7
281 10
281 27
281 29
281 30
281 45
281 62
281 82
281 98
281 148
281 160
281 213
281 220
281 231
281 241
281 255
281 277
281 352
281 346
281 372
281 438
281 419
281 426
281 379
281 348
281 347
281 399
281 364
281 367
29 63
29 121
29 353
29 244
29 30
29 430
29 236
29 273
29 201
29 332
29 339
29 170
29 31
29 165
29 340
29 441
29 414
29 320
29 211
29 263
29 345
29 431
29 112
29 288
29 70
29 160
160 22
160 90
160 108
160 112
160 138
160 149
160 411
160 311
160 303
160 191
160 206
160 382
160 231
160 298
160 339
160 350
160 416
160 202
160 363
325 14
325 236
77 193
77 84
77 140
77 373
77 219
77 266
77 427
77 438
77 419
77 231
77 440
77 251
77 138
77 351
77 283
77 234
77 260
193 12
193 34
193 37
193 51
193 84
193 125
193 140
193 174
193 339
193 422
193 197
193 407
193 361
193 411
193 263
193 360
193 446
193 228
193 430
84 50
84 56
84 230
84 320
84 246
84 92
84 418
84 140
84 241
84 323
84 124
84 210
84 231
84 347
84 410
140 92
140 124
140 189
140 351
140 253
140 309
140 231
140 347
140 418
140 241
140 323
140 210
371 14
371 51
371 67
371 122
371 125
371 153
371 174
371 181
371 220
371 228
371 247
371 255
371 270
371 304
371 347
371 375
371 418
67 14
67 63
67 251
67 333
67 355
67 220
67 347
67 418
67 181
67 304
67 255
67 153
220 27
220 45
220 46
220 49
220 57
220 62
220 64
220 82
220 104
220 119
220 146
220 217
220 219
220 329
220 337
220 288
220 352
220 378
220 426
220 241
220 379
220 348
220 373
220 335
220 330
220 277
326 37
326 95
326 217
326 420
326 363
326 340
326 448
217 40
217 58
217 95
217 113
217 122
217 124
217 162
217 179
217 189
217 273
217 446
217 329
217 346
217 431
217 359
217 415
217 340
217 448
217 221
217 231
217 347
217 230
217 335
217 229
217 375
217 363
363 40
363 58
363 89
363 90
363 95
363 113
363 122
363 124
363 162
363 179
363 189
363 202
363 221
363 229
363 230
363 231
363 335
363 340
363 346
363 347
363 359
363 431
363 415
363 448
363 416
363 375
340 31
340 95
340 109
340 116
340 153
340 165
340 170
340 171
340 198
340 201
340 236
340 273
340 292
340 332
340 339
340 448
340 431
340 374
448 9
448 62
448 95
448 99
448 189
448 263
448 270
448 287
448 355
448 361
448 381
95 31
95 64
95 92
95 211
95 391
95 186
95 272
95 153
95 284
95 96
95 332
95 298
95 432
95 143
95 244
95 253
95 129
95 353
95 420
95 138
95 179
414 7
414 58
414 70
414 112
414 124
414 198
414 201
414 210
414 211
414 230
414 242
414 263
414 283
414 288
414 312
414 314
414 320
414 323
414 345
414 376
414 385
414 441
414 431
230 7
230 40
230 189
230 197
230 198
230 221
230 309
230 251
230 247
230 303
230 404
230 231
230 347
230 314
230 385
7 288
7 176
7 284
7 175
7 56
7 378
7 104
7 198
7 314
7 385
198 112
198 116
198 149
198 191
198 404
198 419
198 236
198 415
198 329
198 314
198 385
314 30
314 37
314 56
314 58
314 78
314 115
314 116
314 171
314 205
314 242
314 251
314 252
314 270
314 295
314 303
314 364
314 385
385 37
385 49
385 58
385 82
385 87
385 89
385 135
385 138
385 168
385 197
385 209
385 211
385 234
385 242
385 251
385 258
385 381
385 419
385 440
385 446
288 70
288 112
288 119
288 146
288 211
288 263
288 352
288 337
288 441
288 320
288 345
288 431
176 46
176 70
176 120
176 135
176 138
176 149
176 175
176 240
176 187
176 438
176 378
176 284
176 368
176 244
176 277
176 179
284 34
284 56
284 82
284 91
284 96
284 98
284 153
284 175
284 177
284 191
284 206
284 258
284 378
284 292
284 332
284 334
284 375
284 382
284 309
284 320
284 391
284 355
175 56
175 66
175 82
175 131
175 336
175 246
175 378
175 318
175 258
175 316
175 267
175 240
175 446
175 307
175 438
56 90
56 115
56 378
56 104
56 82
56 258
56 334
56 187
56 168
56 299
56 100
56 231
56 347
56 410
378 14
378 17
378 30
378 49
378 104
378 106
378 145
378 156
378 216
378 241
378 270
378 330
378 332
378 352
378 364
378 374
378 418
378 402
378 415
104 30
104 33
104 34
104 40
104 46
104 49
104 57
104 64
104 82
104 99
104 352
104 376
104 191
104 382
104 400
104 273
104 231
104 347
104 365
104 241
104 263
104 259
104 405
104 221
104 307
104 258
104 373
104 219
104 335
104 330
104 277
409 12
409 165
409 196
409 331
409 353
409 435
409 432
267 23
267 49
267 51
267 91
267 159
267 168
267 196
267 197
267 202
267 205
267 209
267 240
267 421
267 330
267 316
267 446
267 307
267 438
267 298
267 368
267 405
267 318
267 377
267 431
330 46
330 49
330 57
330 64
330 219
330 241
330 277
330 352
330 373
330 335
381 17
381 23
381 34
381 37
381 45
381 49
381 87
381 89
381 99
381 115
381 116
381 135
381 138
381 196
381 197
381 211
381 229
381 234
381 244
381 263
381 270
381 277
381 287
381 328
381 346
381 348
381 355
381 361
381 374
381 375
381 377
381 400
381 430
381 440
381 446
377 23
377 36
377 51
377 156
377 168
377 196
377 202
377 205
377 209
377 229
377 244
377 277
377 346
377 374
377 375
377 433
377 430
377 431
196 23
196 51
196 80
196 120
196 162
196 165
196 168
196 174
196 410
196 432
196 229
196 375
196 231
196 347
196 431
196 202
196 209
196 205
196 216
196 422
196 283
196 234
196 364
196 333
196 355
229 58
229 82
229 113
229 122
229 162
229 179
229 181
229 348
229 335
229 375
375 58
375 87
375 91
375 109
375 113
375 122
375 162
375 177
375 179
375 191
375 334
375 335
375 355
375 421
375 382
270 14
270 17
270 23
270 40
270 46
270 70
270 99
270 106
270 114
270 145
270 149
270 156
270 162
270 187
270 205
270 238
270 252
270 260
270 263
270 441
270 335
270 323
270 329
270 287
270 361
270 355
270 418
270 352
270 351
270 362
270 432
270 427
270 438
205 23
205 51
205 89
205 168
205 171
205 186
205 202
205 441
205 277
205 333
205 419
205 252
205 431
205 209
351 39
351 49
351 70
351 82
351 110
351 114
351 135
351 138
351 149
351 168
351 181
351 234
351 238
351 251
351 252
351 253
351 260
351 266
351 283
351 309
351 329
351 333
351 347
351 415
351 364
351 430
351 433
351 362
351 432
351 427
351 438
351 384
351 355
384 20
384 49
384 51
384 82
384 110
384 135
384 168
384 252
384 266
384 355
384 358
110 28
110 39
110 46
110 49
110 51
110 82
110 358
110 416
110 202
110 209
110 295
110 336
110 137
110 418
110 159
110 113
110 273
110 299
110 252
110 135
110 266
110 168
110 355
252 49
252 82
252 135
252 168
252 181
252 278
252 266
252 355
49 37
49 405
49 113
49 241
49 352
49 266
49 82
49 168
49 355
49 197
49 234
49 440
49 211
49 87
49 135
49 446
49 138
49 89
135 34
135 35
135 37
135 46
135 47
135 82
135 87
135 89
135 100
135 379
135 259
135 307
135 438
135 329
135 266
135 168
135 355
135 197
135 234
135 440
135 211
135 446
135 138
135 186
135 174
135 402
135 191
135 292
135 179
266 70
266 82
266 87
266 96
266 149
266 168
266 177
266 211
266 231
266 234
266 240
266 345
266 352
266 438
266 419
266 283
266 440
266 360
266 427
266 348
266 332
266 320
266 318
266 355
82 10
82 27
82 45
82 62
82 78
82 209
82 400
82 258
82 181
82 231
82 178
82 339
82 350
82 346
82 372
82 98
82 438
82 419
82 426
82 241
82 379
82 348
82 168
82 355
168 23
168 51
168 100
168 334
168 187
168 299
168 355
168 431
168 202
168 209
355 34
355 80
355 87
355 91
355 98
355 99
355 120
355 177
355 191
355 216
355 234
355 258
355 263
355 283
355 287
355 309
355 320
355 333
355 334
355 348
355 382
355 360
355 427
355 361
355 391
355 422
355 364
9 80
9 433
9 197
9 362
9 328
9 260
9 346
9 165
9 156
9 350
9 241
9 323
9 304
9 255
80 106
80 253
80 129
80 216
80 422
80 283
80 234
80 364
80 120
80 333
433 37
433 47
433 60
433 66
433 87
433 174
433 177
433 180
433 189
433 221
433 316
433 323
433 333
433 335
433 350
433 404
433 430
433 441
197 36
197 37
197 51
197 87
197 89
197 125
197 138
197 159
197 189
197 260
197 200
197 251
197 247
197 303
197 404
197 298
197 368
197 405
197 318
197 234
197 440
197 211
197 446
362 35
362 70
362 114
362 148
362 149
362 165
362 238
362 246
362 260
362 328
362 346
362 418
362 399
362 432
362 427
362 438
328 17
328 34
328 45
328 96
328 99
328 116
328 122
328 165
328 189
328 242
328 260
328 346
328 348
328 400
260 62
260 70
260 114
260 138
260 149
260 165
260 178
260 234
260 238
260 251
260 346
260 333
260 415
260 441
260 339
260 283
260 432
260 427
260 438
346 10
346 12
346 23
346 98
346 124
346 165
346 169
346 210
346 240
346 244
346 263
346 277
346 334
346 379
346 353
346 431
346 359
346 415
346 372
346 438
346 419
346 374
346 430
165 12
165 31
165 38
165 57
165 66
165 106
165 143
165 184
165 263
165 428
165 304
165 432
165 178
165 320
165 231
165 347
165 174
165 201
165 407
165 373
165 219
156 14
156 17
156 70
156 106
156 114
156 145
156 295
156 361
156 360
156 418
156 352
156 350
156 241
156 323
156 304
156 255
350 37
350 60
350 66
350 87
350 114
350 138
350 177
350 178
350 180
350 206
350 221
350 231
350 241
350 255
350 298
350 304
350 316
350 323
350 339
350 348
350 382
350 404
241 27
241 45
241 62
241 124
241 210
241 221
241 231
241 418
241 352
241 426
241 379
241 348
241 323
241 304
241 255
241 347
241 365
241 263
241 259
241 405
241 307
241 258
323 34
323 46
323 58
323 60
323 87
323 90
323 91
323 124
323 171
323 201
323 210
323 231
323 242
323 255
323 304
323 312
323 316
323 441
323 335
323 347
323 418
323 376
304 12
304 14
304 98
304 153
304 181
304 255
304 435
304 345
304 428
304 331
304 347
304 418
255 14
255 153
255 181
255 184
255 347
255 418
10 299
10 206
10 307
10 372
10 98
10 438
10 419
299 63
299 100
299 113
299 137
299 159
299 187
299 273
299 416
299 334
299 418
206 45
206 138
206 153
206 202
206 307
206 228
206 438
206 419
206 292
206 333
206 295
206 382
206 231
206 298
206 339
307 46
307 221
307 231
307 240
307 258
307 259
307 263
307 419
307 316
307 446
307 438
307 329
307 347
307 365
307 405
372 98
372 331
372 368
372 438
372 419
98 27
98 34
98 438
98 419
98 309
98 320
98 391
98 258
438 23
438 40
438 46
438 70
438 113
438 114
438 149
438 162
438 187
438 202
438 231
438 234
438 238
438 240
438 283
438 316
438 329
438 347
438 360
438 415
438 419
438 427
438 432
438 440
438 446
419 202
419 231
419 234
419 283
419 318
419 427
419 440
153 14
153 96
153 109
153 332
153 171
153 431
153 292
153 374
153 347
153 418
153 181
96 62
96 430
96 200
96 242
96 99
96 159
96 410
96 332
96 320
96 211
96 177
96 240
96 318
121 12
121 30
121 215
121 320
121 200
121 353
121 244
121 273
121 430
353 12
353 30
353 64
353 129
353 138
353 179
353 244
353 253
353 273
353 331
353 334
353 435
353 430
353 420
244 23
244 27
244 30
244 46
244 70
244 91
244 92
244 120
244 138
244 143
244 179
244 191
244 228
244 263
244 376
244 273
244 298
244 432
244 368
244 382
244 277
244 374
244 430
273 28
273 30
273 34
273 39
273 40
273 50
273 99
273 113
273 119
273 137
273 159
273 170
273 189
273 201
273 202
273 209
273 236
273 430
273 332
273 339
273 415
273 441
273 422
273 416
273 295
273 336
273 418
273 335
273 405
430 12
430 23
430 30
430 37
430 125
430 149
430 174
430 228
430 263
430 277
430 333
430 360
430 374
430 411
430 441
430 446
287 99
287 174
287 263
287 361
99 34
99 40
99 242
99 361
99 263
99 335
99 405
361 22
361 27
361 34
361 114
361 143
361 184
361 263
361 278
361 303
361 311
361 336
361 360
361 407
361 368
361 405
263 12
263 37
263 70
263 91
263 106
263 112
263 125
263 169
263 174
263 181
263 211
263 221
263 228
263 231
263 240
263 258
263 259
263 334
263 435
263 441
263 320
263 345
263 431
263 347
263 365
263 405
263 411
263 360
263 446
216 14
216 30
216 35
216 120
216 174
216 332
216 402
216 415
216 422
216 283
216 234
216 364
216 333
332 14
332 30
332 35
332 43
332 170
332 174
332 177
332 200
332 201
332 211
332 236
332 240
332 318
332 320
332 441
332 426
332 410
332 339
332 402
332 364
332 415
402 14
402 30
402 31
402 34
402 35
402 38
402 46
402 47
402 100
402 174
402 179
402 186
402 191
402 292
402 364
402 376
402 415
364 14
364 30
364 37
364 39
364 115
364 120
364 148
364 171
364 181
364 213
364 231
364 234
364 253
364 283
364 333
364 347
364 432
364 415
364 399
364 367
364 422
30 14
30 27
30 124
30 376
30 400
30 368
30 191
30 382
30 228
30 70
30 171
30 37
30 115
30 415
30 231
30 347
30 148
30 399
30 367
30 213
14 258
14 236
14 17
14 106
14 352
14 145
14 415
14 347
14 418
14 181
415 50
415 62
415 113
415 119
415 124
415 171
415 178
415 189
415 236
415 333
415 339
415 359
415 360
415 431
415 422
415 441
12 379
12 435
12 106
12 331
12 411
12 174
12 125
12 360
12 446
12 37
12 228
379 27
379 45
379 62
379 162
379 166
379 171
379 181
379 337
379 348
379 428
379 426
435 181
435 184
435 331
435 416
106 17
106 418
106 352
106 145
331 20
331 125
411 28
411 37
411 38
411 40
411 125
411 137
411 169
411 174
411 177
411 211
411 215
411 219
411 228
411 298
411 360
411 407
411 420
411 446
174 34
174 35
174 37
174 47
174 51
174 100
174 122
174 125
174 215
174 418
174 231
174 347
174 360
174 446
174 228
174 186
174 191
174 292
174 179
125 37
125 46
125 51
125 122
125 189
125 418
125 360
125 446
125 228
360 37
360 87
360 113
360 114
360 228
360 348
360 427
360 446
446 37
446 46
446 87
446 89
446 120
446 127
446 138
446 211
446 228
446 234
446 240
446 316
446 329
446 440
37 318
37 431
37 171
37 115
37 66
37 316
37 177
37 180
37 221
37 404
37 234
37 440
37 211
37 87
37 138
37 89
37 228
228 27
228 51
228 70
228 122
228 191
228 418
228 368
228 382
13 182
13 422
13 407
13 114
13 66
13 294
182 246
182 373
422 50
422 119
422 120
422 170
422 189
422 234
422 283
422 333
422 426
422 441
407 34
407 57
407 201
407 219
407 373
407 426
114 70
114 440
114 358
114 170
114 335
114 238
114 432
114 427
114 149
66 38
66 43
66 70
66 122
66 219
66 294
66 178
66 320
66 316
66 177
66 180
66 221
66 404
294 35
294 215
294 358
258 34
258 187
258 221
258 231
258 427
258 400
258 347
258 365
258 259
258 405
258 309
258 320
258 391
236 89
236 90
236 115
236 142
236 170
236 201
236 339
17 238
17 58
17 166
17 57
17 23
17 90
17 34
17 45
17 116
17 348
17 400
17 418
17 352
17 145
352 33
352 92
352 108
352 145
352 335
352 418
145 359
145 367
145 303
145 418
347 40
347 58
347 124
347 148
347 159
347 181
347 189
347 210
347 213
347 221
347 231
347 259
347 329
347 336
347 410
347 427
347 365
347 405
347 399
347 367
347 418
418 51
418 113
418 122
418 124
418 137
418 159
418 181
418 210
418 231
418 242
418 246
418 426
181 39
181 162
181 253
181 432
181 348
86 22
86 345
86 292
86 382
86 112
124 58
124 431
124 359
124 231
124 201
124 242
124 376
124 312
124 210
109 87
109 428
109 421
109 171
109 431
109 292
109 374
27 278
27 184
27 368
27 191
27 382
27 70
27 426
27 62
27 45
27 348
410 92
410 189
410 231
410 246
410 309
410 376
143 22
143 64
143 92
143 334
143 298
143 432
143 311
143 303
231 40
231 58
231 138
231 148
231 159
231 178
231 189
231 210
231 213
231 221
231 382
231 298
231 348
231 339
231 427
231 283
231 234
231 440
231 365
231 259
231 405
231 399
231 367
148 35
148 39
148 309
148 219
148 246
148 399
148 367
148 213
399 35
399 169
399 213
399 246
399 253
399 272
399 358
399 367
399 376
367 213
367 303
367 393
213 149
213 247
238 70
238 149
238 432
238 427
58 23
58 57
58 137
58 159
58 251
58 166
58 90
58 201
58 242
58 376
58 312
58 210
58 122
58 335
58 162
58 113
58 179
166 23
166 28
166 35
166 45
166 50
166 57
166 90
166 237
166 309
166 169
166 171
166 428
166 337
57 23
57 46
57 391
57 240
57 90
57 335
57 64
57 277
57 201
57 373
57 219
23 334
23 64
23 120
23 90
23 162
23 187
23 329
23 40
23 277
23 374
23 51
23 431
23 202
23 209
90 87
90 146
90 447
90 171
90 91
90 416
90 202
34 376
34 45
34 116
34 348
34 400
34 335
34 405
34 40
34 309
34 320
34 391
34 186
34 47
34 35
34 191
34 292
34 179
34 100
45 259
45 171
45 428
45 337
45 116
45 400
45 426
45 62
45 348
116 78
116 142
116 295
116 348
116 400
348 62
348 64
348 87
348 178
348 179
348 187
348 202
348 339
348 391
348 420
348 427
348 400
348 426
400 191
400 329
400 336
400 376
400 382
127 108
127 303
359 431
179 35
179 46
179 47
179 64
179 100
179 113
179 120
179 122
179 123
179 129
179 138
179 162
179 391
179 187
179 368
179 277
179 335
179 186
179 191
179 292
179 253
179 420
89 87
89 295
89 115
89 234
89 440
89 211
89 138
115 201
115 171
171 87
171 91
171 122
171 428
171 337
171 431
171 292
171 374
428 337
428 447
337 119
337 146
337 251
210 201
210 242
210 376
210 312
20 159
159 113
159 137
159 298
159 368
159 405
159 318
272 169
272 178
272 246
272 358
272 376
108 92
108 191
108 112
108 335
92 246
92 298
92 432
92 335
335 40
335 46
335 47
335 64
335 113
335 122
335 162
335 219
335 277
335 316
335 441
335 405
335 373
22 311
22 303
311 112
311 303
311 382
303 142
303 189
303 247
303 251
303 404
334 91
334 100
334 177
334 187
334 191
334 382
64 46
64 240
64 391
64 187
64 373
64 219
64 277
64 253
64 129
64 420
64 138
120 46
120 376
120 368
120 277
120 138
120 283
120 234
120 333
162 40
162 113
162 122
162 187
162 329
187 40
187 63
187 70
187 100
187 149
187 191
187 333
187 416
187 391
187 420
187 329
329 40
329 46
329 112
329 191
329 427
40 277
40 138
40 221
40 189
40 405
277 46
277 138
277 219
277 333
277 368
277 374
277 373
374 292
374 431
51 358
51 122
51 431
51 202
51 209
431 70
431 112
431 202
431 209
431 211
431 292
431 320
431 345
431 382
431 441
202 28
202 39
202 295
202 336
202 416
202 209
209 28
209 39
209 416
209 295
209 336
358 169
358 246
358 376
36 200
432 39
432 70
432 149
432 253
432 298
432 421
432 427
427 70
427 78
427 87
427 146
427 149
427 234
427 251
427 283
427 440
149 70
149 318
70 246
70 368
70 191
70 382
70 441
70 320
70 211
70 345
70 112
278 184
184 173
184 345
368 46
368 138
368 191
368 298
368 318
368 336
368 382
368 405
191 35
191 47
191 91
191 100
191 112
191 177
191 186
191 376
191 382
191 292
382 91
382 138
382 177
382 298
382 318
382 339
382 376
426 47
426 62
426 170
426 234
426 242
426 320
62 333
62 441
62 178
62 339
28 219
28 416
28 295
28 336
28 39
28 309
28 50
28 169
219 43
219 46
219 122
219 201
219 373
416 39
416 63
416 112
416 292
416 295
416 336
416 420
295 39
295 78
295 292
295 333
295 336
336 39
336 405
39 253
309 50
309 169
309 253
309 373
309 320
309 391
50 119
50 441
50 189
50 169
169 38
169 60
169 240
169 246
169 376
169 298
169 215
169 211
169 177
169 420
63 292
63 119
201 170
201 339
201 242
201 376
201 312
201 373
339 138
339 170
339 178
339 298
339 333
339 440
339 441
170 91
170 234
31 440
31 215
441 46
441 112
441 119
441 178
441 189
441 211
441 242
441 320
441 333
441 345
320 38
320 112
320 177
320 178
320 211
320 240
320 318
320 345
320 391
211 38
211 87
211 112
211 138
211 177
211 447
211 298
211 215
211 420
211 240
211 318
211 345
211 234
211 440
345 112
376 242
376 246
376 312
440 87
440 138
440 234
440 283
215 38
215 177
215 298
215 420
186 35
186 47
186 100
186 292
253 47
253 129
253 138
253 420
129 420
129 138
316 60
316 87
316 177
316 180
316 221
316 240
316 404
177 38
177 91
177 298
177 420
177 240
177 318
177 180
177 221
177 404
180 221
180 404
221 189
221 404
221 365
221 259
221 405
404 78
404 100
404 189
404 247
404 251
292 35
292 47
292 100
292 333
33 142
142 393
405 259
405 298
405 318
405 365
391 200
391 420
47 35
47 178
47 100
35 246
35 100
318 131
318 240
318 298
234 87
234 138
234 251
234 283
234 333
87 60
87 421
87 91
87 138
138 46
138 298
138 251
138 283
138 420
38 60
38 298
38 420
38 178
298 420
178 333
189 119
189 251
189 247
333 283
43 122
122 113
259 365
46 312
46 240
46 373
312 242
91 447
113 137
119 393
119 146
251 242
251 247
251 283
237 173
