128 2113
0 127
0 121
0 119
0 118
0 116
0 113
0 109
0 108
0 107
0 104
0 102
0 101
0 97
0 89
0 87
0 79
0 78
0 75
0 73
0 71
0 69
0 66
0 63
0 56
0 54
0 46
0 43
0 36
0 32
0 31
0 30
0 26
0 11
127 1
127 6
127 7
127 13
127 18
127 19
127 26
127 27
127 38
127 42
127 44
127 51
127 54
127 56
127 61
127 63
127 65
127 66
127 67
127 68
127 69
127 72
127 73
127 74
127 75
127 77
127 78
127 79
127 82
127 87
127 89
127 90
127 91
127 93
127 96
127 97
127 98
127 99
127 100
127 101
127 104
127 106
127 107
127 108
127 109
127 112
127 113
127 114
127 116
127 121
127 122
127 124
127 125
121 1
121 5
121 7
121 12
121 22
121 26
121 30
121 42
121 43
121 54
121 55
121 56
121 59
121 61
121 63
121 66
121 67
121 69
121 70
121 74
121 75
121 83
121 87
121 88
121 90
121 91
121 94
121 95
121 97
121 102
121 106
121 107
121 108
121 109
121 110
121 118
121 126
119 11
119 30
119 31
119 32
119 36
119 43
119 46
119 54
119 56
119 66
119 71
119 79
119 89
119 97
119 101
119 102
119 107
119 108
119 111
119 118
118 30
118 43
118 46
118 54
118 56
118 63
118 66
118 71
118 79
118 97
118 102
118 108
116 7
116 11
116 15
116 18
116 26
116 30
116 31
116 32
116 34
116 38
116 42
116 50
116 61
116 64
116 72
116 73
116 75
116 77
116 78
116 79
116 87
116 89
116 90
116 96
116 99
116 100
116 101
116 104
116 107
116 108
116 109
116 113
116 124
116 120
113 6
113 7
113 13
113 15
113 18
113 26
113 27
113 32
113 38
113 42
113 50
113 51
113 61
113 63
113 64
113 65
113 67
113 72
113 73
113 75
113 77
113 78
113 79
113 87
113 89
113 90
113 91
113 96
113 98
113 99
113 100
113 101
113 104
113 107
113 108
113 109
113 125
113 124
113 122
113 114
109 6
109 7
109 11
109 15
109 18
109 26
109 27
109 30
109 32
109 38
109 42
109 43
109 51
109 54
109 56
109 61
109 63
109 65
109 66
109 67
109 69
109 72
109 73
109 75
109 77
109 78
109 79
109 87
109 89
109 90
109 91
109 96
109 97
109 98
109 99
109 100
109 101
109 102
109 104
109 106
109 107
109 108
109 125
109 124
109 122
108 11
108 26
108 30
108 31
108 32
108 36
108 38
108 42
108 43
108 46
108 54
108 56
108 63
108 66
108 67
108 69
108 71
108 73
108 75
108 77
108 78
108 79
108 87
108 89
108 96
108 97
108 101
108 102
108 104
108 107
107 7
107 11
107 18
107 26
107 27
107 30
107 32
107 38
107 42
107 43
107 51
107 54
107 56
107 61
107 63
107 66
107 67
107 69
107 71
107 72
107 73
107 75
107 77
107 78
107 79
107 87
107 89
107 90
107 91
107 96
107 97
107 99
107 101
107 102
107 104
107 124
104 7
104 15
104 18
104 26
104 32
104 34
104 38
104 42
104 50
104 61
104 64
104 72
104 73
104 75
104 77
104 78
104 79
104 87
104 89
104 90
104 96
104 99
104 100
104 101
104 124
104 120
102 11
102 26
102 30
102 36
102 43
102 46
102 54
102 56
102 63
102 66
102 69
102 71
102 78
102 79
102 89
102 97
102 101
101 7
101 11
101 15
101 26
101 30
101 31
101 32
101 36
101 38
101 42
101 43
101 46
101 54
101 56
101 64
101 67
101 71
101 73
101 75
101 77
101 78
101 79
101 87
101 89
101 96
101 97
101 99
101 124
97 11
97 26
97 30
97 31
97 36
97 43
97 46
97 54
97 56
97 63
97 66
97 69
97 71
97 73
97 78
97 79
97 89
89 7
89 11
89 15
89 18
89 26
89 30
89 31
89 32
89 38
89 42
89 43
89 54
89 56
89 61
89 63
89 64
89 66
89 67
89 72
89 73
89 75
89 77
89 78
89 79
89 87
89 124
89 100
89 99
89 96
89 91
89 90
87 1
87 6
87 7
87 9
87 13
87 18
87 19
87 23
87 26
87 27
87 29
87 38
87 42
87 44
87 51
87 52
87 54
87 56
87 57
87 61
87 63
87 65
87 66
87 67
87 68
87 69
87 70
87 72
87 73
87 74
87 75
87 77
87 78
87 79
87 82
87 126
87 125
87 124
87 122
87 115
87 114
87 112
87 106
87 100
87 99
87 98
87 95
87 93
87 92
87 91
87 90
79 11
79 15
79 26
79 30
79 31
79 32
79 36
79 38
79 42
79 43
79 46
79 54
79 56
79 63
79 66
79 71
79 73
79 75
79 77
79 78
79 124
79 99
79 96
78 7
78 11
78 15
78 18
78 26
78 27
78 30
78 31
78 32
78 38
78 42
78 43
78 51
78 54
78 56
78 61
78 63
78 64
78 66
78 67
78 72
78 73
78 75
78 77
78 124
78 100
78 99
78 98
78 96
78 91
78 90
75 1
75 5
75 6
75 7
75 9
75 12
75 13
75 18
75 19
75 22
75 26
75 27
75 29
75 38
75 42
75 44
75 51
75 54
75 56
75 61
75 63
75 65
75 66
75 67
75 68
75 69
75 70
75 72
75 73
75 74
75 126
75 125
75 124
75 122
75 114
75 112
75 110
75 106
75 100
75 99
75 98
75 95
75 93
75 92
75 91
75 90
75 88
75 82
75 77
73 7
73 11
73 15
73 18
73 26
73 27
73 30
73 31
73 32
73 34
73 38
73 42
73 50
73 61
73 64
73 67
73 72
73 124
73 120
73 100
73 99
73 96
73 90
73 77
71 30
71 36
71 43
71 46
71 54
71 56
71 66
69 1
69 5
69 12
69 22
69 26
69 43
69 54
69 55
69 56
69 59
69 63
69 66
69 67
69 126
69 110
69 106
69 105
69 95
69 94
69 91
69 88
69 83
69 74
69 70
66 5
66 12
66 22
66 26
66 30
66 43
66 54
66 55
66 56
66 59
66 63
66 95
66 88
66 70
66 67
63 1
63 5
63 7
63 12
63 22
63 26
63 27
63 30
63 42
63 43
63 51
63 54
63 55
63 56
63 59
63 61
63 126
63 122
63 106
63 99
63 95
63 91
63 90
63 88
63 83
63 74
63 70
63 67
56 22
56 26
56 30
56 43
56 46
56 54
56 88
54 11
54 22
54 26
54 30
54 43
54 46
46 11
46 15
46 30
46 31
46 32
46 36
46 43
46 111
43 11
43 30
43 36
36 4
36 11
36 15
36 30
36 31
36 32
36 111
36 86
36 47
32 4
32 11
32 15
32 30
32 31
32 124
32 120
32 96
32 86
32 77
32 64
32 47
32 38
32 34
31 2
31 4
31 11
31 15
31 30
31 111
31 86
31 47
31 34
30 11
30 26
26 6
26 7
26 13
26 18
26 126
26 125
26 124
26 122
26 114
26 112
26 106
26 100
26 99
26 98
26 96
26 91
26 90
26 82
26 77
26 74
26 72
26 68
26 67
26 65
26 61
26 51
26 44
26 42
26 38
26 27
11 4
11 111
11 86
11 47
11 34
11 15
1 126
1 125
1 122
1 117
1 115
1 114
1 112
1 110
1 106
1 98
1 95
1 93
1 92
1 91
1 90
1 88
1 85
1 83
1 82
1 81
1 74
1 70
1 68
1 67
1 65
1 61
1 60
1 59
1 57
1 52
1 51
1 45
1 44
1 40
1 37
1 35
1 29
1 27
1 24
1 23
1 22
1 21
1 19
1 12
1 9
1 7
1 6
1 5
126 5
126 9
126 12
126 19
126 22
126 23
126 24
126 27
126 29
126 35
126 37
126 40
126 44
126 45
126 51
126 52
126 55
126 57
126 59
126 60
126 61
126 65
126 67
126 68
126 70
126 74
126 81
126 82
126 83
126 85
126 88
126 90
126 91
126 92
126 93
126 94
126 95
126 98
126 106
126 110
126 112
126 114
126 115
126 122
126 125
125 6
125 7
125 9
125 13
125 18
125 19
125 21
125 23
125 24
125 27
125 29
125 35
125 37
125 40
125 42
125 44
125 45
125 51
125 52
125 57
125 60
125 61
125 65
125 67
125 68
125 70
125 72
125 74
125 81
125 82
125 83
125 85
125 90
125 91
125 92
125 93
125 95
125 98
125 99
125 106
125 110
125 112
125 114
125 115
125 117
125 122
122 6
122 7
122 9
122 12
122 13
122 18
122 19
122 21
122 23
122 24
122 27
122 29
122 35
122 37
122 40
122 42
122 44
122 45
122 51
122 52
122 57
122 60
122 61
122 65
122 67
122 68
122 70
122 72
122 74
122 81
122 82
122 83
122 85
122 90
122 91
122 92
122 93
122 95
122 98
122 99
122 106
122 110
122 112
122 114
122 115
122 117
117 9
117 19
117 21
117 23
117 24
117 27
117 29
117 35
117 37
117 40
117 44
117 45
117 51
117 52
117 57
117 60
117 65
117 68
117 74
117 81
117 82
117 85
117 91
117 92
117 93
117 98
117 110
117 112
117 114
117 115
115 9
115 19
115 21
115 23
115 24
115 27
115 29
115 35
115 37
115 40
115 44
115 45
115 51
115 52
115 57
115 60
115 61
115 65
115 67
115 68
115 74
115 81
115 82
115 83
115 85
115 90
115 91
115 92
115 93
115 95
115 98
115 106
115 110
115 112
115 114
114 6
114 7
114 9
114 13
114 18
114 19
114 21
114 23
114 24
114 27
114 29
114 35
114 37
114 40
114 42
114 44
114 45
114 51
114 52
114 57
114 60
114 61
114 65
114 67
114 68
114 72
114 74
114 81
114 82
114 83
114 85
114 90
114 91
114 92
114 93
114 95
114 98
114 99
114 100
114 106
114 110
114 112
112 5
112 6
112 7
112 9
112 12
112 19
112 21
112 23
112 24
112 27
112 29
112 35
112 37
112 40
112 42
112 44
112 45
112 51
112 52
112 57
112 60
112 61
112 65
112 67
112 68
112 70
112 74
112 81
112 82
112 83
112 85
112 90
112 91
112 92
112 93
112 95
112 98
112 106
112 110
110 5
110 9
110 12
110 19
110 22
110 23
110 24
110 27
110 29
110 35
110 37
110 40
110 44
110 45
110 51
110 52
110 55
110 57
110 59
110 60
110 65
110 67
110 68
110 70
110 74
110 81
110 82
110 83
110 85
110 88
110 91
110 92
110 93
110 95
110 106
106 5
106 6
106 7
106 9
106 12
106 19
106 22
106 23
106 24
106 27
106 29
106 37
106 40
106 42
106 44
106 45
106 51
106 52
106 57
106 59
106 60
106 61
106 65
106 67
106 68
106 70
106 74
106 82
106 83
106 88
106 90
106 91
106 92
106 93
106 95
106 98
106 99
98 6
98 7
98 9
98 13
98 18
98 19
98 23
98 24
98 27
98 29
98 37
98 38
98 40
98 42
98 44
98 45
98 51
98 52
98 57
98 61
98 65
98 67
98 68
98 72
98 74
98 77
98 81
98 82
98 90
98 91
98 92
98 93
98 100
98 99
95 5
95 9
95 12
95 19
95 22
95 23
95 27
95 29
95 37
95 40
95 44
95 51
95 52
95 55
95 59
95 65
95 67
95 68
95 70
95 74
95 83
95 88
95 91
95 92
95 94
95 105
93 6
93 7
93 9
93 13
93 19
93 21
93 23
93 24
93 27
93 29
93 35
93 37
93 40
93 42
93 44
93 45
93 51
93 52
93 57
93 60
93 61
93 65
93 67
93 68
93 74
93 81
93 82
93 83
93 85
93 90
93 91
93 92
92 5
92 9
92 12
92 19
92 21
92 23
92 24
92 27
92 29
92 35
92 37
92 40
92 44
92 45
92 51
92 52
92 57
92 59
92 60
92 61
92 65
92 67
92 68
92 70
92 74
92 81
92 82
92 83
92 85
92 88
92 90
92 91
91 6
91 7
91 9
91 13
91 18
91 19
91 23
91 24
91 27
91 29
91 37
91 38
91 40
91 42
91 44
91 45
91 51
91 52
91 57
91 60
91 61
91 65
91 67
91 68
91 70
91 72
91 74
91 77
91 81
91 82
91 83
91 85
91 90
91 100
91 99
90 6
90 7
90 9
90 13
90 18
90 19
90 23
90 24
90 27
90 29
90 37
90 38
90 42
90 44
90 45
90 51
90 52
90 57
90 61
90 65
90 67
90 68
90 72
90 74
90 77
90 82
90 124
90 100
90 99
90 96
88 5
88 12
88 22
88 55
88 59
88 70
88 74
88 83
88 105
88 94
85 9
85 19
85 21
85 23
85 24
85 27
85 29
85 35
85 37
85 40
85 44
85 45
85 51
85 52
85 57
85 60
85 65
85 68
85 74
85 81
85 82
85 83
83 5
83 9
83 12
83 19
83 22
83 23
83 24
83 29
83 37
83 40
83 44
83 51
83 52
83 55
83 57
83 59
83 60
83 65
83 67
83 68
83 70
83 74
83 81
83 105
83 94
82 6
82 7
82 9
82 13
82 19
82 21
82 23
82 24
82 27
82 29
82 35
82 37
82 40
82 42
82 44
82 45
82 51
82 52
82 57
82 60
82 61
82 65
82 67
82 68
82 72
82 74
82 81
82 99
81 9
81 19
81 21
81 23
81 24
81 27
81 29
81 35
81 37
81 40
81 44
81 45
81 51
81 52
81 57
81 60
81 61
81 65
81 67
81 68
81 74
74 5
74 7
74 9
74 12
74 19
74 22
74 23
74 24
74 27
74 29
74 35
74 37
74 40
74 44
74 45
74 51
74 52
74 57
74 59
74 60
74 61
74 65
74 67
74 68
74 70
70 5
70 9
70 12
70 22
70 23
70 40
70 44
70 55
70 59
70 67
70 105
70 94
68 6
68 7
68 9
68 13
68 19
68 21
68 23
68 24
68 27
68 29
68 35
68 37
68 40
68 42
68 44
68 45
68 51
68 52
68 57
68 60
68 61
68 65
68 67
68 99
68 72
67 6
67 7
67 9
67 13
67 18
67 19
67 23
67 24
67 27
67 29
67 37
67 38
67 40
67 42
67 44
67 45
67 51
67 52
67 57
67 60
67 61
67 65
67 124
67 100
67 99
67 77
67 72
65 6
65 7
65 9
65 13
65 18
65 19
65 21
65 23
65 24
65 27
65 29
65 35
65 37
65 38
65 40
65 42
65 44
65 45
65 51
65 52
65 57
65 60
65 61
65 100
65 99
65 72
61 6
61 7
61 9
61 13
61 18
61 19
61 23
61 24
61 27
61 29
61 37
61 38
61 42
61 44
61 45
61 51
61 52
61 57
61 124
61 100
61 99
61 96
61 77
61 72
60 9
60 19
60 21
60 23
60 24
60 27
60 29
60 35
60 37
60 40
60 44
60 45
60 51
60 52
60 57
59 5
59 12
59 22
59 55
59 105
59 94
57 6
57 7
57 9
57 19
57 21
57 23
57 24
57 27
57 29
57 35
57 37
57 40
57 44
57 45
57 51
57 52
52 9
52 19
52 21
52 23
52 24
52 27
52 29
52 35
52 37
52 40
52 44
52 45
52 51
51 6
51 7
51 9
51 13
51 18
51 19
51 21
51 23
51 24
51 27
51 29
51 35
51 37
51 38
51 40
51 42
51 44
51 45
51 100
51 99
51 77
51 72
45 6
45 9
45 19
45 21
45 23
45 24
45 27
45 29
45 35
45 37
45 40
45 44
44 6
44 7
44 9
44 12
44 13
44 19
44 21
44 23
44 24
44 27
44 29
44 35
44 37
44 40
44 42
44 99
44 72
40 5
40 9
40 12
40 19
40 21
40 23
40 24
40 27
40 29
40 35
40 37
37 9
37 19
37 21
37 23
37 24
37 27
37 29
37 35
35 9
35 19
35 21
35 23
35 24
35 27
35 29
29 9
29 12
29 19
29 21
29 23
29 24
29 27
27 6
27 7
27 9
27 13
27 18
27 19
27 23
27 24
27 124
27 100
27 99
27 77
27 72
27 42
27 38
24 6
24 9
24 19
24 21
24 23
23 9
23 12
23 19
23 21
22 5
22 12
22 105
22 94
22 55
21 9
21 19
19 6
19 7
19 9
19 42
12 5
12 9
12 105
12 94
12 55
9 5
9 7
7 6
7 124
7 100
7 99
7 96
7 77
7 72
7 64
7 42
7 38
7 18
7 13
6 124
6 100
6 99
6 77
6 72
6 42
6 38
6 18
6 13
5 105
5 94
5 55
2 123
2 103
2 86
2 84
2 80
2 62
2 58
2 49
2 48
2 47
2 41
2 34
2 25
2 20
2 17
2 15
2 10
2 8
2 4
2 3
123 3
123 8
123 14
123 17
123 20
123 25
123 28
123 39
123 48
123 53
123 58
123 76
123 103
103 3
103 4
103 8
103 10
103 14
103 17
103 20
103 25
103 28
103 39
103 41
103 48
103 49
103 53
103 58
103 62
103 76
103 80
103 84
86 4
86 8
86 15
86 34
86 47
84 8
84 10
84 16
84 41
84 48
84 49
84 58
84 62
84 80
80 4
80 8
80 10
80 16
80 20
80 41
80 48
80 49
80 58
80 62
62 4
62 10
62 16
62 34
62 41
62 48
62 49
62 58
58 3
58 8
58 10
58 16
58 17
58 20
58 25
58 39
58 41
58 48
58 49
49 10
49 16
49 41
49 48
48 3
48 8
48 10
48 14
48 16
48 17
48 20
48 25
48 28
48 39
48 41
48 76
48 53
47 3
47 4
47 8
47 14
47 15
47 20
47 28
47 34
47 111
47 76
47 53
41 8
41 10
41 16
41 20
34 4
34 15
34 33
34 120
34 96
34 64
25 3
25 8
25 14
25 17
25 20
25 76
25 53
25 39
25 28
20 3
20 4
20 8
20 14
20 17
20 76
20 53
20 39
20 28
17 3
17 8
17 14
17 76
17 53
17 39
17 28
15 4
15 124
15 120
15 96
15 64
10 16
8 3
8 4
8 76
8 53
8 39
8 28
8 14
4 3
4 76
4 28
3 76
3 53
3 39
3 28
3 14
76 14
76 28
76 39
76 53
76 111
53 14
53 28
53 39
53 111
39 14
39 28
28 14
28 111
14 111
105 55
105 94
94 55
124 13
124 18
124 33
124 38
124 42
124 50
124 64
124 72
124 77
124 96
124 99
124 100
124 120
100 13
100 18
100 38
100 42
100 50
100 64
100 72
100 77
100 96
100 99
99 13
99 18
99 38
99 42
99 50
99 64
99 72
99 77
99 96
77 13
77 18
77 38
77 42
77 50
77 64
77 72
77 120
77 96
72 13
72 18
72 38
72 42
72 50
72 64
72 96
42 13
42 18
42 38
42 96
42 64
38 13
38 18
38 120
38 96
38 64
38 50
18 13
18 96
18 64
18 50
13 96
13 64
96 33
96 50
96 64
96 120
64 33
64 50
64 120
120 33
120 50
50 33
