128 3216
0 127
0 124
0 121
0 119
0 118
0 116
0 113
0 109
0 108
0 107
0 104
0 102
0 101
0 99
0 97
0 96
0 91
0 90
0 89
0 87
0 79
0 78
0 77
0 75
0 73
0 72
0 71
0 69
0 67
0 66
0 64
0 63
0 61
0 56
0 54
0 46
0 43
0 42
0 38
0 36
0 32
0 31
0 30
0 27
0 26
0 22
0 18
0 15
0 11
0 7
127 1
127 5
127 6
127 7
127 9
127 11
127 12
127 13
127 15
127 18
127 19
127 22
127 23
127 24
127 26
127 27
127 29
127 30
127 31
127 32
127 37
127 38
127 40
127 42
127 43
127 44
127 45
127 50
127 51
127 52
127 54
127 56
127 57
127 59
127 61
127 63
127 64
127 65
127 66
127 67
127 68
127 69
127 70
127 72
127 73
127 74
127 75
127 77
127 78
127 79
127 81
127 82
127 83
127 87
127 88
127 89
127 90
127 91
127 92
127 93
127 95
127 96
127 97
127 98
127 99
127 100
127 101
127 102
127 104
127 106
127 107
127 108
127 109
127 110
127 112
127 113
127 114
127 115
127 116
127 121
127 122
127 124
127 125
127 126
124 6
124 7
124 11
124 13
124 15
124 18
124 26
124 27
124 30
124 32
124 33
124 34
124 38
124 42
124 44
124 50
124 51
124 61
124 63
124 64
124 65
124 67
124 68
124 72
124 73
124 75
124 77
124 78
124 79
124 82
124 87
124 89
124 90
124 91
124 96
124 97
124 98
124 99
124 100
124 101
124 104
124 107
124 108
124 109
124 113
124 114
124 116
124 120
124 122
124 125
121 1
121 5
121 6
121 7
121 9
121 12
121 18
121 19
121 22
121 23
121 26
121 27
121 29
121 30
121 37
121 38
121 40
121 42
121 43
121 44
121 51
121 54
121 55
121 56
121 59
121 61
121 63
121 65
121 66
121 67
121 68
121 69
121 70
121 71
121 72
121 74
121 75
121 78
121 79
121 83
121 87
121 88
121 89
121 90
121 91
121 92
121 94
121 95
121 97
121 98
121 99
121 101
121 102
121 105
121 106
121 107
121 108
121 109
121 110
121 112
121 113
121 114
121 118
121 119
121 126
121 125
121 122
119 11
119 15
119 26
119 30
119 31
119 32
119 36
119 43
119 46
119 54
119 56
119 63
119 66
119 69
119 71
119 73
119 78
119 79
119 89
119 97
119 101
119 102
119 107
119 108
119 109
119 111
119 116
119 118
118 11
118 22
118 26
118 30
118 36
118 43
118 46
118 54
118 56
118 63
118 66
118 69
118 71
118 78
118 79
118 88
118 89
118 97
118 101
118 102
118 107
118 108
118 109
116 4
116 6
116 7
116 11
116 13
116 15
116 18
116 26
116 27
116 30
116 31
116 32
116 33
116 34
116 36
116 38
116 42
116 43
116 46
116 50
116 51
116 54
116 56
116 61
116 63
116 64
116 65
116 66
116 67
116 72
116 73
116 75
116 77
116 78
116 79
116 86
116 87
116 89
116 90
116 91
116 96
116 97
116 98
116 99
116 100
116 101
116 102
116 104
116 107
116 108
116 109
116 113
116 114
116 125
116 122
116 120
113 1
113 6
113 7
113 9
113 11
113 13
113 15
113 18
113 19
113 26
113 27
113 29
113 30
113 31
113 32
113 33
113 34
113 38
113 42
113 43
113 44
113 50
113 51
113 52
113 54
113 56
113 57
113 61
113 63
113 64
113 65
113 66
113 67
113 68
113 69
113 72
113 73
113 74
113 75
113 77
113 78
113 79
113 82
113 87
113 89
113 90
113 91
113 93
113 96
113 97
113 98
113 99
113 100
113 101
113 102
113 104
113 106
113 107
113 108
113 109
113 112
113 126
113 125
113 122
113 120
113 114
109 1
109 5
109 6
109 7
109 9
109 11
109 13
109 15
109 18
109 19
109 22
109 26
109 27
109 30
109 31
109 32
109 36
109 38
109 42
109 43
109 44
109 46
109 50
109 51
109 54
109 56
109 61
109 63
109 64
109 65
109 66
109 67
109 68
109 69
109 70
109 71
109 72
109 73
109 74
109 75
109 77
109 78
109 79
109 82
109 87
109 88
109 89
109 90
109 91
109 93
109 95
109 96
109 97
109 98
109 99
109 100
109 101
109 102
109 104
109 106
109 107
109 108
109 126
109 125
109 122
109 114
109 112
108 7
108 11
108 15
108 18
108 22
108 26
108 27
108 30
108 31
108 32
108 36
108 38
108 42
108 43
108 46
108 51
108 54
108 56
108 61
108 63
108 64
108 65
108 66
108 67
108 69
108 71
108 72
108 73
108 75
108 77
108 78
108 79
108 87
108 89
108 90
108 91
108 96
108 97
108 98
108 99
108 100
108 101
108 102
108 104
108 106
108 107
108 125
108 122
107 1
107 5
107 6
107 7
107 11
107 12
107 13
107 15
107 18
107 22
107 26
107 27
107 30
107 31
107 32
107 36
107 38
107 42
107 43
107 44
107 46
107 51
107 54
107 56
107 61
107 63
107 64
107 65
107 66
107 67
107 68
107 69
107 70
107 71
107 72
107 73
107 74
107 75
107 77
107 78
107 79
107 82
107 87
107 88
107 89
107 90
107 91
107 95
107 96
107 97
107 98
107 99
107 100
107 101
107 102
107 104
107 106
107 126
107 125
107 122
107 114
107 112
104 6
104 7
104 11
104 13
104 15
104 18
104 26
104 27
104 30
104 31
104 32
104 33
104 34
104 36
104 38
104 42
104 43
104 50
104 51
104 54
104 56
104 61
104 63
104 64
104 65
104 67
104 72
104 73
104 75
104 77
104 78
104 79
104 86
104 87
104 89
104 90
104 91
104 96
104 97
104 98
104 99
104 100
104 101
104 102
104 125
104 122
104 120
104 114
102 5
102 7
102 11
102 12
102 22
102 26
102 30
102 31
102 32
102 36
102 38
102 42
102 43
102 46
102 54
102 56
102 59
102 61
102 63
102 66
102 67
102 69
102 70
102 71
102 73
102 75
102 78
102 79
102 87
102 88
102 89
102 97
102 101
101 4
101 6
101 7
101 11
101 15
101 18
101 26
101 27
101 30
101 31
101 32
101 34
101 36
101 38
101 42
101 43
101 46
101 50
101 51
101 54
101 56
101 61
101 63
101 64
101 65
101 66
101 67
101 69
101 71
101 72
101 73
101 75
101 77
101 78
101 79
101 86
101 87
101 89
101 90
101 91
101 96
101 97
101 98
101 99
101 100
101 125
101 122
101 120
101 106
99 1
99 6
99 7
99 9
99 13
99 15
99 18
99 19
99 23
99 24
99 26
99 27
99 29
99 32
99 37
99 38
99 42
99 44
99 45
99 50
99 51
99 52
99 54
99 56
99 57
99 61
99 63
99 64
99 65
99 66
99 67
99 68
99 69
99 72
99 73
99 74
99 75
99 77
99 78
99 79
99 82
99 87
99 89
99 90
99 91
99 92
99 93
99 96
99 97
99 98
99 126
99 125
99 122
99 120
99 115
99 114
99 112
99 106
99 100
97 5
97 7
97 11
97 15
97 22
97 26
97 30
97 31
97 32
97 36
97 38
97 42
97 43
97 46
97 54
97 56
97 61
97 63
97 66
97 67
97 69
97 70
97 71
97 73
97 75
97 77
97 78
97 79
97 87
97 88
97 89
97 90
97 91
97 96
97 111
96 6
96 7
96 11
96 13
96 15
96 18
96 26
96 27
96 30
96 31
96 32
96 33
96 34
96 38
96 42
96 50
96 51
96 54
96 61
96 64
96 65
96 67
96 72
96 73
96 75
96 77
96 78
96 79
96 86
96 87
96 89
96 90
96 91
96 120
96 100
96 98
91 1
91 5
91 6
91 7
91 9
91 12
91 13
91 18
91 19
91 21
91 22
91 23
91 24
91 26
91 27
91 29
91 35
91 37
91 38
91 40
91 42
91 44
91 45
91 51
91 52
91 54
91 56
91 57
91 59
91 60
91 61
91 63
91 65
91 66
91 67
91 68
91 69
91 70
91 72
91 73
91 74
91 75
91 77
91 78
91 79
91 81
91 82
91 83
91 85
91 87
91 88
91 89
91 90
91 126
91 125
91 122
91 117
91 115
91 114
91 112
91 110
91 106
91 100
91 98
91 95
91 93
91 92
90 1
90 5
90 6
90 7
90 9
90 12
90 13
90 18
90 19
90 21
90 22
90 23
90 24
90 26
90 27
90 29
90 32
90 35
90 37
90 38
90 40
90 42
90 44
90 45
90 50
90 51
90 52
90 54
90 56
90 57
90 60
90 61
90 63
90 64
90 65
90 66
90 67
90 68
90 69
90 70
90 72
90 73
90 74
90 75
90 77
90 78
90 79
90 81
90 82
90 83
90 85
90 87
90 88
90 89
90 126
90 125
90 122
90 117
90 115
90 114
90 112
90 110
90 106
90 100
90 98
90 95
90 93
90 92
89 6
89 7
89 11
89 13
89 15
89 18
89 26
89 27
89 30
89 31
89 32
89 34
89 36
89 38
89 42
89 43
89 44
89 46
89 50
89 51
89 54
89 56
89 61
89 63
89 64
89 65
89 66
89 67
89 69
89 71
89 72
89 73
89 75
89 77
89 78
89 79
89 86
89 87
89 125
89 122
89 120
89 114
89 106
89 100
89 98
87 1
87 5
87 6
87 7
87 9
87 12
87 13
87 18
87 19
87 22
87 23
87 24
87 26
87 27
87 29
87 30
87 32
87 35
87 37
87 38
87 40
87 42
87 43
87 44
87 45
87 51
87 52
87 54
87 56
87 57
87 59
87 60
87 61
87 63
87 64
87 65
87 66
87 67
87 68
87 69
87 70
87 72
87 73
87 74
87 75
87 77
87 78
87 79
87 81
87 82
87 83
87 85
87 126
87 125
87 122
87 117
87 115
87 114
87 112
87 110
87 106
87 100
87 98
87 95
87 93
87 92
87 88
79 7
79 11
79 15
79 18
79 26
79 27
79 30
79 31
79 32
79 34
79 36
79 38
79 42
79 43
79 46
79 50
79 51
79 54
79 56
79 61
79 63
79 64
79 66
79 67
79 69
79 71
79 72
79 73
79 75
79 77
79 78
79 100
79 98
79 86
78 6
78 7
78 11
78 13
78 15
78 18
78 26
78 27
78 30
78 31
78 32
78 34
78 36
78 38
78 42
78 43
78 44
78 46
78 50
78 51
78 54
78 56
78 61
78 63
78 64
78 65
78 66
78 67
78 68
78 69
78 71
78 72
78 73
78 74
78 75
78 77
78 125
78 122
78 120
78 114
78 106
78 100
78 98
78 86
78 82
77 6
77 7
77 11
77 13
77 15
77 18
77 26
77 27
77 30
77 32
77 33
77 34
77 38
77 42
77 44
77 50
77 51
77 54
77 61
77 63
77 64
77 65
77 67
77 68
77 72
77 73
77 75
77 125
77 122
77 120
77 114
77 106
77 100
77 98
77 82
75 1
75 5
75 6
75 7
75 9
75 12
75 13
75 18
75 19
75 22
75 23
75 24
75 26
75 27
75 29
75 30
75 32
75 37
75 38
75 40
75 42
75 43
75 44
75 45
75 51
75 52
75 54
75 55
75 56
75 57
75 59
75 60
75 61
75 63
75 64
75 65
75 66
75 67
75 68
75 69
75 70
75 72
75 73
75 74
75 126
75 125
75 122
75 117
75 115
75 114
75 112
75 110
75 106
75 100
75 98
75 95
75 94
75 93
75 92
75 88
75 85
75 83
75 82
75 81
73 4
73 6
73 7
73 11
73 13
73 15
73 18
73 26
73 27
73 30
73 31
73 32
73 33
73 34
73 36
73 38
73 42
73 43
73 44
73 46
73 50
73 51
73 54
73 56
73 61
73 63
73 64
73 65
73 66
73 67
73 68
73 72
73 125
73 122
73 120
73 114
73 100
73 98
73 86
72 1
72 6
72 7
72 9
72 13
72 15
72 18
72 19
72 23
72 24
72 26
72 27
72 29
72 32
72 33
72 38
72 42
72 44
72 45
72 50
72 51
72 52
72 54
72 57
72 61
72 63
72 64
72 65
72 66
72 67
72 68
72 126
72 125
72 122
72 120
72 115
72 114
72 112
72 106
72 100
72 98
72 93
72 82
72 74
71 11
71 22
71 26
71 30
71 31
71 32
71 36
71 43
71 46
71 54
71 56
71 63
71 66
71 69
71 111
69 1
69 5
69 7
69 9
69 12
69 22
69 23
69 26
69 27
69 29
69 30
69 40
69 42
69 43
69 44
69 51
69 54
69 55
69 56
69 59
69 61
69 63
69 65
69 66
69 67
69 68
69 126
69 125
69 122
69 114
69 112
69 110
69 106
69 105
69 98
69 95
69 94
69 92
69 88
69 83
69 74
69 70
67 1
67 5
67 6
67 7
67 9
67 12
67 13
67 18
67 19
67 21
67 22
67 23
67 24
67 26
67 27
67 29
67 35
67 37
67 38
67 40
67 42
67 44
67 45
67 51
67 52
67 54
67 56
67 57
67 59
67 60
67 61
67 63
67 64
67 65
67 66
67 126
67 125
67 122
67 117
67 115
67 114
67 112
67 110
67 106
67 100
67 98
67 95
67 93
67 92
67 88
67 85
67 83
67 82
67 81
67 74
67 70
67 68
66 1
66 5
66 7
66 11
66 12
66 18
66 22
66 26
66 27
66 30
66 42
66 43
66 46
66 51
66 54
66 55
66 56
66 59
66 61
66 63
66 65
66 126
66 125
66 122
66 114
66 110
66 106
66 105
66 98
66 95
66 94
66 88
66 83
66 74
66 70
64 6
64 7
64 13
64 15
64 18
64 26
64 27
64 31
64 32
64 33
64 34
64 38
64 42
64 50
64 61
64 120
64 100
64 98
64 86
63 1
63 5
63 6
63 7
63 9
63 12
63 18
63 19
63 22
63 23
63 26
63 27
63 29
63 30
63 38
63 42
63 43
63 44
63 51
63 54
63 55
63 56
63 59
63 61
63 126
63 125
63 122
63 114
63 112
63 110
63 106
63 105
63 100
63 98
63 95
63 94
63 92
63 88
63 83
63 74
63 70
63 68
63 65
61 1
61 5
61 6
61 7
61 9
61 12
61 13
61 18
61 19
61 21
61 22
61 23
61 24
61 26
61 27
61 29
61 32
61 35
61 37
61 38
61 40
61 42
61 44
61 45
61 50
61 51
61 52
61 54
61 56
61 57
61 60
61 126
61 125
61 122
61 117
61 115
61 114
61 112
61 110
61 106
61 100
61 98
61 95
61 93
61 92
61 88
61 85
61 83
61 82
61 81
61 74
61 70
61 68
61 65
56 5
56 7
56 11
56 12
56 22
56 26
56 30
56 31
56 32
56 36
56 38
56 42
56 43
56 46
56 54
56 55
56 126
56 106
56 95
56 94
56 88
56 70
56 59
54 5
54 7
54 11
54 12
54 22
54 26
54 27
54 30
54 31
54 32
54 36
54 38
54 42
54 43
54 46
54 51
54 126
54 106
54 95
54 88
54 74
54 70
54 59
54 55
46 4
46 11
46 15
46 28
46 30
46 31
46 32
46 34
46 36
46 43
46 111
46 86
46 76
46 53
46 47
43 11
43 15
43 22
43 26
43 30
43 31
43 32
43 36
43 111
43 88
43 70
42 1
42 6
42 7
42 9
42 13
42 15
42 18
42 19
42 23
42 24
42 26
42 27
42 29
42 30
42 32
42 37
42 38
42 40
42 126
42 125
42 122
42 117
42 115
42 114
42 112
42 110
42 106
42 100
42 98
42 95
42 93
42 92
42 85
42 82
42 81
42 74
42 70
42 68
42 65
42 57
42 52
42 51
42 50
42 45
42 44
38 6
38 7
38 11
38 13
38 15
38 18
38 19
38 26
38 27
38 30
38 31
38 32
38 33
38 34
38 125
38 122
38 120
38 114
38 112
38 106
38 100
38 98
38 93
38 82
38 68
38 65
38 51
38 50
38 44
36 2
36 4
36 11
36 14
36 15
36 28
36 30
36 31
36 32
36 34
36 111
36 86
36 76
36 53
36 47
32 2
32 4
32 7
32 11
32 15
32 18
32 26
32 30
32 31
32 120
32 111
32 100
32 86
32 50
32 47
32 34
32 33
31 2
31 4
31 11
31 15
31 26
31 28
31 30
31 120
31 111
31 86
31 47
31 34
30 11
30 15
30 26
30 111
27 1
27 5
27 6
27 7
27 9
27 12
27 13
27 18
27 19
27 21
27 22
27 23
27 24
27 26
27 126
27 125
27 122
27 117
27 115
27 114
27 112
27 110
27 106
27 100
27 98
27 95
27 93
27 92
27 88
27 85
27 83
27 82
27 81
27 74
27 70
27 68
27 65
27 60
27 57
27 52
27 51
27 45
27 44
27 40
27 37
27 35
27 29
26 1
26 5
26 6
26 7
26 9
26 11
26 12
26 13
26 15
26 18
26 19
26 22
26 23
26 24
26 126
26 125
26 122
26 115
26 114
26 112
26 110
26 106
26 100
26 98
26 95
26 93
26 92
26 88
26 83
26 82
26 74
26 70
26 68
26 65
26 59
26 57
26 52
26 51
26 45
26 44
26 40
26 37
26 29
22 1
22 5
22 9
22 12
22 126
22 125
22 122
22 112
22 110
22 106
22 105
22 95
22 94
22 92
22 88
22 83
22 74
22 70
22 65
22 59
22 55
22 51
22 44
22 40
22 23
18 1
18 6
18 7
18 9
18 13
18 15
18 125
18 122
18 120
18 114
18 112
18 106
18 100
18 98
18 93
18 82
18 74
18 68
18 65
18 57
18 51
18 50
18 44
18 33
18 29
18 19
15 2
15 4
15 7
15 11
15 120
15 100
15 86
15 50
15 47
15 34
15 33
11 2
11 4
11 120
11 111
11 86
11 47
11 34
11 28
7 1
7 5
7 6
7 126
7 125
7 122
7 117
7 115
7 114
7 112
7 110
7 106
7 100
7 98
7 95
7 93
7 92
7 88
7 85
7 83
7 82
7 81
7 74
7 70
7 68
7 65
7 60
7 57
7 52
7 51
7 50
7 45
7 44
7 40
7 37
7 35
7 29
7 24
7 23
7 19
7 13
7 12
7 9
1 126
1 125
1 122
1 117
1 115
1 114
1 112
1 110
1 106
1 105
1 100
1 98
1 95
1 94
1 93
1 92
1 88
1 85
1 83
1 82
1 81
1 74
1 70
1 68
1 65
1 60
1 59
1 57
1 55
1 52
1 51
1 45
1 44
1 40
1 37
1 35
1 29
1 24
1 23
1 21
1 19
1 13
1 12
1 9
1 6
1 5
126 5
126 6
126 9
126 12
126 13
126 19
126 21
126 23
126 24
126 29
126 35
126 37
126 40
126 44
126 45
126 51
126 52
126 55
126 57
126 59
126 60
126 65
126 68
126 70
126 74
126 81
126 82
126 83
126 85
126 88
126 92
126 93
126 94
126 95
126 98
126 105
126 106
126 110
126 112
126 114
126 115
126 117
126 122
126 125
125 5
125 6
125 9
125 12
125 13
125 19
125 21
125 23
125 24
125 29
125 35
125 37
125 40
125 44
125 45
125 51
125 52
125 57
125 59
125 60
125 65
125 68
125 70
125 74
125 81
125 82
125 83
125 85
125 88
125 92
125 93
125 95
125 98
125 100
125 106
125 110
125 112
125 114
125 115
125 117
125 122
122 5
122 6
122 9
122 12
122 13
122 19
122 21
122 23
122 24
122 29
122 35
122 37
122 40
122 44
122 45
122 51
122 52
122 57
122 59
122 60
122 65
122 68
122 70
122 74
122 81
122 82
122 83
122 85
122 88
122 92
122 93
122 95
122 98
122 100
122 106
122 110
122 112
122 114
122 115
122 117
117 6
117 9
117 13
117 19
117 21
117 23
117 24
117 29
117 35
117 37
117 40
117 44
117 45
117 51
117 52
117 57
117 60
117 65
117 68
117 74
117 81
117 82
117 83
117 85
117 92
117 93
117 95
117 98
117 106
117 110
117 112
117 114
117 115
115 5
115 6
115 9
115 12
115 13
115 19
115 21
115 23
115 24
115 29
115 35
115 37
115 40
115 44
115 45
115 51
115 52
115 57
115 60
115 65
115 68
115 70
115 74
115 81
115 82
115 83
115 85
115 88
115 92
115 93
115 95
115 98
115 106
115 110
115 112
115 114
114 5
114 6
114 9
114 12
114 13
114 19
114 21
114 23
114 24
114 29
114 35
114 37
114 40
114 44
114 45
114 51
114 52
114 57
114 60
114 65
114 68
114 70
114 74
114 81
114 82
114 83
114 85
114 88
114 92
114 93
114 95
114 98
114 100
114 106
114 110
114 112
112 5
112 6
112 9
112 12
112 13
112 19
112 21
112 23
112 24
112 29
112 35
112 37
112 40
112 44
112 45
112 51
112 52
112 55
112 57
112 59
112 60
112 65
112 68
112 70
112 74
112 81
112 82
112 83
112 85
112 88
112 92
112 93
112 95
112 98
112 100
112 106
112 110
110 5
110 6
110 9
110 12
110 19
110 21
110 23
110 24
110 29
110 35
110 37
110 40
110 44
110 45
110 51
110 52
110 55
110 57
110 59
110 60
110 65
110 68
110 70
110 74
110 81
110 82
110 83
110 85
110 88
110 92
110 93
110 94
110 95
110 98
110 105
110 106
106 5
106 6
106 9
106 12
106 13
106 19
106 21
106 23
106 24
106 29
106 35
106 37
106 40
106 44
106 45
106 51
106 52
106 55
106 57
106 59
106 60
106 65
106 68
106 70
106 74
106 81
106 82
106 83
106 85
106 88
106 92
106 93
106 94
106 95
106 98
106 100
106 105
105 5
105 12
105 55
105 59
105 70
105 74
105 83
105 88
105 92
105 94
105 95
100 6
100 13
100 19
100 33
100 44
100 50
100 51
100 65
100 68
100 74
100 82
100 93
100 98
100 120
98 6
98 9
98 13
98 19
98 21
98 23
98 24
98 29
98 35
98 37
98 40
98 44
98 45
98 51
98 52
98 57
98 60
98 65
98 68
98 70
98 74
98 81
98 82
98 83
98 85
98 92
98 93
98 95
95 5
95 9
95 12
95 19
95 23
95 24
95 29
95 35
95 37
95 40
95 44
95 45
95 51
95 52
95 55
95 57
95 59
95 60
95 65
95 68
95 70
95 74
95 81
95 82
95 83
95 85
95 88
95 92
95 93
95 94
94 5
94 12
94 55
94 59
94 70
94 74
94 83
94 88
94 92
93 6
93 9
93 12
93 13
93 19
93 21
93 23
93 24
93 29
93 35
93 37
93 40
93 44
93 45
93 51
93 52
93 57
93 60
93 65
93 68
93 70
93 74
93 81
93 82
93 83
93 85
93 92
92 5
92 6
92 9
92 12
92 13
92 19
92 21
92 23
92 24
92 29
92 35
92 37
92 40
92 44
92 45
92 51
92 52
92 55
92 57
92 59
92 60
92 65
92 68
92 70
92 74
92 81
92 82
92 83
92 85
92 88
88 5
88 9
88 12
88 19
88 23
88 29
88 37
88 40
88 44
88 51
88 55
88 59
88 65
88 70
88 74
88 83
85 6
85 9
85 12
85 13
85 19
85 21
85 23
85 24
85 29
85 35
85 37
85 40
85 44
85 45
85 51
85 52
85 57
85 60
85 65
85 68
85 70
85 74
85 81
85 82
85 83
83 5
83 9
83 12
83 19
83 21
83 23
83 24
83 29
83 35
83 37
83 40
83 44
83 45
83 51
83 52
83 55
83 57
83 59
83 60
83 65
83 68
83 70
83 74
83 81
83 82
82 6
82 9
82 13
82 19
82 21
82 23
82 24
82 29
82 35
82 37
82 40
82 44
82 45
82 51
82 52
82 57
82 60
82 65
82 68
82 74
82 81
81 6
81 9
81 12
81 13
81 19
81 21
81 23
81 24
81 29
81 35
81 37
81 40
81 44
81 45
81 51
81 52
81 57
81 60
81 65
81 68
81 74
74 5
74 6
74 9
74 12
74 13
74 19
74 21
74 23
74 24
74 29
74 35
74 37
74 40
74 44
74 45
74 51
74 52
74 55
74 57
74 59
74 60
74 65
74 68
74 70
70 5
70 9
70 12
70 19
70 23
70 24
70 29
70 37
70 40
70 44
70 51
70 52
70 55
70 57
70 59
70 60
70 65
70 68
68 5
68 6
68 9
68 12
68 13
68 19
68 21
68 23
68 24
68 29
68 35
68 37
68 40
68 44
68 45
68 51
68 52
68 57
68 60
68 65
65 5
65 6
65 9
65 12
65 13
65 19
65 21
65 23
65 24
65 29
65 35
65 37
65 40
65 44
65 45
65 51
65 52
65 57
65 60
60 6
60 9
60 12
60 19
60 21
60 23
60 24
60 29
60 35
60 37
60 40
60 44
60 45
60 51
60 52
60 57
59 5
59 9
59 12
59 23
59 29
59 37
59 40
59 44
59 55
57 6
57 9
57 12
57 13
57 19
57 21
57 23
57 24
57 29
57 35
57 37
57 40
57 44
57 45
57 51
57 52
55 5
55 9
55 12
55 40
52 5
52 6
52 9
52 12
52 13
52 19
52 21
52 23
52 24
52 29
52 35
52 37
52 40
52 44
52 45
52 51
51 5
51 6
51 9
51 12
51 13
51 19
51 21
51 23
51 24
51 29
51 35
51 37
51 40
51 44
51 45
45 6
45 9
45 13
45 19
45 21
45 23
45 24
45 29
45 35
45 37
45 40
45 44
44 5
44 6
44 9
44 12
44 13
44 19
44 21
44 23
44 24
44 29
44 35
44 37
44 40
40 5
40 6
40 9
40 12
40 19
40 21
40 23
40 24
40 29
40 35
40 37
37 5
37 6
37 9
37 12
37 13
37 19
37 21
37 23
37 24
37 29
37 35
35 6
35 9
35 19
35 21
35 23
35 24
35 29
29 5
29 6
29 9
29 12
29 13
29 19
29 21
29 23
29 24
24 6
24 9
24 12
24 13
24 19
24 21
24 23
23 5
23 6
23 9
23 12
23 13
23 19
23 21
21 6
21 9
21 19
19 5
19 6
19 9
19 12
19 13
13 6
13 9
13 50
12 5
12 9
9 5
9 6
6 50
2 123
2 120
2 103
2 86
2 84
2 80
2 76
2 62
2 58
2 53
2 49
2 48
2 47
2 41
2 39
2 34
2 33
2 28
2 25
2 20
2 17
2 16
2 14
2 10
2 8
2 4
2 3
123 3
123 4
123 8
123 10
123 14
123 17
123 20
123 25
123 28
123 39
123 41
123 47
123 48
123 49
123 53
123 58
123 62
123 76
123 80
123 84
123 86
123 103
123 111
120 4
120 33
120 34
120 50
120 62
120 86
103 3
103 4
103 8
103 10
103 14
103 16
103 17
103 20
103 25
103 28
103 39
103 41
103 47
103 48
103 49
103 53
103 58
103 62
103 76
103 80
103 84
103 86
86 3
86 4
86 8
86 17
86 20
86 25
86 28
86 33
86 34
86 41
86 47
86 49
86 53
86 58
86 62
86 76
86 80
86 111
84 3
84 4
84 8
84 10
84 16
84 17
84 20
84 25
84 39
84 41
84 48
84 49
84 58
84 62
84 80
80 3
80 4
80 8
80 10
80 16
80 17
80 20
80 25
80 33
80 34
80 39
80 41
80 47
80 48
80 49
80 58
80 62
76 3
76 4
76 8
76 14
76 17
76 20
76 25
76 28
76 39
76 47
76 48
76 53
76 58
76 111
62 3
62 4
62 8
62 10
62 16
62 17
62 20
62 25
62 33
62 34
62 41
62 47
62 48
62 49
62 58
58 3
58 4
58 8
58 10
58 14
58 16
58 17
58 20
58 25
58 28
58 39
58 41
58 48
58 49
53 3
53 4
53 8
53 14
53 17
53 20
53 25
53 28
53 39
53 47
53 48
53 111
49 3
49 4
49 8
49 10
49 16
49 17
49 20
49 25
49 33
49 34
49 41
49 48
48 3
48 4
48 8
48 10
48 14
48 16
48 17
48 20
48 25
48 28
48 39
48 41
48 47
47 3
47 4
47 8
47 14
47 17
47 20
47 25
47 28
47 34
47 39
47 41
47 111
41 3
41 4
41 8
41 10
41 16
41 17
41 20
41 25
41 34
41 39
39 3
39 4
39 8
39 10
39 14
39 17
39 20
39 25
39 28
39 111
34 4
34 10
34 33
34 50
33 50
28 3
28 4
28 8
28 14
28 17
28 20
28 25
28 111
25 3
25 4
25 8
25 10
25 14
25 17
25 20
25 111
20 3
20 4
20 8
20 10
20 14
20 16
20 17
20 111
17 3
17 4
17 8
17 10
17 14
17 111
16 3
16 8
16 10
14 3
14 4
14 8
14 111
10 3
10 4
10 8
8 3
8 4
8 111
4 3
4 111
3 111
