128 5198
0 127
0 126
0 125
0 124
0 122
0 121
0 120
0 119
0 118
0 116
0 115
0 114
0 113
0 112
0 111
0 110
0 109
0 108
0 107
0 106
0 105
0 104
0 102
0 101
0 100
0 99
0 98
0 97
0 96
0 95
0 94
0 93
0 92
0 91
0 90
0 89
0 88
0 87
0 86
0 83
0 82
0 79
0 78
0 77
0 76
0 75
0 74
0 73
0 72
0 71
0 70
0 69
0 68
0 67
0 66
0 65
0 64
0 63
0 61
0 59
0 57
0 56
0 55
0 54
0 53
0 52
0 51
0 50
0 47
0 46
0 45
0 44
0 43
0 42
0 40
0 38
0 37
0 36
0 34
0 33
0 32
0 31
0 30
0 29
0 28
0 27
0 26
0 24
0 23
0 22
0 19
0 18
0 15
0 13
0 12
0 11
0 9
0 7
0 6
0 5
0 4
0 2
0 1
127 1
127 4
127 5
127 6
127 7
127 9
127 11
127 12
127 13
127 15
127 18
127 19
127 21
127 22
127 23
127 24
127 26
127 27
127 29
127 30
127 31
127 32
127 33
127 34
127 35
127 36
127 37
127 38
127 40
127 42
127 43
127 44
127 45
127 46
127 47
127 50
127 51
127 52
127 54
127 55
127 56
127 57
127 59
127 60
127 61
127 63
127 64
127 65
127 66
127 67
127 68
127 69
127 70
127 71
127 72
127 73
127 74
127 75
127 77
127 78
127 79
127 81
127 82
127 83
127 85
127 86
127 87
127 88
127 89
127 90
127 91
127 92
127 93
127 94
127 95
127 96
127 97
127 98
127 99
127 100
127 101
127 102
127 104
127 105
127 106
127 107
127 108
127 109
127 110
127 112
127 113
127 114
127 115
127 116
127 117
127 118
127 119
127 120
127 121
127 122
127 124
127 125
127 126
126 1
126 5
126 6
126 7
126 9
126 12
126 13
126 18
126 19
126 21
126 22
126 23
126 24
126 26
126 27
126 29
126 30
126 35
126 37
126 38
126 40
126 42
126 43
126 44
126 45
126 51
126 52
126 54
126 55
126 56
126 57
126 59
126 60
126 61
126 63
126 64
126 65
126 66
126 67
126 68
126 69
126 70
126 71
126 72
126 73
126 74
126 75
126 77
126 78
126 79
126 81
126 82
126 83
126 85
126 87
126 88
126 89
126 90
126 91
126 92
126 93
126 94
126 95
126 96
126 97
126 98
126 99
126 100
126 101
126 102
126 104
126 105
126 106
126 107
126 108
126 109
126 110
126 112
126 113
126 114
126 115
126 116
126 117
126 118
126 119
126 121
126 122
126 124
126 125
125 1
125 5
125 6
125 7
125 9
125 11
125 12
125 13
125 15
125 18
125 19
125 21
125 22
125 23
125 24
125 26
125 27
125 29
125 30
125 32
125 35
125 37
125 38
125 40
125 42
125 43
125 44
125 45
125 50
125 51
125 52
125 54
125 55
125 56
125 57
125 59
125 60
125 61
125 63
125 64
125 65
125 66
125 67
125 68
125 69
125 70
125 71
125 72
125 73
125 74
125 75
125 77
125 78
125 79
125 81
125 82
125 83
125 85
125 87
125 88
125 89
125 90
125 91
125 92
125 93
125 94
125 95
125 96
125 97
125 98
125 99
125 100
125 101
125 102
125 104
125 105
125 106
125 107
125 108
125 109
125 110
125 112
125 113
125 114
125 115
125 116
125 117
125 118
125 119
125 121
125 122
125 124
124 1
124 2
124 4
124 5
124 6
124 7
124 9
124 11
124 12
124 13
124 15
124 18
124 19
124 21
124 22
124 23
124 24
124 26
124 27
124 29
124 30
124 31
124 32
124 33
124 34
124 35
124 36
124 37
124 38
124 40
124 42
124 43
124 44
124 45
124 46
124 47
124 50
124 51
124 52
124 54
124 56
124 57
124 60
124 61
124 62
124 63
124 64
124 65
124 66
124 67
124 68
124 69
124 70
124 71
124 72
124 73
124 74
124 75
124 77
124 78
124 79
124 80
124 81
124 82
124 83
124 85
124 86
124 87
124 88
124 89
124 90
124 91
124 92
124 93
124 95
124 96
124 97
124 98
124 99
124 100
124 101
124 102
124 104
124 106
124 107
124 108
124 109
124 110
124 112
124 113
124 114
124 115
124 116
124 117
124 118
124 119
124 120
124 121
124 122
122 1
122 5
122 6
122 7
122 9
122 11
122 12
122 13
122 15
122 18
122 19
122 21
122 22
122 23
122 24
122 26
122 27
122 29
122 30
122 31
122 32
122 35
122 37
122 38
122 40
122 42
122 43
122 44
122 45
122 50
122 51
122 52
122 54
122 55
122 56
122 57
122 59
122 60
122 61
122 63
122 64
122 65
122 66
122 67
122 68
122 69
122 70
122 71
122 72
122 73
122 74
122 75
122 77
122 78
122 79
122 81
122 82
122 83
122 85
122 87
122 88
122 89
122 90
122 91
122 92
122 93
122 94
122 95
122 96
122 97
122 98
122 99
122 100
122 101
122 102
122 104
122 105
122 106
122 107
122 108
122 109
122 110
122 112
122 113
122 114
122 115
122 116
122 117
122 118
122 119
122 121
121 1
121 5
121 6
121 7
121 9
121 11
121 12
121 13
121 15
121 18
121 19
121 21
121 22
121 23
121 24
121 26
121 27
121 29
121 30
121 31
121 32
121 35
121 36
121 37
121 38
121 40
121 42
121 43
121 44
121 45
121 46
121 51
121 52
121 54
121 55
121 56
121 57
121 59
121 60
121 61
121 63
121 64
121 65
121 66
121 67
121 68
121 69
121 70
121 71
121 72
121 73
121 74
121 75
121 77
121 78
121 79
121 81
121 82
121 83
121 85
121 87
121 88
121 89
121 90
121 91
121 92
121 93
121 94
121 95
121 96
121 97
121 98
121 99
121 100
121 101
121 102
121 104
121 105
121 106
121 107
121 108
121 109
121 110
121 112
121 113
121 114
121 115
121 116
121 117
121 118
121 119
120 2
120 4
120 6
120 7
120 8
120 10
120 11
120 13
120 15
120 16
120 18
120 20
120 26
120 27
120 30
120 31
120 32
120 33
120 34
120 36
120 38
120 41
120 42
120 46
120 47
120 48
120 49
120 50
120 51
120 58
120 61
120 62
120 64
120 65
120 67
120 72
120 73
120 75
120 77
120 78
120 79
120 80
120 84
120 86
120 87
120 89
120 90
120 91
120 96
120 97
120 98
120 99
120 100
120 101
120 104
120 107
120 108
120 109
120 113
120 114
120 116
120 119
119 2
119 4
119 5
119 7
119 11
119 12
119 14
119 15
119 18
119 22
119 26
119 27
119 28
119 30
119 31
119 32
119 34
119 36
119 38
119 42
119 43
119 46
119 47
119 50
119 51
119 53
119 54
119 55
119 56
119 59
119 61
119 63
119 64
119 65
119 66
119 67
119 69
119 70
119 71
119 72
119 73
119 74
119 75
119 76
119 77
119 78
119 79
119 86
119 87
119 88
119 89
119 90
119 91
119 94
119 95
119 96
119 97
119 98
119 99
119 100
119 101
119 102
119 104
119 106
119 107
119 108
119 109
119 111
119 113
119 116
119 118
118 1
118 4
118 5
118 7
118 11
118 12
118 15
118 18
118 22
118 26
118 27
118 28
118 30
118 31
118 32
118 34
118 36
118 38
118 42
118 43
118 44
118 46
118 47
118 51
118 53
118 54
118 55
118 56
118 59
118 61
118 63
118 64
118 65
118 66
118 67
118 69
118 70
118 71
118 72
118 73
118 74
118 75
118 76
118 77
118 78
118 79
118 83
118 86
118 87
118 88
118 89
118 90
118 91
118 94
118 95
118 96
118 97
118 98
118 99
118 100
118 101
118 102
118 104
118 105
118 106
118 107
118 108
118 109
118 110
118 111
118 113
118 114
118 116
116 1
116 2
116 4
116 5
116 6
116 7
116 8
116 9
116 11
116 12
116 13
116 15
116 18
116 19
116 22
116 23
116 24
116 26
116 27
116 29
116 30
116 31
116 32
116 33
116 34
116 36
116 37
116 38
116 40
116 42
116 43
116 44
116 45
116 46
116 47
116 49
116 50
116 51
116 52
116 54
116 56
116 57
116 60
116 61
116 62
116 63
116 64
116 65
116 66
116 67
116 68
116 69
116 70
116 71
116 72
116 73
116 74
116 75
116 77
116 78
116 79
116 80
116 81
116 82
116 83
116 85
116 86
116 87
116 88
116 89
116 90
116 91
116 92
116 93
116 95
116 96
116 97
116 98
116 99
116 100
116 101
116 102
116 104
116 106
116 107
116 108
116 109
116 110
116 111
116 112
116 113
116 114
116 115
116 117
115 1
115 5
115 6
115 7
115 9
115 12
115 13
115 18
115 19
115 21
115 22
115 23
115 24
115 26
115 27
115 29
115 35
115 37
115 38
115 40
115 42
115 44
115 45
115 51
115 52
115 54
115 55
115 56
115 57
115 59
115 60
115 61
115 63
115 64
115 65
115 66
115 67
115 68
115 69
115 70
115 72
115 73
115 74
115 75
115 77
115 78
115 79
115 81
115 82
115 83
115 85
115 87
115 88
115 89
115 90
115 91
115 92
115 93
115 94
115 95
115 96
115 98
115 99
115 100
115 101
115 104
115 105
115 106
115 107
115 108
115 109
115 110
115 112
115 113
115 114
115 117
114 1
114 5
114 6
114 7
114 9
114 11
114 12
114 13
114 15
114 18
114 19
114 21
114 22
114 23
114 24
114 26
114 27
114 29
114 30
114 32
114 35
114 37
114 38
114 40
114 42
114 43
114 44
114 45
114 50
114 51
114 52
114 54
114 55
114 56
114 57
114 59
114 60
114 61
114 63
114 64
114 65
114 66
114 67
114 68
114 69
114 70
114 71
114 72
114 73
114 74
114 75
114 77
114 78
114 79
114 81
114 82
114 83
114 85
114 87
114 88
114 89
114 90
114 91
114 92
114 93
114 94
114 95
114 96
114 97
114 98
114 99
114 100
114 101
114 102
114 104
114 105
114 106
114 107
114 108
114 109
114 110
114 112
114 113
114 117
113 1
113 2
113 4
113 5
113 6
113 7
113 9
113 11
113 12
113 13
113 15
113 18
113 19
113 21
113 22
113 23
113 24
113 26
113 27
113 29
113 30
113 31
113 32
113 33
113 34
113 35
113 36
113 37
113 38
113 40
113 42
113 43
113 44
113 45
113 46
113 47
113 50
113 51
113 52
113 54
113 55
113 56
113 57
113 59
113 60
113 61
113 63
113 64
113 65
113 66
113 67
113 68
113 69
113 70
113 71
113 72
113 73
113 74
113 75
113 77
113 78
113 79
113 81
113 82
113 83
113 85
113 86
113 87
113 88
113 89
113 90
113 91
113 92
113 93
113 94
113 95
113 96
113 97
113 98
113 99
113 100
113 101
113 102
113 104
113 106
113 107
113 108
113 109
113 110
113 112
113 117
112 1
112 5
112 6
112 7
112 9
112 12
112 13
112 18
112 19
112 21
112 22
112 23
112 24
112 26
112 27
112 29
112 30
112 35
112 37
112 38
112 40
112 42
112 43
112 44
112 45
112 51
112 52
112 54
112 55
112 56
112 57
112 59
112 60
112 61
112 63
112 64
112 65
112 66
112 67
112 68
112 69
112 70
112 72
112 73
112 74
112 75
112 77
112 78
112 79
112 81
112 82
112 83
112 85
112 87
112 88
112 89
112 90
112 91
112 92
112 93
112 94
112 95
112 96
112 97
112 98
112 99
112 100
112 101
112 102
112 104
112 105
112 106
112 107
112 108
112 109
112 110
112 117
111 2
111 3
111 4
111 8
111 11
111 14
111 15
111 17
111 20
111 25
111 26
111 28
111 30
111 31
111 32
111 34
111 36
111 39
111 43
111 46
111 47
111 48
111 53
111 54
111 56
111 58
111 66
111 71
111 73
111 76
111 78
111 79
111 80
111 86
111 89
111 97
111 101
111 102
111 103
111 104
111 107
111 108
111 109
111 123
110 1
110 5
110 6
110 7
110 9
110 12
110 13
110 18
110 19
110 21
110 22
110 23
110 24
110 26
110 27
110 29
110 30
110 35
110 37
110 38
110 40
110 42
110 43
110 44
110 45
110 51
110 52
110 54
110 55
110 56
110 57
110 59
110 60
110 61
110 63
110 65
110 66
110 67
110 68
110 69
110 70
110 72
110 73
110 74
110 75
110 77
110 78
110 79
110 81
110 82
110 83
110 85
110 87
110 88
110 89
110 90
110 91
110 92
110 93
110 94
110 95
110 97
110 98
110 99
110 100
110 101
110 102
110 104
110 105
110 106
110 107
110 108
110 109
110 117
109 1
109 2
109 4
109 5
109 6
109 7
109 9
109 11
109 12
109 13
109 15
109 18
109 19
109 21
109 22
109 23
109 24
109 26
109 27
109 29
109 30
109 31
109 32
109 33
109 34
109 35
109 36
109 37
109 38
109 40
109 42
109 43
109 44
109 45
109 46
109 47
109 50
109 51
109 52
109 54
109 55
109 56
109 57
109 59
109 60
109 61
109 63
109 64
109 65
109 66
109 67
109 68
109 69
109 70
109 71
109 72
109 73
109 74
109 75
109 77
109 78
109 79
109 81
109 82
109 83
109 85
109 86
109 87
109 88
109 89
109 90
109 91
109 92
109 93
109 94
109 95
109 96
109 97
109 98
109 99
109 100
109 101
109 102
109 104
109 105
109 106
109 107
109 108
109 117
108 1
108 2
108 4
108 5
108 6
108 7
108 9
108 11
108 12
108 13
108 15
108 18
108 19
108 22
108 23
108 24
108 26
108 27
108 28
108 29
108 30
108 31
108 32
108 33
108 34
108 36
108 37
108 38
108 40
108 42
108 43
108 44
108 45
108 46
108 47
108 50
108 51
108 52
108 53
108 54
108 55
108 56
108 57
108 59
108 60
108 61
108 63
108 64
108 65
108 66
108 67
108 68
108 69
108 70
108 71
108 72
108 73
108 74
108 75
108 76
108 77
108 78
108 79
108 81
108 82
108 83
108 86
108 87
108 88
108 89
108 90
108 91
108 92
108 93
108 94
108 95
108 96
108 97
108 98
108 99
108 100
108 101
108 102
108 104
108 105
108 106
108 107
107 1
107 2
107 4
107 5
107 6
107 7
107 9
107 11
107 12
107 13
107 15
107 18
107 19
107 21
107 22
107 23
107 24
107 26
107 27
107 29
107 30
107 31
107 32
107 33
107 34
107 35
107 36
107 37
107 38
107 40
107 42
107 43
107 44
107 45
107 46
107 47
107 50
107 51
107 52
107 54
107 55
107 56
107 57
107 59
107 60
107 61
107 63
107 64
107 65
107 66
107 67
107 68
107 69
107 70
107 71
107 72
107 73
107 74
107 75
107 77
107 78
107 79
107 81
107 82
107 83
107 85
107 86
107 87
107 88
107 89
107 90
107 91
107 92
107 93
107 94
107 95
107 96
107 97
107 98
107 99
107 100
107 101
107 102
107 104
107 105
107 106
107 117
106 1
106 5
106 6
106 7
106 9
106 11
106 12
106 13
106 15
106 18
106 19
106 21
106 22
106 23
106 24
106 26
106 27
106 29
106 30
106 31
106 32
106 35
106 37
106 38
106 40
106 42
106 43
106 44
106 45
106 50
106 51
106 52
106 54
106 55
106 56
106 57
106 59
106 60
106 61
106 63
106 64
106 65
106 66
106 67
106 68
106 69
106 70
106 71
106 72
106 73
106 74
106 75
106 77
106 78
106 79
106 81
106 82
106 83
106 85
106 87
106 88
106 89
106 90
106 91
106 92
106 93
106 94
106 95
106 96
106 97
106 98
106 99
106 100
106 101
106 102
106 104
106 105
106 117
105 1
105 5
105 7
105 9
105 12
105 19
105 22
105 23
105 24
105 26
105 27
105 29
105 30
105 35
105 37
105 40
105 42
105 43
105 44
105 45
105 51
105 52
105 54
105 55
105 56
105 57
105 59
105 60
105 61
105 63
105 65
105 66
105 67
105 68
105 69
105 70
105 71
105 74
105 75
105 78
105 81
105 83
105 85
105 87
105 88
105 90
105 91
105 92
105 93
105 94
105 95
105 97
105 98
105 102
104 1
104 2
104 4
104 5
104 6
104 7
104 9
104 11
104 12
104 13
104 15
104 18
104 19
104 22
104 23
104 24
104 26
104 27
104 29
104 30
104 31
104 32
104 33
104 34
104 36
104 37
104 38
104 40
104 41
104 42
104 43
104 44
104 45
104 46
104 47
104 49
104 50
104 51
104 52
104 54
104 56
104 57
104 60
104 61
104 62
104 63
104 64
104 65
104 66
104 67
104 68
104 69
104 70
104 71
104 72
104 73
104 74
104 75
104 77
104 78
104 79
104 80
104 81
104 82
104 83
104 85
104 86
104 87
104 88
104 89
104 90
104 91
104 92
104 93
104 95
104 96
104 97
104 98
104 99
104 100
104 101
104 102
104 117
102 1
102 4
102 5
102 6
102 7
102 9
102 11
102 12
102 13
102 15
102 18
102 19
102 22
102 23
102 26
102 27
102 28
102 29
102 30
102 31
102 32
102 34
102 36
102 38
102 40
102 42
102 43
102 44
102 46
102 47
102 50
102 51
102 52
102 53
102 54
102 55
102 56
102 59
102 61
102 63
102 64
102 65
102 66
102 67
102 68
102 69
102 70
102 71
102 72
102 73
102 74
102 75
102 77
102 78
102 79
102 82
102 83
102 86
102 87
102 88
102 89
102 90
102 91
102 92
102 93
102 94
102 95
102 96
102 97
102 98
102 99
102 100
102 101
101 1
101 2
101 4
101 5
101 6
101 7
101 9
101 11
101 12
101 13
101 15
101 18
101 19
101 22
101 23
101 24
101 26
101 27
101 28
101 29
101 30
101 31
101 32
101 33
101 34
101 36
101 37
101 38
101 40
101 42
101 43
101 44
101 45
101 46
101 47
101 50
101 51
101 52
101 53
101 54
101 55
101 56
101 57
101 59
101 60
101 61
101 63
101 64
101 65
101 66
101 67
101 68
101 69
101 70
101 71
101 72
101 73
101 74
101 75
101 76
101 77
101 78
101 79
101 81
101 82
101 83
101 86
101 87
101 88
101 89
101 90
101 91
101 92
101 93
101 95
101 96
101 97
101 98
101 99
101 100
100 1
100 4
100 5
100 6
100 7
100 9
100 11
100 12
100 13
100 15
100 18
100 19
100 21
100 22
100 23
100 24
100 26
100 27
100 29
100 30
100 31
100 32
100 33
100 34
100 35
100 36
100 37
100 38
100 40
100 42
100 43
100 44
100 45
100 46
100 50
100 51
100 52
100 54
100 56
100 57
100 59
100 60
100 61
100 63
100 64
100 65
100 66
100 67
100 68
100 69
100 70
100 71
100 72
100 73
100 74
100 75
100 77
100 78
100 79
100 81
100 82
100 83
100 85
100 86
100 87
100 88
100 89
100 90
100 91
100 92
100 93
100 95
100 96
100 97
100 98
100 99
100 117
99 1
99 4
99 5
99 6
99 7
99 9
99 11
99 12
99 13
99 15
99 18
99 19
99 21
99 22
99 23
99 24
99 26
99 27
99 29
99 30
99 31
99 32
99 33
99 34
99 35
99 36
99 37
99 38
99 40
99 42
99 43
99 44
99 45
99 46
99 50
99 51
99 52
99 54
99 55
99 56
99 57
99 59
99 60
99 61
99 63
99 64
99 65
99 66
99 67
99 68
99 69
99 70
99 71
99 72
99 73
99 74
99 75
99 77
99 78
99 79
99 81
99 82
99 83
99 85
99 86
99 87
99 88
99 89
99 90
99 91
99 92
99 93
99 94
99 95
99 96
99 97
99 98
99 117
98 1
98 5
98 6
98 7
98 9
98 11
98 12
98 13
98 15
98 18
98 19
98 21
98 22
98 23
98 24
98 26
98 27
98 29
98 30
98 31
98 32
98 33
98 34
98 35
98 37
98 38
98 40
98 42
98 43
98 44
98 45
98 50
98 51
98 52
98 54
98 55
98 56
98 57
98 59
98 60
98 61
98 63
98 64
98 65
98 66
98 67
98 68
98 69
98 70
98 71
98 72
98 73
98 74
98 75
98 77
98 78
98 79
98 81
98 82
98 83
98 85
98 87
98 88
98 89
98 90
98 91
98 92
98 93
98 94
98 95
98 96
98 97
98 117
97 1
97 2
97 4
97 5
97 6
97 7
97 9
97 11
97 12
97 13
97 15
97 18
97 19
97 22
97 23
97 26
97 27
97 28
97 29
97 30
97 31
97 32
97 34
97 36
97 38
97 42
97 43
97 44
97 46
97 47
97 50
97 51
97 53
97 54
97 55
97 56
97 57
97 59
97 61
97 63
97 64
97 65
97 66
97 67
97 68
97 69
97 70
97 71
97 72
97 73
97 74
97 75
97 76
97 77
97 78
97 79
97 82
97 83
97 86
97 87
97 88
97 89
97 90
97 91
97 92
97 93
97 94
97 95
97 96
96 1
96 2
96 4
96 6
96 7
96 9
96 10
96 11
96 13
96 15
96 18
96 19
96 23
96 24
96 26
96 27
96 29
96 30
96 31
96 32
96 33
96 34
96 36
96 37
96 38
96 40
96 41
96 42
96 43
96 44
96 45
96 46
96 47
96 49
96 50
96 51
96 52
96 54
96 56
96 57
96 61
96 62
96 63
96 64
96 65
96 66
96 67
96 68
96 69
96 70
96 71
96 72
96 73
96 74
96 75
96 77
96 78
96 79
96 80
96 81
96 82
96 86
96 87
96 89
96 90
96 91
96 92
96 93
96 95
95 1
95 5
95 6
95 7
95 9
95 12
95 13
95 18
95 19
95 21
95 22
95 23
95 24
95 26
95 27
95 29
95 30
95 35
95 37
95 38
95 40
95 42
95 43
95 44
95 45
95 51
95 52
95 54
95 55
95 56
95 57
95 59
95 60
95 61
95 63
95 65
95 66
95 67
95 68
95 69
95 70
95 71
95 72
95 73
95 74
95 75
95 77
95 78
95 79
95 81
95 82
95 83
95 85
95 87
95 88
95 89
95 90
95 91
95 92
95 93
95 94
95 117
94 1
94 5
94 6
94 7
94 9
94 12
94 19
94 21
94 22
94 23
94 24
94 26
94 27
94 29
94 30
94 35
94 37
94 40
94 42
94 43
94 44
94 45
94 51
94 52
94 54
94 55
94 56
94 57
94 59
94 60
94 61
94 63
94 65
94 66
94 67
94 68
94 69
94 70
94 71
94 72
94 74
94 75
94 78
94 79
94 81
94 82
94 83
94 85
94 87
94 88
94 89
94 90
94 91
94 92
94 93
94 117
93 1
93 5
93 6
93 7
93 9
93 12
93 13
93 18
93 19
93 21
93 22
93 23
93 24
93 26
93 27
93 29
93 32
93 35
93 37
93 38
93 40
93 42
93 44
93 45
93 50
93 51
93 52
93 54
93 55
93 56
93 57
93 59
93 60
93 61
93 63
93 64
93 65
93 66
93 67
93 68
93 69
93 70
93 72
93 73
93 74
93 75
93 77
93 78
93 79
93 81
93 82
93 83
93 85
93 87
93 88
93 89
93 90
93 91
93 92
93 117
92 1
92 5
92 6
92 7
92 9
92 12
92 13
92 18
92 19
92 21
92 22
92 23
92 24
92 26
92 27
92 29
92 30
92 35
92 37
92 38
92 40
92 42
92 43
92 44
92 45
92 51
92 52
92 54
92 55
92 56
92 57
92 59
92 60
92 61
92 63
92 64
92 65
92 66
92 67
92 68
92 69
92 70
92 72
92 73
92 74
92 75
92 77
92 78
92 79
92 81
92 82
92 83
92 85
92 87
92 88
92 89
92 90
92 91
92 117
91 1
91 5
91 6
91 7
91 9
91 11
91 12
91 13
91 15
91 18
91 19
91 21
91 22
91 23
91 24
91 26
91 27
91 29
91 30
91 31
91 32
91 33
91 34
91 35
91 36
91 37
91 38
91 40
91 42
91 43
91 44
91 45
91 46
91 50
91 51
91 52
91 54
91 55
91 56
91 57
91 59
91 60
91 61
91 63
91 64
91 65
91 66
91 67
91 68
91 69
91 70
91 71
91 72
91 73
91 74
91 75
91 77
91 78
91 79
91 81
91 82
91 83
91 85
91 86
91 87
91 88
91 89
91 90
91 117
90 1
90 5
90 6
90 7
90 9
90 11
90 12
90 13
90 15
90 18
90 19
90 21
90 22
90 23
90 24
90 26
90 27
90 29
90 30
90 31
90 32
90 33
90 34
90 35
90 36
90 37
90 38
90 40
90 42
90 43
90 44
90 45
90 46
90 50
90 51
90 52
90 54
90 55
90 56
90 57
90 59
90 60
90 61
90 63
90 64
90 65
90 66
90 67
90 68
90 69
90 70
90 71
90 72
90 73
90 74
90 75
90 77
90 78
90 79
90 81
90 82
90 83
90 85
90 86
90 87
90 88
90 89
90 117
89 1
89 2
89 4
89 5
89 6
89 7
89 9
89 11
89 12
89 13
89 15
89 18
89 19
89 22
89 23
89 24
89 26
89 27
89 29
89 30
89 31
89 32
89 33
89 34
89 35
89 36
89 37
89 38
89 40
89 42
89 43
89 44
89 45
89 46
89 47
89 50
89 51
89 52
89 54
89 55
89 56
89 57
89 59
89 60
89 61
89 63
89 64
89 65
89 66
89 67
89 68
89 69
89 70
89 71
89 72
89 73
89 74
89 75
89 77
89 78
89 79
89 81
89 82
89 83
89 85
89 86
89 87
89 88
89 117
88 1
88 5
88 6
88 7
88 9
88 12
88 13
88 18
88 19
88 21
88 22
88 23
88 24
88 26
88 27
88 29
88 30
88 35
88 37
88 38
88 40
88 42
88 43
88 44
88 45
88 46
88 51
88 52
88 54
88 55
88 56
88 57
88 59
88 60
88 61
88 63
88 65
88 66
88 67
88 68
88 69
88 70
88 71
88 72
88 73
88 74
88 75
88 77
88 78
88 79
88 81
88 82
88 83
88 85
88 87
88 117
87 1
87 5
87 6
87 7
87 9
87 11
87 12
87 13
87 15
87 18
87 19
87 21
87 22
87 23
87 24
87 26
87 27
87 29
87 30
87 31
87 32
87 33
87 34
87 35
87 36
87 37
87 38
87 40
87 42
87 43
87 44
87 45
87 46
87 50
87 51
87 52
87 54
87 55
87 56
87 57
87 59
87 60
87 61
87 63
87 64
87 65
87 66
87 67
87 68
87 69
87 70
87 71
87 72
87 73
87 74
87 75
87 77
87 78
87 79
87 81
87 82
87 83
87 85
87 86
87 117
86 2
86 3
86 4
86 7
86 8
86 10
86 11
86 14
86 15
86 16
86 17
86 18
86 20
86 25
86 26
86 27
86 28
86 30
86 31
86 32
86 33
86 34
86 36
86 38
86 39
86 41
86 42
86 43
86 46
86 47
86 48
86 49
86 50
86 53
86 54
86 56
86 58
86 61
86 62
86 64
86 67
86 71
86 72
86 73
86 75
86 76
86 77
86 78
86 79
86 80
86 84
86 123
86 103
83 1
83 5
83 6
83 7
83 9
83 12
83 13
83 18
83 19
83 21
83 22
83 23
83 24
83 26
83 27
83 29
83 30
83 35
83 37
83 38
83 40
83 42
83 43
83 44
83 45
83 51
83 52
83 54
83 55
83 56
83 57
83 59
83 60
83 61
83 63
83 65
83 66
83 67
83 68
83 69
83 70
83 71
83 72
83 73
83 74
83 75
83 77
83 78
83 79
83 81
83 82
83 117
83 85
82 1
82 5
82 6
82 7
82 9
82 12
82 13
82 15
82 18
82 19
82 21
82 22
82 23
82 24
82 26
82 27
82 29
82 30
82 32
82 35
82 37
82 38
82 40
82 42
82 44
82 45
82 50
82 51
82 52
82 54
82 55
82 56
82 57
82 59
82 60
82 61
82 63
82 64
82 65
82 66
82 67
82 68
82 69
82 70
82 72
82 73
82 74
82 75
82 77
82 78
82 79
82 81
82 117
82 85
79 1
79 2
79 4
79 5
79 6
79 7
79 9
79 11
79 12
79 13
79 14
79 15
79 18
79 19
79 22
79 23
79 24
79 26
79 27
79 28
79 29
79 30
79 31
79 32
79 33
79 34
79 36
79 37
79 38
79 40
79 42
79 43
79 44
79 45
79 46
79 47
79 50
79 51
79 52
79 53
79 54
79 55
79 56
79 57
79 59
79 61
79 63
79 64
79 65
79 66
79 67
79 68
79 69
79 70
79 71
79 72
79 73
79 74
79 75
79 76
79 77
79 78
79 81
78 1
78 2
78 4
78 5
78 6
78 7
78 9
78 11
78 12
78 13
78 15
78 18
78 19
78 21
78 22
78 23
78 24
78 26
78 27
78 29
78 30
78 31
78 32
78 33
78 34
78 35
78 36
78 37
78 38
78 40
78 42
78 43
78 44
78 45
78 46
78 47
78 50
78 51
78 52
78 54
78 55
78 56
78 57
78 59
78 60
78 61
78 63
78 64
78 65
78 66
78 67
78 68
78 69
78 70
78 71
78 72
78 73
78 74
78 75
78 77
78 117
78 85
78 81
77 1
77 2
77 4
77 5
77 6
77 7
77 9
77 11
77 12
77 13
77 15
77 18
77 19
77 21
77 22
77 23
77 24
77 26
77 27
77 29
77 30
77 31
77 32
77 33
77 34
77 35
77 36
77 37
77 38
77 40
77 42
77 43
77 44
77 45
77 46
77 47
77 50
77 51
77 52
77 54
77 56
77 57
77 59
77 60
77 61
77 62
77 63
77 64
77 65
77 66
77 67
77 68
77 69
77 70
77 71
77 72
77 73
77 74
77 75
77 117
77 85
77 81
76 2
76 3
76 4
76 8
76 10
76 11
76 14
76 15
76 16
76 17
76 20
76 25
76 28
76 30
76 31
76 32
76 34
76 36
76 39
76 41
76 43
76 46
76 47
76 48
76 49
76 53
76 58
76 62
76 71
76 123
76 103
76 84
76 80
75 1
75 5
75 6
75 7
75 9
75 11
75 12
75 13
75 15
75 18
75 19
75 21
75 22
75 23
75 24
75 26
75 27
75 29
75 30
75 31
75 32
75 33
75 34
75 35
75 36
75 37
75 38
75 40
75 42
75 43
75 44
75 45
75 46
75 50
75 51
75 52
75 54
75 55
75 56
75 57
75 59
75 60
75 61
75 63
75 64
75 65
75 66
75 67
75 68
75 69
75 70
75 71
75 72
75 73
75 74
75 117
75 85
75 81
74 1
74 5
74 6
74 7
74 9
74 12
74 13
74 18
74 19
74 21
74 22
74 23
74 24
74 26
74 27
74 29
74 30
74 32
74 35
74 37
74 38
74 40
74 42
74 43
74 44
74 45
74 51
74 52
74 54
74 55
74 56
74 57
74 59
74 60
74 61
74 63
74 64
74 65
74 66
74 67
74 68
74 69
74 70
74 71
74 72
74 73
74 117
74 85
74 81
73 1
73 2
73 4
73 5
73 6
73 7
73 9
73 11
73 12
73 13
73 15
73 18
73 19
73 21
73 22
73 23
73 24
73 26
73 27
73 29
73 30
73 31
73 32
73 33
73 34
73 35
73 36
73 37
73 38
73 40
73 42
73 43
73 44
73 45
73 46
73 47
73 50
73 51
73 52
73 54
73 56
73 57
73 59
73 60
73 61
73 62
73 63
73 64
73 65
73 66
73 67
73 68
73 69
73 70
73 71
73 72
73 117
73 85
73 81
72 1
72 4
72 5
72 6
72 7
72 9
72 11
72 12
72 13
72 15
72 18
72 19
72 21
72 22
72 23
72 24
72 26
72 27
72 29
72 30
72 31
72 32
72 33
72 34
72 35
72 36
72 37
72 38
72 40
72 42
72 43
72 44
72 45
72 46
72 50
72 51
72 52
72 54
72 55
72 56
72 57
72 59
72 60
72 61
72 63
72 64
72 65
72 66
72 67
72 68
72 69
72 70
72 71
72 117
72 85
72 81
71 1
71 4
71 5
71 7
71 11
71 12
71 14
71 15
71 18
71 22
71 26
71 27
71 28
71 30
71 31
71 32
71 34
71 36
71 38
71 42
71 43
71 46
71 47
71 51
71 53
71 54
71 55
71 56
71 59
71 61
71 63
71 64
71 65
71 66
71 67
71 69
71 70
70 1
70 5
70 6
70 7
70 9
70 12
70 13
70 18
70 19
70 21
70 22
70 23
70 24
70 26
70 27
70 29
70 30
70 35
70 37
70 38
70 40
70 42
70 43
70 44
70 45
70 46
70 51
70 52
70 54
70 55
70 56
70 57
70 59
70 60
70 61
70 63
70 65
70 66
70 67
70 68
70 69
70 117
70 85
70 81
69 1
69 5
69 6
69 7
69 9
69 11
69 12
69 13
69 15
69 18
69 19
69 21
69 22
69 23
69 24
69 26
69 27
69 29
69 30
69 31
69 32
69 35
69 36
69 37
69 38
69 40
69 42
69 43
69 44
69 45
69 46
69 51
69 52
69 54
69 55
69 56
69 57
69 59
69 60
69 61
69 63
69 64
69 65
69 66
69 67
69 68
69 117
69 85
69 81
68 1
68 5
68 6
68 7
68 9
68 12
68 13
68 15
68 18
68 19
68 21
68 22
68 23
68 24
68 26
68 27
68 29
68 30
68 32
68 35
68 37
68 38
68 40
68 42
68 43
68 44
68 45
68 50
68 51
68 52
68 54
68 55
68 56
68 57
68 59
68 60
68 61
68 63
68 64
68 65
68 66
68 67
68 117
68 85
68 81
67 1
67 5
67 6
67 7
67 9
67 11
67 12
67 13
67 15
67 18
67 19
67 21
67 22
67 23
67 24
67 26
67 27
67 29
67 30
67 31
67 32
67 33
67 34
67 35
67 36
67 37
67 38
67 40
67 42
67 43
67 44
67 45
67 46
67 50
67 51
67 52
67 54
67 55
67 56
67 57
67 59
67 60
67 61
67 63
67 64
67 65
67 66
67 117
67 85
67 81
66 1
66 5
66 6
66 7
66 9
66 11
66 12
66 13
66 15
66 18
66 19
66 22
66 23
66 24
66 26
66 27
66 29
66 30
66 31
66 32
66 35
66 36
66 37
66 38
66 40
66 42
66 43
66 44
66 45
66 46
66 50
66 51
66 52
66 54
66 55
66 56
66 57
66 59
66 60
66 61
66 63
66 64
66 65
66 117
66 85
66 81
65 1
65 5
65 6
65 7
65 9
65 11
65 12
65 13
65 15
65 18
65 19
65 21
65 22
65 23
65 24
65 26
65 27
65 29
65 30
65 31
65 32
65 35
65 37
65 38
65 40
65 42
65 43
65 44
65 45
65 50
65 51
65 52
65 54
65 55
65 56
65 57
65 59
65 60
65 61
65 63
65 64
65 117
65 85
65 81
64 1
64 2
64 4
64 6
64 7
64 9
64 10
64 11
64 13
64 15
64 18
64 19
64 23
64 24
64 26
64 27
64 29
64 30
64 31
64 32
64 33
64 34
64 36
64 38
64 41
64 42
64 43
64 44
64 45
64 46
64 47
64 49
64 50
64 51
64 52
64 54
64 56
64 57
64 61
64 62
64 63
64 84
64 80
63 1
63 5
63 6
63 7
63 9
63 11
63 12
63 13
63 15
63 18
63 19
63 21
63 22
63 23
63 24
63 26
63 27
63 29
63 30
63 31
63 32
63 35
63 36
63 37
63 38
63 40
63 42
63 43
63 44
63 45
63 46
63 50
63 51
63 52
63 54
63 55
63 56
63 57
63 59
63 60
63 61
63 117
63 85
63 81
61 1
61 5
61 6
61 7
61 9
61 11
61 12
61 13
61 15
61 18
61 19
61 21
61 22
61 23
61 24
61 26
61 27
61 29
61 30
61 31
61 32
61 33
61 34
61 35
61 36
61 37
61 38
61 40
61 42
61 43
61 44
61 45
61 46
61 50
61 51
61 52
61 54
61 55
61 56
61 57
61 59
61 60
61 117
61 85
61 81
59 1
59 5
59 6
59 7
59 9
59 12
59 13
59 18
59 19
59 21
59 22
59 23
59 24
59 26
59 27
59 29
59 30
59 35
59 37
59 38
59 40
59 42
59 43
59 44
59 45
59 51
59 52
59 54
59 55
59 56
59 57
59 117
59 85
59 81
59 60
57 1
57 5
57 6
57 7
57 9
57 12
57 13
57 18
57 19
57 21
57 22
57 23
57 24
57 26
57 27
57 29
57 35
57 37
57 38
57 40
57 42
57 44
57 45
57 51
57 52
57 54
57 55
57 56
57 117
57 85
57 81
57 60
56 1
56 4
56 5
56 6
56 7
56 9
56 11
56 12
56 13
56 15
56 18
56 19
56 22
56 23
56 24
56 26
56 27
56 29
56 30
56 31
56 32
56 34
56 36
56 37
56 38
56 40
56 42
56 43
56 44
56 45
56 46
56 47
56 50
56 51
56 52
56 54
56 55
55 1
55 5
55 6
55 7
55 9
55 12
55 18
55 19
55 21
55 22
55 23
55 24
55 26
55 27
55 29
55 30
55 35
55 37
55 38
55 40
55 42
55 43
55 44
55 45
55 51
55 52
55 54
55 117
55 85
55 81
55 60
54 1
54 4
54 5
54 6
54 7
54 9
54 11
54 12
54 13
54 15
54 18
54 19
54 22
54 23
54 24
54 26
54 27
54 29
54 30
54 31
54 32
54 34
54 36
54 37
54 38
54 40
54 42
54 43
54 44
54 45
54 46
54 47
54 50
54 51
54 52
53 2
53 3
53 4
53 8
53 10
53 11
53 14
53 15
53 16
53 17
53 20
53 25
53 28
53 30
53 31
53 32
53 34
53 36
53 39
53 41
53 43
53 46
53 47
53 48
53 49
53 123
53 103
53 84
53 80
53 62
53 58
52 1
52 5
52 6
52 7
52 9
52 12
52 13
52 18
52 19
52 21
52 22
52 23
52 24
52 26
52 27
52 29
52 35
52 37
52 38
52 40
52 42
52 44
52 45
52 51
52 117
52 85
52 81
52 60
51 1
51 5
51 6
51 7
51 9
51 11
51 12
51 13
51 15
51 18
51 19
51 21
51 22
51 23
51 24
51 26
51 27
51 29
51 30
51 31
51 32
51 33
51 34
51 35
51 37
51 38
51 40
51 42
51 43
51 44
51 45
51 50
51 117
51 85
51 81
51 60
50 2
50 4
50 6
50 7
50 11
50 13
50 15
50 18
50 26
50 27
50 30
50 31
50 32
50 33
50 34
50 36
50 38
50 41
50 42
50 43
50 44
50 46
50 47
50 49
50 80
50 62
47 2
47 3
47 4
47 8
47 10
47 11
47 14
47 15
47 16
47 17
47 20
47 25
47 26
47 28
47 30
47 31
47 32
47 33
47 34
47 36
47 38
47 39
47 41
47 43
47 46
47 123
47 103
47 84
47 80
47 62
47 58
47 49
47 48
46 2
46 3
46 4
46 5
46 7
46 8
46 11
46 14
46 15
46 17
46 18
46 20
46 22
46 25
46 26
46 27
46 28
46 30
46 31
46 32
46 33
46 34
46 36
46 38
46 39
46 42
46 43
46 123
46 103
46 80
45 1
45 5
45 6
45 7
45 9
45 12
45 13
45 18
45 19
45 21
45 22
45 23
45 24
45 26
45 27
45 29
45 35
45 37
45 38
45 40
45 42
45 44
45 117
45 85
45 81
45 60
44 1
44 5
44 6
44 7
44 9
44 12
44 13
44 15
44 18
44 19
44 21
44 22
44 23
44 24
44 26
44 27
44 29
44 30
44 32
44 35
44 37
44 38
44 40
44 42
44 43
44 117
44 85
44 81
44 60
43 1
43 4
43 5
43 6
43 7
43 9
43 11
43 12
43 15
43 18
43 22
43 26
43 27
43 28
43 30
43 31
43 32
43 34
43 36
43 38
43 42
42 1
42 4
42 5
42 6
42 7
42 9
42 11
42 12
42 13
42 15
42 18
42 19
42 21
42 22
42 23
42 24
42 26
42 27
42 29
42 30
42 31
42 32
42 33
42 34
42 35
42 36
42 37
42 38
42 40
42 117
42 85
42 81
42 60
40 1
40 5
40 6
40 7
40 9
40 12
40 13
40 18
40 19
40 21
40 22
40 23
40 24
40 26
40 27
40 29
40 35
40 37
40 38
40 117
40 85
40 81
40 60
38 1
38 2
38 4
38 5
38 6
38 7
38 9
38 11
38 12
38 13
38 15
38 18
38 19
38 21
38 22
38 23
38 24
38 26
38 27
38 29
38 30
38 31
38 32
38 33
38 34
38 35
38 36
38 37
38 117
38 85
38 81
38 62
38 60
37 1
37 5
37 6
37 7
37 9
37 12
37 13
37 18
37 19
37 21
37 22
37 23
37 24
37 26
37 27
37 29
37 35
37 117
37 85
37 81
37 60
36 2
36 3
36 4
36 7
36 8
36 11
36 14
36 15
36 17
36 18
36 20
36 25
36 26
36 28
36 30
36 31
36 32
36 33
36 34
36 123
36 103
36 80
36 62
36 58
36 48
36 41
36 39
34 2
34 3
34 4
34 6
34 7
34 8
34 10
34 11
34 13
34 14
34 15
34 16
34 17
34 18
34 20
34 25
34 26
34 27
34 28
34 30
34 31
34 32
34 33
34 123
34 103
34 84
34 80
34 62
34 58
34 49
34 48
34 41
34 39
33 2
33 4
33 6
33 7
33 8
33 10
33 11
33 13
33 15
33 16
33 18
33 26
33 27
33 30
33 31
33 32
33 84
33 80
33 62
33 58
33 49
33 48
33 41
32 2
32 3
32 4
32 6
32 7
32 8
32 10
32 11
32 13
32 14
32 15
32 17
32 18
32 20
32 25
32 26
32 27
32 28
32 30
32 31
32 123
32 103
32 84
32 80
32 62
32 58
32 49
32 48
32 41
32 39
31 2
31 3
31 4
31 6
31 7
31 8
31 10
31 11
31 14
31 15
31 17
31 18
31 20
31 25
31 26
31 27
31 28
31 30
31 123
31 103
31 84
31 80
31 62
31 58
31 49
31 48
31 41
31 39
30 1
30 2
30 4
30 5
30 6
30 7
30 9
30 11
30 12
30 13
30 14
30 15
30 18
30 19
30 22
30 26
30 27
30 28
29 1
29 5
29 6
29 7
29 9
29 12
29 13
29 18
29 19
29 21
29 22
29 23
29 24
29 26
29 27
29 117
29 85
29 81
29 60
29 35
28 2
28 3
28 4
28 8
28 10
28 11
28 14
28 15
28 16
28 17
28 20
28 25
28 123
28 103
28 84
28 80
28 62
28 58
28 49
28 48
28 41
28 39
27 1
27 5
27 6
27 7
27 9
27 11
27 12
27 13
27 15
27 18
27 19
27 21
27 22
27 23
27 24
27 26
27 117
27 85
27 81
27 60
27 35
26 1
26 4
26 5
26 6
26 7
26 9
26 11
26 12
26 13
26 15
26 18
26 19
26 21
26 22
26 23
26 24
26 117
26 85
26 81
26 60
26 35
24 1
24 5
24 6
24 7
24 9
24 12
24 13
24 18
24 19
24 21
24 22
24 23
24 117
24 85
24 81
24 60
24 35
23 1
23 5
23 6
23 7
23 9
23 12
23 13
23 18
23 19
23 21
23 22
23 117
23 85
23 81
23 60
23 35
22 1
22 5
22 6
22 7
22 9
22 11
22 12
22 13
22 18
22 19
22 21
22 117
22 85
22 81
22 60
22 35
19 1
19 5
19 6
19 7
19 9
19 12
19 13
19 18
19 117
19 85
19 81
19 60
19 35
19 21
18 1
18 4
18 5
18 6
18 7
18 9
18 11
18 12
18 13
18 15
18 117
18 85
18 81
18 60
18 35
18 21
15 2
15 3
15 4
15 6
15 7
15 8
15 10
15 11
15 13
15 14
15 123
15 103
15 84
15 80
15 62
15 58
15 49
15 48
15 41
15 39
15 25
15 20
15 17
15 16
13 1
13 5
13 6
13 7
13 9
13 12
13 117
13 85
13 81
13 60
13 35
13 21
12 1
12 5
12 6
12 7
12 9
12 117
12 85
12 81
12 60
12 35
12 21
11 2
11 3
11 4
11 6
11 7
11 8
11 123
11 103
11 80
11 62
11 58
11 48
11 41
11 39
11 25
11 20
11 17
11 14
9 1
9 5
9 6
9 7
9 117
9 85
9 81
9 60
9 35
9 21
7 1
7 4
7 5
7 6
7 117
7 85
7 81
7 60
7 35
7 21
6 1
6 5
6 117
6 85
6 81
6 60
6 35
6 21
5 1
5 117
5 85
5 81
5 60
5 35
5 21
4 2
4 3
4 123
4 103
4 84
4 80
4 62
4 58
4 49
4 48
4 41
4 39
4 25
4 20
4 17
4 16
4 14
4 10
4 8
2 123
2 103
2 84
2 80
2 62
2 58
2 49
2 48
2 41
2 39
2 25
2 20
2 17
2 16
2 14
2 10
2 8
2 3
1 117
1 85
1 81
1 60
1 35
1 21
117 21
117 35
117 60
117 81
117 85
85 21
85 35
85 60
85 81
81 21
81 35
81 60
60 21
60 35
35 21
123 3
123 8
123 10
123 14
123 16
123 17
123 20
123 25
123 39
123 41
123 48
123 49
123 58
123 62
123 80
123 84
123 103
103 3
103 8
103 10
103 14
103 16
103 17
103 20
103 25
103 39
103 41
103 48
103 49
103 58
103 62
103 80
103 84
84 3
84 8
84 10
84 14
84 16
84 17
84 20
84 25
84 39
84 41
84 48
84 49
84 58
84 62
84 80
80 3
80 8
80 10
80 14
80 16
80 17
80 20
80 25
80 39
80 41
80 48
80 49
80 58
80 62
62 3
62 8
62 10
62 14
62 16
62 17
62 20
62 25
62 39
62 41
62 48
62 49
62 58
58 3
58 8
58 10
58 14
58 16
58 17
58 20
58 25
58 39
58 41
58 48
58 49
49 3
49 8
49 10
49 14
49 16
49 17
49 20
49 25
49 39
49 41
49 48
48 3
48 8
48 10
48 14
48 16
48 17
48 20
48 25
48 39
48 41
41 3
41 8
41 10
41 14
41 16
41 17
41 20
41 25
41 39
39 3
39 8
39 10
39 14
39 16
39 17
39 20
39 25
25 3
25 8
25 10
25 14
25 16
25 17
25 20
20 3
20 8
20 10
20 14
20 16
20 17
17 3
17 8
17 10
17 14
17 16
16 3
16 8
16 10
16 14
14 3
14 8
14 10
10 3
10 8
8 3
