138 3925
0 1
0 2
0 3
0 4
0 5
0 6
0 7
0 8
0 9
0 10
0 11
0 12
0 13
0 14
0 15
0 33
0 46
0 47
0 48
0 49
0 50
0 51
0 52
0 53
0 54
0 62
0 63
0 64
0 65
0 67
0 68
0 70
0 91
0 92
0 93
0 94
0 95
0 96
0 97
0 98
0 99
0 100
0 101
0 102
0 103
0 106
0 108
0 110
0 111
0 112
0 114
0 115
0 117
0 118
0 119
0 120
0 121
0 122
0 123
0 125
0 126
0 127
0 128
0 129
0 134
0 135
0 69
0 66
0 61
0 60
0 59
0 58
0 57
0 56
0 55
0 45
0 44
0 43
0 42
0 41
0 40
0 39
0 38
0 137
0 37
0 133
0 132
0 131
0 136
0 32
0 90
0 89
0 88
0 87
0 86
0 85
0 84
0 83
0 82
0 81
0 80
0 79
0 78
0 77
0 76
0 75
0 74
0 73
0 72
0 71
0 35
0 130
0 36
0 124
0 34
0 116
0 113
0 109
0 107
0 105
0 104
1 2
1 3
1 4
1 5
1 6
1 7
1 8
1 9
1 10
1 11
1 12
1 13
1 14
1 15
1 33
1 46
1 47
1 48
1 49
1 50
1 51
1 52
1 53
1 54
1 62
1 63
1 64
1 65
1 67
1 68
1 70
1 91
1 92
1 93
1 94
1 95
1 96
1 97
1 98
1 99
1 100
1 101
1 102
1 103
1 106
1 108
1 110
1 111
1 112
1 114
1 115
1 117
1 118
1 119
1 120
1 121
1 122
1 123
1 125
1 126
1 127
1 128
1 129
1 134
1 135
1 69
1 66
1 61
1 60
1 59
1 58
1 57
1 56
1 55
1 45
1 44
1 43
1 42
1 41
1 40
1 39
1 38
1 137
1 37
1 133
1 132
1 131
1 136
1 32
1 90
1 89
1 88
1 87
1 86
1 85
1 84
1 83
1 82
1 81
1 80
1 79
1 78
1 77
1 76
1 75
1 74
1 73
1 72
1 71
1 35
1 130
1 36
1 124
1 34
1 116
1 113
1 109
1 107
1 105
1 104
2 3
2 4
2 5
2 6
2 7
2 8
2 9
2 10
2 11
2 12
2 13
2 14
2 15
2 33
2 46
2 47
2 48
2 49
2 50
2 51
2 52
2 53
2 54
2 62
2 63
2 64
2 65
2 67
2 68
2 70
2 91
2 92
2 93
2 94
2 95
2 96
2 97
2 98
2 99
2 100
2 101
2 102
2 103
2 106
2 108
2 110
2 111
2 112
2 114
2 115
2 117
2 118
2 119
2 120
2 121
2 122
2 123
2 125
2 126
2 127
2 128
2 129
2 134
2 135
2 61
2 60
2 59
2 58
2 57
2 56
2 55
2 45
2 44
2 43
2 42
2 41
2 40
2 39
2 38
3 4
3 5
3 6
3 7
3 8
3 9
3 10
3 11
3 12
3 13
3 14
3 15
3 33
3 46
3 47
3 48
3 49
3 50
3 51
3 52
3 53
3 54
3 62
3 63
3 64
3 65
3 67
3 68
3 70
3 91
3 92
3 93
3 94
3 95
3 96
3 97
3 98
3 99
3 100
3 101
3 102
3 103
3 106
3 108
3 110
3 111
3 112
3 114
3 115
3 117
3 118
3 119
3 120
3 121
3 122
3 123
3 125
3 126
3 127
3 128
3 129
3 134
3 135
4 5
4 6
4 7
4 8
4 9
4 10
4 11
4 12
4 13
4 14
4 15
4 33
4 46
4 47
4 48
4 49
4 50
4 51
4 52
4 53
4 54
4 62
4 63
4 64
4 65
4 67
4 68
4 70
4 91
4 92
4 93
4 94
4 95
4 96
4 97
4 98
4 99
4 100
4 101
4 102
4 103
4 106
4 108
4 110
4 111
4 112
4 114
4 115
4 117
4 118
4 119
4 120
4 121
4 122
4 123
4 125
4 126
4 127
4 128
4 129
4 134
4 135
4 38
5 6
5 7
5 8
5 9
5 10
5 11
5 12
5 13
5 14
5 15
5 33
5 46
5 47
5 48
5 49
5 50
5 51
5 52
5 53
5 54
5 62
5 63
5 64
5 65
5 67
5 68
5 70
5 91
5 92
5 93
5 94
5 95
5 96
5 97
5 98
5 99
5 100
5 101
5 102
5 103
5 106
5 108
5 110
5 111
5 112
5 114
5 115
5 117
5 118
5 119
5 120
5 121
5 122
5 123
5 125
5 126
5 127
5 128
5 129
5 134
5 135
5 39
5 38
6 7
6 8
6 9
6 10
6 11
6 12
6 13
6 14
6 15
6 33
6 46
6 47
6 48
6 49
6 50
6 51
6 52
6 53
6 54
6 62
6 63
6 64
6 65
6 67
6 68
6 70
6 91
6 92
6 93
6 94
6 95
6 96
6 97
6 98
6 99
6 100
6 101
6 102
6 103
6 106
6 108
6 110
6 111
6 112
6 114
6 115
6 117
6 118
6 119
6 120
6 121
6 122
6 123
6 125
6 126
6 127
6 128
6 129
6 134
6 135
6 40
6 39
6 38
7 8
7 9
7 10
7 11
7 12
7 13
7 14
7 15
7 33
7 46
7 47
7 48
7 49
7 50
7 51
7 52
7 53
7 54
7 62
7 63
7 64
7 65
7 67
7 68
7 70
7 91
7 92
7 93
7 94
7 95
7 96
7 97
7 98
7 99
7 100
7 101
7 102
7 103
7 106
7 108
7 110
7 111
7 112
7 114
7 115
7 117
7 118
7 119
7 120
7 121
7 122
7 123
7 125
7 126
7 127
7 128
7 129
7 134
7 135
7 41
7 40
7 39
7 38
8 9
8 10
8 11
8 12
8 13
8 14
8 15
8 33
8 46
8 47
8 48
8 49
8 50
8 51
8 52
8 53
8 54
8 62
8 63
8 64
8 65
8 67
8 68
8 70
8 91
8 92
8 93
8 94
8 95
8 96
8 97
8 98
8 99
8 100
8 101
8 102
8 103
8 106
8 108
8 110
8 111
8 112
8 114
8 115
8 117
8 118
8 119
8 120
8 121
8 122
8 123
8 125
8 126
8 127
8 128
8 129
8 134
8 135
8 42
8 41
8 40
8 39
8 38
9 10
9 11
9 12
9 13
9 14
9 15
9 33
9 46
9 47
9 48
9 49
9 50
9 51
9 52
9 53
9 54
9 62
9 63
9 64
9 65
9 67
9 68
9 70
9 91
9 92
9 93
9 94
9 95
9 96
9 97
9 98
9 99
9 100
9 101
9 102
9 103
9 106
9 108
9 110
9 111
9 112
9 114
9 115
9 117
9 118
9 119
9 120
9 121
9 122
9 123
9 125
9 126
9 127
9 128
9 129
9 134
9 135
9 43
9 42
9 41
9 40
9 39
9 38
10 11
10 12
10 13
10 14
10 15
10 33
10 46
10 47
10 48
10 49
10 50
10 51
10 52
10 53
10 54
10 62
10 63
10 64
10 65
10 67
10 68
10 70
10 91
10 92
10 93
10 94
10 95
10 96
10 97
10 98
10 99
10 100
10 101
10 102
10 103
10 106
10 108
10 110
10 111
10 112
10 114
10 115
10 117
10 118
10 119
10 120
10 121
10 122
10 123
10 125
10 126
10 127
10 128
10 129
10 134
10 135
10 45
10 44
10 43
10 42
10 41
10 40
10 39
10 38
11 12
11 13
11 14
11 15
11 33
11 46
11 47
11 48
11 49
11 50
11 51
11 52
11 53
11 54
11 62
11 63
11 64
11 65
11 67
11 68
11 70
11 91
11 92
11 93
11 94
11 95
11 96
11 97
11 98
11 99
11 100
11 101
11 102
11 103
11 106
11 108
11 110
11 111
11 112
11 114
11 115
11 117
11 118
11 119
11 120
11 121
11 122
11 123
11 125
11 126
11 127
11 128
11 129
11 134
11 135
11 56
11 55
11 45
11 44
11 43
11 42
11 41
11 40
11 39
11 38
12 13
12 14
12 15
12 33
12 46
12 47
12 48
12 49
12 50
12 51
12 52
12 53
12 54
12 62
12 63
12 64
12 65
12 67
12 68
12 70
12 91
12 92
12 93
12 94
12 95
12 96
12 97
12 98
12 99
12 100
12 101
12 102
12 103
12 106
12 108
12 110
12 111
12 112
12 114
12 115
12 117
12 118
12 119
12 120
12 121
12 122
12 123
12 125
12 126
12 127
12 128
12 129
12 134
12 135
12 58
12 57
12 56
12 55
12 45
12 44
12 43
12 42
12 41
12 40
12 39
12 38
13 14
13 15
13 33
13 46
13 47
13 48
13 49
13 50
13 51
13 52
13 53
13 54
13 62
13 63
13 64
13 65
13 67
13 68
13 70
13 91
13 92
13 93
13 94
13 95
13 96
13 97
13 98
13 99
13 100
13 101
13 102
13 103
13 106
13 108
13 110
13 111
13 112
13 114
13 115
13 117
13 118
13 119
13 120
13 121
13 122
13 123
13 125
13 126
13 127
13 128
13 129
13 134
13 135
13 59
13 58
13 57
13 56
13 55
13 45
13 44
13 43
13 42
13 41
13 40
13 39
13 38
14 15
14 33
14 46
14 47
14 48
14 49
14 50
14 51
14 52
14 53
14 54
14 62
14 63
14 64
14 65
14 67
14 68
14 70
14 91
14 92
14 93
14 94
14 95
14 96
14 97
14 98
14 99
14 100
14 101
14 102
14 103
14 106
14 108
14 110
14 111
14 112
14 114
14 115
14 117
14 118
14 119
14 120
14 121
14 122
14 123
14 125
14 126
14 127
14 128
14 129
14 134
14 135
15 33
15 46
15 47
15 48
15 49
15 50
15 51
15 52
15 53
15 54
15 62
15 63
15 64
15 65
15 67
15 68
15 70
15 91
15 92
15 93
15 94
15 95
15 96
15 97
15 98
15 99
15 100
15 101
15 102
15 103
15 106
15 108
15 110
15 111
15 112
15 114
15 115
15 117
15 118
15 119
15 120
15 121
15 122
15 123
15 125
15 126
15 127
15 128
15 129
15 134
15 135
15 44
15 43
15 42
15 41
15 40
15 39
15 38
33 16
33 70
33 67
33 63
33 98
33 68
33 65
33 62
33 54
33 53
33 52
33 51
33 50
33 49
33 48
33 47
33 46
33 99
46 16
46 18
46 19
46 20
46 21
46 22
46 23
46 24
46 25
46 68
46 67
46 65
46 64
46 63
46 62
46 54
46 53
46 52
46 51
46 50
46 49
46 48
46 47
46 135
46 134
46 70
46 98
46 97
46 96
46 95
46 94
46 93
46 92
46 91
46 129
46 128
46 127
46 126
46 125
46 100
46 99
46 123
46 122
46 121
46 120
46 119
46 118
46 117
46 103
46 102
46 101
46 115
46 114
46 112
46 111
46 110
46 108
46 106
47 16
47 19
47 20
47 21
47 22
47 23
47 24
47 25
47 68
47 67
47 65
47 64
47 63
47 62
47 54
47 53
47 52
47 51
47 50
47 49
47 48
47 135
47 134
47 70
47 98
47 97
47 96
47 95
47 94
47 93
47 92
47 91
47 129
47 128
47 127
47 126
47 125
47 100
47 99
47 123
47 122
47 121
47 120
47 119
47 118
47 117
47 103
47 102
47 101
47 115
47 114
47 112
47 111
47 110
47 108
47 106
48 16
48 20
48 21
48 22
48 23
48 24
48 25
48 68
48 67
48 65
48 64
48 63
48 62
48 54
48 53
48 52
48 51
48 50
48 49
48 135
48 134
48 70
48 98
48 97
48 96
48 95
48 94
48 93
48 92
48 91
48 129
48 128
48 127
48 126
48 125
48 100
48 99
48 123
48 122
48 121
48 120
48 119
48 118
48 117
48 103
48 102
48 101
48 115
48 114
48 112
48 111
48 110
48 108
48 106
49 16
49 21
49 22
49 23
49 24
49 25
49 68
49 67
49 65
49 64
49 63
49 62
49 54
49 53
49 52
49 51
49 50
49 135
49 134
49 70
49 98
49 97
49 96
49 95
49 94
49 93
49 92
49 91
49 129
49 128
49 127
49 126
49 125
49 100
49 99
49 123
49 122
49 121
49 120
49 119
49 118
49 117
49 103
49 102
49 101
49 115
49 114
49 112
49 111
49 110
49 108
49 106
50 16
50 22
50 23
50 24
50 25
50 68
50 67
50 65
50 64
50 63
50 62
50 54
50 53
50 52
50 51
50 135
50 134
50 70
50 98
50 97
50 96
50 95
50 94
50 93
50 92
50 91
50 129
50 128
50 127
50 126
50 125
50 100
50 99
50 123
50 122
50 121
50 120
50 119
50 118
50 117
50 103
50 102
50 101
50 115
50 114
50 112
50 111
50 110
50 108
50 106
51 16
51 23
51 24
51 25
51 68
51 67
51 65
51 64
51 63
51 62
51 54
51 53
51 52
51 135
51 134
51 70
51 98
51 97
51 96
51 95
51 94
51 93
51 92
51 91
51 129
51 128
51 127
51 126
51 125
51 100
51 99
51 123
51 122
51 121
51 120
51 119
51 118
51 117
51 103
51 102
51 101
51 115
51 114
51 112
51 111
51 110
51 108
51 106
52 16
52 24
52 25
52 68
52 67
52 65
52 64
52 63
52 62
52 54
52 53
52 135
52 134
52 70
52 98
52 97
52 96
52 95
52 94
52 93
52 92
52 91
52 129
52 128
52 127
52 126
52 125
52 100
52 99
52 123
52 122
52 121
52 120
52 119
52 118
52 117
52 103
52 102
52 101
52 115
52 114
52 112
52 111
52 110
52 108
52 106
53 16
53 25
53 68
53 67
53 65
53 64
53 63
53 62
53 54
53 135
53 134
53 70
53 98
53 97
53 96
53 95
53 94
53 93
53 92
53 91
53 129
53 128
53 127
53 126
53 125
53 100
53 99
53 123
53 122
53 121
53 120
53 119
53 118
53 117
53 103
53 102
53 101
53 115
53 114
53 112
53 111
53 110
53 108
53 106
54 16
54 68
54 67
54 65
54 64
54 63
54 62
54 135
54 134
54 70
54 98
54 97
54 96
54 95
54 94
54 93
54 92
54 91
54 129
54 128
54 127
54 126
54 125
54 100
54 99
54 123
54 122
54 121
54 120
54 119
54 118
54 117
54 103
54 102
54 101
54 115
54 114
54 112
54 111
54 110
54 108
54 106
62 16
62 68
62 67
62 65
62 64
62 63
62 70
62 98
62 97
62 96
62 95
62 94
62 93
62 92
62 91
62 129
62 128
62 127
62 126
62 125
62 100
62 99
62 123
62 122
62 121
62 120
62 119
62 118
62 117
62 103
62 102
62 101
62 115
62 114
62 112
62 111
62 110
62 108
62 106
63 16
63 68
63 67
63 65
63 64
63 70
63 98
63 97
63 96
63 95
63 94
63 93
63 92
63 91
63 129
63 128
63 127
63 126
63 125
63 100
63 99
63 123
63 122
63 121
63 120
63 119
63 118
63 117
63 103
63 102
63 101
63 115
63 114
63 112
63 111
63 110
63 108
63 106
64 16
65 16
65 68
65 67
65 70
65 98
65 97
65 96
65 95
65 94
65 93
65 92
65 91
65 129
65 128
65 127
65 126
65 125
65 100
65 99
65 123
65 122
65 121
65 120
65 119
65 118
65 117
65 103
65 102
65 101
65 115
65 114
65 112
65 111
65 110
65 108
65 106
67 16
67 68
67 70
67 98
67 97
67 96
67 95
67 94
67 93
67 92
67 91
67 129
67 128
67 127
67 126
67 125
67 100
67 99
67 123
67 122
67 121
67 120
67 119
67 118
67 117
67 103
67 102
67 101
67 115
67 114
67 112
67 111
67 110
67 108
67 106
68 16
68 70
68 98
68 97
68 96
68 95
68 94
68 93
68 92
68 91
68 129
68 128
68 127
68 126
68 125
68 100
68 99
68 123
68 122
68 121
68 120
68 119
68 118
68 117
68 103
68 102
68 101
68 115
68 114
68 112
68 111
68 110
68 108
68 106
70 16
70 98
70 97
70 96
70 95
70 94
70 93
70 92
70 91
70 129
70 128
70 127
70 126
70 125
70 100
70 99
70 123
70 122
70 121
70 120
70 119
70 118
70 117
70 103
70 102
70 101
70 115
70 114
70 112
70 111
70 110
70 108
70 106
91 16
92 16
93 16
94 16
95 16
96 16
97 16
98 16
98 129
98 128
98 127
98 126
98 125
99 16
100 16
101 16
101 102
102 16
103 16
106 16
106 111
106 110
106 108
108 16
108 110
110 16
111 16
112 16
112 114
114 16
115 16
117 16
117 120
117 119
117 118
118 16
118 119
119 16
120 16
121 16
121 122
122 16
123 16
125 16
126 16
127 16
128 16
129 16
134 16
135 16
69 16
69 17
69 18
69 19
69 20
69 21
69 22
69 23
69 24
69 25
69 26
69 27
69 28
69 29
69 30
69 31
69 38
69 39
69 40
69 41
69 42
69 43
69 44
69 45
69 55
69 56
69 57
69 58
69 59
69 60
69 61
69 66
66 16
66 17
66 18
66 19
66 20
66 21
66 22
66 23
66 24
66 25
66 26
66 27
66 28
66 29
66 30
66 31
66 38
66 39
66 40
66 41
66 42
66 43
66 44
66 45
66 55
66 56
66 57
66 58
66 59
66 60
66 61
66 90
66 89
66 88
66 87
66 86
66 85
66 84
66 83
66 82
66 81
66 80
66 79
66 78
66 77
66 76
66 75
66 74
66 73
66 72
66 71
61 16
61 17
61 18
61 19
61 20
61 21
61 22
61 23
61 24
61 25
61 26
61 27
61 28
61 29
61 30
61 31
61 32
61 34
61 35
61 36
61 38
61 39
61 40
61 41
61 42
61 43
61 44
61 45
61 55
61 56
61 57
61 58
61 59
61 60
61 90
61 89
61 88
61 87
61 86
61 85
61 84
61 83
61 82
61 81
61 80
61 79
61 78
61 77
61 76
61 75
61 74
61 73
61 72
61 71
61 130
61 124
61 116
61 113
61 109
61 107
61 105
61 104
60 16
60 17
60 18
60 19
60 20
60 21
60 22
60 23
60 24
60 25
60 26
60 27
60 28
60 29
60 30
60 31
60 32
60 34
60 35
60 36
60 38
60 39
60 40
60 41
60 42
60 43
60 44
60 45
60 55
60 56
60 57
60 58
60 59
60 90
60 89
60 88
60 87
60 86
60 85
60 84
60 83
60 82
60 81
60 80
60 79
60 78
60 77
60 76
60 75
60 74
60 73
60 72
60 71
60 130
60 124
60 116
60 113
60 109
60 107
60 105
60 104
59 16
59 17
59 18
59 19
59 20
59 21
59 22
59 23
59 24
59 25
59 26
59 27
59 28
59 29
59 30
59 31
59 32
59 34
59 35
59 36
59 38
59 39
59 40
59 41
59 42
59 43
59 44
59 45
59 55
59 56
59 57
59 58
59 137
59 132
59 131
59 90
59 89
59 88
59 87
59 86
59 85
59 84
59 83
59 82
59 81
59 80
59 79
59 78
59 77
59 76
59 75
59 74
59 73
59 72
59 71
59 130
59 124
59 116
59 113
59 109
59 107
59 105
59 104
58 16
58 17
58 18
58 19
58 20
58 21
58 22
58 23
58 24
58 25
58 26
58 27
58 28
58 29
58 30
58 31
58 32
58 34
58 35
58 36
58 37
58 38
58 39
58 40
58 41
58 42
58 43
58 44
58 45
58 55
58 56
58 57
58 137
58 133
58 132
58 131
58 136
58 90
58 89
58 88
58 87
58 86
58 85
58 84
58 83
58 82
58 81
58 80
58 79
58 78
58 77
58 76
58 75
58 74
58 73
58 72
58 71
58 130
58 124
58 116
58 113
58 109
58 107
58 105
58 104
57 16
57 17
57 18
57 19
57 20
57 21
57 22
57 23
57 24
57 25
57 26
57 27
57 28
57 29
57 30
57 31
57 32
57 34
57 35
57 36
57 37
57 38
57 39
57 40
57 41
57 42
57 43
57 44
57 45
57 55
57 56
57 137
57 133
57 132
57 131
57 136
57 90
57 89
57 88
57 87
57 86
57 85
57 84
57 83
57 82
57 81
57 80
57 79
57 78
57 77
57 76
57 75
57 74
57 73
57 72
57 71
57 130
57 124
57 116
57 113
57 109
57 107
57 105
57 104
56 16
56 17
56 18
56 19
56 20
56 21
56 22
56 23
56 24
56 25
56 26
56 27
56 28
56 29
56 30
56 31
56 32
56 34
56 35
56 36
56 37
56 38
56 39
56 40
56 41
56 42
56 43
56 44
56 45
56 55
56 137
56 133
56 132
56 131
56 136
56 90
56 89
56 88
56 87
56 86
56 85
56 84
56 83
56 82
56 81
56 80
56 79
56 78
56 77
56 76
56 75
56 74
56 73
56 72
56 71
56 130
56 124
56 116
56 113
56 109
56 107
56 105
56 104
55 16
55 17
55 18
55 19
55 20
55 21
55 22
55 23
55 24
55 25
55 26
55 27
55 28
55 29
55 30
55 31
55 32
55 34
55 35
55 36
55 37
55 38
55 39
55 40
55 41
55 42
55 43
55 44
55 45
55 137
55 133
55 132
55 131
55 136
55 90
55 89
55 88
55 87
55 86
55 85
55 84
55 83
55 82
55 81
55 80
55 79
55 78
55 77
55 76
55 75
55 74
55 73
55 72
55 71
55 130
55 124
55 116
55 113
55 109
55 107
55 105
55 104
45 16
45 17
45 18
45 19
45 20
45 21
45 22
45 23
45 24
45 25
45 26
45 27
45 28
45 29
45 30
45 31
45 32
45 34
45 35
45 36
45 37
45 38
45 39
45 40
45 41
45 42
45 43
45 44
45 137
45 133
45 132
45 131
45 136
45 90
45 89
45 88
45 87
45 86
45 85
45 84
45 83
45 82
45 81
45 80
45 79
45 78
45 77
45 76
45 75
45 74
45 73
45 72
45 71
45 130
45 124
45 116
45 113
45 109
45 107
45 105
45 104
44 16
44 17
44 18
44 19
44 20
44 21
44 22
44 23
44 24
44 25
44 26
44 27
44 28
44 29
44 30
44 31
44 32
44 34
44 35
44 36
44 37
44 38
44 39
44 40
44 41
44 42
44 43
44 137
44 133
44 132
44 131
44 136
44 90
44 89
44 88
44 87
44 86
44 85
44 84
44 83
44 82
44 81
44 80
44 79
44 78
44 77
44 76
44 75
44 74
44 73
44 72
44 71
44 130
44 124
44 116
44 113
44 109
44 107
44 105
44 104
43 16
43 17
43 18
43 19
43 20
43 21
43 22
43 23
43 24
43 25
43 26
43 27
43 28
43 29
43 30
43 31
43 32
43 34
43 35
43 36
43 37
43 38
43 39
43 40
43 41
43 42
43 137
43 133
43 132
43 131
43 136
43 90
43 89
43 88
43 87
43 86
43 85
43 84
43 83
43 82
43 81
43 80
43 79
43 78
43 77
43 76
43 75
43 74
43 73
43 72
43 71
43 130
43 124
43 116
43 113
43 109
43 107
43 105
43 104
42 16
42 17
42 18
42 19
42 20
42 21
42 22
42 23
42 24
42 25
42 26
42 27
42 28
42 29
42 30
42 31
42 32
42 34
42 35
42 36
42 37
42 38
42 39
42 40
42 41
42 137
42 133
42 132
42 131
42 136
42 90
42 89
42 88
42 87
42 86
42 85
42 84
42 83
42 82
42 81
42 80
42 79
42 78
42 77
42 76
42 75
42 74
42 73
42 72
42 71
42 130
42 124
42 116
42 113
42 109
42 107
42 105
42 104
41 16
41 17
41 18
41 19
41 20
41 21
41 22
41 23
41 24
41 25
41 26
41 27
41 28
41 29
41 30
41 31
41 32
41 34
41 35
41 36
41 37
41 38
41 39
41 40
41 137
41 133
41 132
41 131
41 136
41 90
41 89
41 88
41 87
41 86
41 85
41 84
41 83
41 82
41 81
41 80
41 79
41 78
41 77
41 76
41 75
41 74
41 73
41 72
41 71
41 130
41 124
41 116
41 113
41 109
41 107
41 105
41 104
40 16
40 17
40 18
40 19
40 20
40 21
40 22
40 23
40 24
40 25
40 26
40 27
40 28
40 29
40 30
40 31
40 32
40 34
40 35
40 36
40 37
40 38
40 39
40 137
40 133
40 132
40 131
40 136
40 90
40 89
40 88
40 87
40 86
40 85
40 84
40 83
40 82
40 81
40 80
40 79
40 78
40 77
40 76
40 75
40 74
40 73
40 72
40 71
40 130
40 124
40 116
40 113
40 109
40 107
40 105
40 104
39 16
39 17
39 18
39 19
39 20
39 21
39 22
39 23
39 24
39 25
39 26
39 27
39 28
39 29
39 30
39 31
39 32
39 34
39 35
39 36
39 37
39 38
39 137
39 133
39 132
39 131
39 136
39 90
39 89
39 88
39 87
39 86
39 85
39 84
39 83
39 82
39 81
39 80
39 79
39 78
39 77
39 76
39 75
39 74
39 73
39 72
39 71
39 130
39 124
39 116
39 113
39 109
39 107
39 105
39 104
38 16
38 17
38 18
38 19
38 20
38 21
38 22
38 23
38 24
38 25
38 26
38 27
38 28
38 29
38 30
38 31
38 32
38 34
38 35
38 36
38 37
38 137
38 133
38 132
38 131
38 136
38 90
38 89
38 88
38 87
38 86
38 85
38 84
38 83
38 82
38 81
38 80
38 79
38 78
38 77
38 76
38 75
38 74
38 73
38 72
38 71
38 130
38 124
38 116
38 113
38 109
38 107
38 105
38 104
137 16
137 17
137 18
137 19
137 20
137 21
137 22
137 23
137 24
137 25
137 26
137 27
137 28
137 29
137 30
137 31
37 16
37 17
37 18
37 19
37 20
37 21
37 22
37 23
37 24
37 25
37 26
37 27
37 28
37 29
37 30
37 31
37 133
37 132
37 136
133 16
133 17
133 18
133 19
133 20
133 21
133 22
133 23
133 24
133 25
133 26
133 27
133 28
133 29
133 30
133 31
133 131
133 132
133 136
132 16
132 17
132 18
132 19
132 20
132 21
132 22
132 23
132 24
132 25
132 26
132 27
132 28
132 29
132 30
132 31
132 131
132 136
131 16
131 17
131 18
131 19
131 20
131 21
131 22
131 23
131 24
131 25
131 26
131 27
131 28
131 29
131 30
131 31
136 16
136 17
136 18
136 19
136 20
136 21
136 22
136 23
136 24
136 25
136 26
136 27
136 28
136 29
136 30
136 31
32 16
32 17
32 18
32 19
32 20
32 21
32 22
32 23
32 24
32 25
32 26
32 27
32 28
32 29
32 30
32 31
32 85
32 82
32 81
32 79
32 76
32 74
32 88
32 89
32 90
32 87
32 71
32 73
32 72
32 86
32 35
32 130
32 36
32 124
32 34
32 116
32 113
32 109
32 107
32 105
32 104
90 16
90 17
90 18
90 19
90 20
90 21
90 22
90 23
90 24
90 25
90 26
90 27
90 28
90 29
90 30
90 31
90 34
90 35
90 36
90 71
90 72
90 73
90 74
90 76
90 79
90 81
90 82
90 85
90 86
90 87
90 88
90 89
90 130
90 124
90 116
90 113
90 109
90 107
90 105
90 104
89 16
89 17
89 18
89 19
89 20
89 21
89 22
89 23
89 24
89 25
89 26
89 27
89 28
89 29
89 30
89 31
89 34
89 35
89 36
89 71
89 72
89 73
89 74
89 76
89 79
89 81
89 82
89 84
89 85
89 86
89 87
89 88
89 130
89 124
89 116
89 113
89 109
89 107
89 105
89 104
88 16
88 17
88 18
88 19
88 20
88 21
88 22
88 23
88 24
88 25
88 26
88 27
88 28
88 29
88 30
88 31
88 34
88 35
88 36
88 71
88 72
88 73
88 74
88 76
88 79
88 81
88 82
88 84
88 85
88 86
88 87
88 130
88 124
88 116
88 113
88 109
88 107
88 105
88 104
87 16
87 17
87 18
87 19
87 20
87 21
87 22
87 23
87 24
87 25
87 26
87 27
87 28
87 29
87 30
87 31
87 34
87 35
87 36
87 71
87 72
87 73
87 74
87 76
87 79
87 81
87 82
87 83
87 84
87 85
87 86
87 130
87 124
87 116
87 113
87 109
87 107
87 105
87 104
86 16
86 17
86 18
86 19
86 20
86 21
86 22
86 23
86 24
86 25
86 26
86 27
86 28
86 29
86 30
86 31
86 34
86 35
86 36
86 71
86 72
86 73
86 74
86 76
86 79
86 81
86 82
86 83
86 84
86 85
86 130
86 124
86 116
86 113
86 109
86 107
86 105
86 104
85 16
85 17
85 18
85 19
85 20
85 21
85 22
85 23
85 24
85 25
85 26
85 27
85 28
85 29
85 30
85 31
85 34
85 35
85 36
85 71
85 72
85 73
85 74
85 76
85 78
85 79
85 81
85 82
85 83
85 84
85 130
85 124
85 116
85 113
85 109
85 107
85 105
85 104
84 16
84 17
84 18
84 19
84 20
84 21
84 22
84 23
84 24
84 25
84 26
84 27
84 28
84 29
84 30
84 31
84 71
84 72
84 73
84 74
84 76
84 78
84 79
84 81
84 82
84 83
83 16
83 17
83 18
83 19
83 20
83 21
83 22
83 23
83 24
83 25
83 26
83 27
83 28
83 29
83 30
83 31
83 71
83 72
83 73
83 74
83 76
83 77
83 78
83 79
83 81
83 82
82 16
82 17
82 18
82 19
82 20
82 21
82 22
82 23
82 24
82 25
82 26
82 27
82 28
82 29
82 30
82 31
82 34
82 35
82 36
82 71
82 72
82 73
82 74
82 76
82 77
82 78
82 79
82 80
82 81
82 130
82 124
82 116
82 113
82 109
82 107
82 105
82 104
81 16
81 17
81 18
81 19
81 20
81 21
81 22
81 23
81 24
81 25
81 26
81 27
81 28
81 29
81 30
81 31
81 34
81 35
81 36
81 71
81 72
81 73
81 74
81 76
81 77
81 78
81 79
81 80
81 130
81 124
81 116
81 113
81 109
81 107
81 105
81 104
80 16
80 17
80 18
80 19
80 20
80 21
80 22
80 23
80 24
80 25
80 26
80 27
80 28
80 29
80 30
80 31
80 71
80 72
80 73
80 74
80 76
80 77
80 78
80 79
79 16
79 17
79 18
79 19
79 20
79 21
79 22
79 23
79 24
79 25
79 26
79 27
79 28
79 29
79 30
79 31
79 34
79 35
79 36
79 71
79 72
79 73
79 74
79 76
79 77
79 78
79 130
79 124
79 116
79 113
79 109
79 107
79 105
79 104
78 16
78 17
78 18
78 19
78 20
78 21
78 22
78 23
78 24
78 25
78 26
78 27
78 28
78 29
78 30
78 31
78 71
78 72
78 73
78 74
78 76
78 77
77 16
77 17
77 18
77 19
77 20
77 21
77 22
77 23
77 24
77 25
77 26
77 27
77 28
77 29
77 30
77 31
77 71
77 72
77 73
77 74
77 76
76 16
76 17
76 18
76 19
76 20
76 21
76 22
76 23
76 24
76 25
76 26
76 27
76 28
76 29
76 30
76 31
76 34
76 35
76 36
76 71
76 72
76 73
76 74
76 130
76 124
76 116
76 113
76 109
76 107
76 105
76 104
75 16
75 17
75 18
75 19
75 20
75 21
75 22
75 23
75 24
75 25
75 26
75 27
75 28
75 29
75 30
75 31
75 71
75 72
75 73
75 74
74 16
74 17
74 18
74 19
74 20
74 21
74 22
74 23
74 24
74 25
74 26
74 27
74 28
74 29
74 30
74 31
74 34
74 35
74 36
74 71
74 72
74 73
74 130
74 124
74 116
74 113
74 109
74 107
74 105
74 104
73 16
73 17
73 18
73 19
73 20
73 21
73 22
73 23
73 24
73 25
73 26
73 27
73 28
73 29
73 30
73 31
73 34
73 35
73 36
73 71
73 72
73 130
73 124
73 116
73 113
73 109
73 107
73 105
73 104
72 16
72 17
72 18
72 19
72 20
72 21
72 22
72 23
72 24
72 25
72 26
72 27
72 28
72 29
72 30
72 31
72 34
72 35
72 36
72 71
72 130
72 124
72 116
72 113
72 109
72 107
72 105
72 104
71 16
71 17
71 18
71 19
71 20
71 21
71 22
71 23
71 24
71 25
71 26
71 27
71 28
71 29
71 30
71 31
71 34
71 35
71 36
71 130
71 124
71 116
71 113
71 109
71 107
71 105
71 104
35 16
35 17
35 18
35 19
35 20
35 21
35 22
35 23
35 24
35 25
35 26
35 27
35 28
35 29
35 30
35 31
35 130
130 16
130 17
130 18
130 19
130 20
130 21
130 22
130 23
130 24
130 25
130 26
130 27
130 28
130 29
130 30
130 31
36 16
36 17
36 18
36 19
36 20
36 21
36 22
36 23
36 24
36 25
36 26
36 27
36 28
36 29
36 30
36 31
36 124
124 16
124 17
124 18
124 19
124 20
124 21
124 22
124 23
124 24
124 25
124 26
124 27
124 28
124 29
124 30
124 31
34 16
34 17
34 18
34 19
34 20
34 21
34 22
34 23
34 24
34 25
34 26
34 27
34 28
34 29
34 30
34 31
34 116
34 113
34 109
34 107
34 105
116 16
116 17
116 18
116 19
116 20
116 21
116 22
116 23
116 24
116 25
116 26
116 27
116 28
116 29
116 30
116 31
113 16
113 17
113 18
113 19
113 20
113 21
113 22
113 23
113 24
113 25
113 26
113 27
113 28
113 29
113 30
113 31
113 105
109 16
109 17
109 18
109 19
109 20
109 21
109 22
109 23
109 24
109 25
109 26
109 27
109 28
109 29
109 30
109 31
109 105
107 16
107 17
107 18
107 19
107 20
107 21
107 22
107 23
107 24
107 25
107 26
107 27
107 28
107 29
107 30
107 31
107 105
105 16
105 17
105 18
105 19
105 20
105 21
105 22
105 23
105 24
105 25
105 26
105 27
105 28
105 29
105 30
105 31
104 16
104 17
104 18
104 19
104 20
104 21
104 22
104 23
104 24
104 25
104 26
104 27
104 28
104 29
104 30
104 31
16 17
16 18
16 19
16 20
16 21
16 22
16 23
16 24
16 25
16 26
16 27
16 28
16 29
16 30
16 31
17 18
17 19
17 20
17 21
17 22
17 23
17 24
17 25
17 26
17 27
17 28
17 29
17 30
17 31
18 19
18 20
18 21
18 22
18 23
18 24
18 25
18 26
18 27
18 28
18 29
18 30
18 31
19 20
19 21
19 22
19 23
19 24
19 25
19 26
19 27
19 28
19 29
19 30
19 31
20 21
20 22
20 23
20 24
20 25
20 26
20 27
20 28
20 29
20 30
20 31
21 22
21 23
21 24
21 25
21 26
21 27
21 28
21 29
21 30
21 31
22 23
22 24
22 25
22 26
22 27
22 28
22 29
22 30
22 31
23 24
23 25
23 26
23 27
23 28
23 29
23 30
23 31
24 25
24 26
24 27
24 28
24 29
24 30
24 31
25 26
25 27
25 28
25 29
25 30
25 31
26 27
26 28
26 29
26 30
26 31
27 28
27 29
27 30
27 31
28 29
28 30
28 31
29 30
29 31
30 31
