175 3946
0 1
0 2
0 3
0 4
0 5
0 6
0 7
0 8
0 9
0 10
0 11
0 12
0 13
0 14
0 15
0 32
0 45
0 46
0 47
0 48
0 49
0 50
0 51
0 52
0 53
0 60
0 62
0 63
0 64
0 65
0 66
0 69
0 99
0 100
0 101
0 102
0 103
0 104
0 105
0 106
0 109
0 110
0 115
0 116
0 119
0 126
0 128
0 130
0 131
0 132
0 134
0 135
0 137
0 138
0 139
0 140
0 141
0 142
0 143
0 145
0 146
0 147
0 148
0 149
0 153
0 154
0 155
0 170
0 171
0 67
0 61
0 59
0 58
0 57
0 56
0 55
0 54
0 44
0 43
0 42
0 41
0 40
0 39
0 38
0 37
0 174
0 173
0 36
0 169
0 168
0 167
0 166
0 172
0 165
0 164
0 163
0 162
0 161
0 160
0 159
0 158
0 157
0 156
0 152
0 151
0 96
0 95
0 94
0 93
0 92
0 91
0 90
0 89
0 88
0 87
0 86
0 85
0 84
0 83
0 82
0 81
0 80
0 79
0 78
0 77
0 76
0 75
0 74
0 73
0 72
0 71
0 70
0 68
0 98
0 97
0 34
0 150
0 108
0 107
0 35
0 144
0 118
0 117
0 114
0 113
0 112
0 111
0 33
0 136
0 133
0 129
0 127
0 125
0 123
0 122
0 121
0 120
0 124
1 2
1 3
1 4
1 5
1 6
1 7
1 8
1 9
1 10
1 11
1 12
1 13
1 14
1 15
1 32
1 45
1 46
1 47
1 48
1 49
1 50
1 51
1 52
1 53
1 60
1 62
1 63
1 64
1 65
1 66
1 69
1 99
1 100
1 101
1 102
1 103
1 104
1 105
1 106
1 109
1 110
1 115
1 116
1 119
1 126
1 128
1 130
1 131
1 132
1 134
1 135
1 137
1 138
1 139
1 140
1 141
1 142
1 143
1 145
1 146
1 147
1 148
1 149
1 153
1 154
1 155
1 170
1 171
1 67
1 61
1 59
1 58
1 57
1 56
1 55
1 54
1 44
1 43
1 42
1 41
1 40
1 39
1 38
1 37
1 174
1 173
1 36
1 169
1 168
1 167
1 166
1 172
1 165
1 164
1 163
1 162
1 161
1 160
1 159
1 158
1 157
1 156
1 152
1 151
1 96
1 95
1 94
1 93
1 92
1 91
1 90
1 89
1 88
1 87
1 86
1 85
1 84
1 83
1 82
1 81
1 80
1 79
1 78
1 77
1 76
1 75
1 74
1 73
1 72
1 71
1 70
1 68
1 98
1 97
1 34
1 150
1 108
1 107
1 35
1 144
1 118
1 117
1 114
1 113
1 112
1 111
1 33
1 136
1 133
1 129
1 127
1 125
1 123
1 122
1 121
1 120
1 124
2 3
2 4
2 5
2 6
2 7
2 8
2 9
2 10
2 11
2 12
2 13
2 14
2 15
2 32
2 45
2 46
2 47
2 48
2 49
2 50
2 51
2 52
2 53
2 60
2 62
2 63
2 64
2 65
2 66
2 69
2 99
2 100
2 101
2 102
2 103
2 104
2 105
2 106
2 109
2 110
2 115
2 116
2 119
2 126
2 128
2 130
2 131
2 132
2 134
2 135
2 137
2 138
2 139
2 140
2 141
2 142
2 143
2 145
2 146
2 147
2 148
2 149
2 153
2 154
2 155
2 170
2 171
2 59
2 58
2 57
2 56
2 55
2 54
2 44
2 43
2 42
2 41
2 40
2 39
2 38
2 37
3 4
3 5
3 6
3 7
3 8
3 9
3 10
3 11
3 12
3 13
3 14
3 15
3 32
3 45
3 46
3 47
3 48
3 49
3 50
3 51
3 52
3 53
3 60
3 62
3 63
3 64
3 65
3 66
3 69
3 99
3 100
3 101
3 102
3 103
3 104
3 105
3 106
3 109
3 110
3 115
3 116
3 119
3 126
3 128
3 130
3 131
3 132
3 134
3 135
3 137
3 138
3 139
3 140
3 141
3 142
3 143
3 145
3 146
3 147
3 148
3 149
3 153
3 154
3 155
3 170
3 171
4 5
4 6
4 7
4 8
4 9
4 10
4 11
4 12
4 13
4 14
4 15
4 32
4 45
4 46
4 47
4 48
4 49
4 50
4 51
4 52
4 53
4 60
4 62
4 63
4 64
4 65
4 66
4 69
4 99
4 100
4 101
4 102
4 103
4 104
4 105
4 106
4 109
4 110
4 115
4 116
4 119
4 126
4 128
4 130
4 131
4 132
4 134
4 135
4 137
4 138
4 139
4 140
4 141
4 142
4 143
4 145
4 146
4 147
4 148
4 149
4 153
4 154
4 155
4 170
4 171
4 37
4 165
5 6
5 7
5 8
5 9
5 10
5 11
5 12
5 13
5 14
5 15
5 32
5 45
5 46
5 47
5 48
5 49
5 50
5 51
5 52
5 53
5 60
5 62
5 63
5 64
5 65
5 66
5 69
5 99
5 100
5 101
5 102
5 103
5 104
5 105
5 106
5 109
5 110
5 115
5 116
5 119
5 126
5 128
5 130
5 131
5 132
5 134
5 135
5 137
5 138
5 139
5 140
5 141
5 142
5 143
5 145
5 146
5 147
5 148
5 149
5 153
5 154
5 155
5 170
5 171
5 38
5 37
5 164
5 165
6 7
6 8
6 9
6 10
6 11
6 12
6 13
6 14
6 15
6 32
6 45
6 46
6 47
6 48
6 49
6 50
6 51
6 52
6 53
6 60
6 62
6 63
6 64
6 65
6 66
6 69
6 99
6 100
6 101
6 102
6 103
6 104
6 105
6 106
6 109
6 110
6 115
6 116
6 119
6 126
6 128
6 130
6 131
6 132
6 134
6 135
6 137
6 138
6 139
6 140
6 141
6 142
6 143
6 145
6 146
6 147
6 148
6 149
6 153
6 154
6 155
6 170
6 171
6 39
6 38
6 37
6 163
6 164
6 165
7 8
7 9
7 10
7 11
7 12
7 13
7 14
7 15
7 32
7 45
7 46
7 47
7 48
7 49
7 50
7 51
7 52
7 53
7 60
7 62
7 63
7 64
7 65
7 66
7 69
7 99
7 100
7 101
7 102
7 103
7 104
7 105
7 106
7 109
7 110
7 115
7 116
7 119
7 126
7 128
7 130
7 131
7 132
7 134
7 135
7 137
7 138
7 139
7 140
7 141
7 142
7 143
7 145
7 146
7 147
7 148
7 149
7 153
7 154
7 155
7 170
7 171
7 40
7 39
7 38
7 37
7 162
7 163
7 164
7 165
8 9
8 10
8 11
8 12
8 13
8 14
8 15
8 32
8 45
8 46
8 47
8 48
8 49
8 50
8 51
8 52
8 53
8 60
8 62
8 63
8 64
8 65
8 66
8 69
8 99
8 100
8 101
8 102
8 103
8 104
8 105
8 106
8 109
8 110
8 115
8 116
8 119
8 126
8 128
8 130
8 131
8 132
8 134
8 135
8 137
8 138
8 139
8 140
8 141
8 142
8 143
8 145
8 146
8 147
8 148
8 149
8 153
8 154
8 155
8 170
8 171
8 41
8 40
8 39
8 38
8 37
8 161
8 162
8 163
8 164
8 165
9 10
9 11
9 12
9 13
9 14
9 15
9 32
9 45
9 46
9 47
9 48
9 49
9 50
9 51
9 52
9 53
9 60
9 62
9 63
9 64
9 65
9 66
9 69
9 99
9 100
9 101
9 102
9 103
9 104
9 105
9 106
9 109
9 110
9 115
9 116
9 119
9 126
9 128
9 130
9 131
9 132
9 134
9 135
9 137
9 138
9 139
9 140
9 141
9 142
9 143
9 145
9 146
9 147
9 148
9 149
9 153
9 154
9 155
9 170
9 171
9 42
9 41
9 40
9 39
9 38
9 37
9 160
9 161
9 162
9 163
9 164
9 165
10 11
10 12
10 13
10 14
10 15
10 32
10 45
10 46
10 47
10 48
10 49
10 50
10 51
10 52
10 53
10 60
10 62
10 63
10 64
10 65
10 66
10 69
10 99
10 100
10 101
10 102
10 103
10 104
10 105
10 106
10 109
10 110
10 115
10 116
10 119
10 126
10 128
10 130
10 131
10 132
10 134
10 135
10 137
10 138
10 139
10 140
10 141
10 142
10 143
10 145
10 146
10 147
10 148
10 149
10 153
10 154
10 155
10 170
10 171
10 44
10 43
10 42
10 41
10 40
10 39
10 38
10 37
11 12
11 13
11 14
11 15
11 32
11 45
11 46
11 47
11 48
11 49
11 50
11 51
11 52
11 53
11 60
11 62
11 63
11 64
11 65
11 66
11 69
11 99
11 100
11 101
11 102
11 103
11 104
11 105
11 106
11 109
11 110
11 115
11 116
11 119
11 126
11 128
11 130
11 131
11 132
11 134
11 135
11 137
11 138
11 139
11 140
11 141
11 142
11 143
11 145
11 146
11 147
11 148
11 149
11 153
11 154
11 155
11 170
11 171
11 55
11 54
11 44
11 43
11 42
11 41
11 40
11 39
11 38
11 37
12 13
12 14
12 15
12 32
12 45
12 46
12 47
12 48
12 49
12 50
12 51
12 52
12 53
12 60
12 62
12 63
12 64
12 65
12 66
12 69
12 99
12 100
12 101
12 102
12 103
12 104
12 105
12 106
12 109
12 110
12 115
12 116
12 119
12 126
12 128
12 130
12 131
12 132
12 134
12 135
12 137
12 138
12 139
12 140
12 141
12 142
12 143
12 145
12 146
12 147
12 148
12 149
12 153
12 154
12 155
12 170
12 171
12 57
12 56
12 55
12 54
12 44
12 43
12 42
12 41
12 40
12 39
12 38
12 37
13 14
13 15
13 32
13 45
13 46
13 47
13 48
13 49
13 50
13 51
13 52
13 53
13 60
13 62
13 63
13 64
13 65
13 66
13 69
13 99
13 100
13 101
13 102
13 103
13 104
13 105
13 106
13 109
13 110
13 115
13 116
13 119
13 126
13 128
13 130
13 131
13 132
13 134
13 135
13 137
13 138
13 139
13 140
13 141
13 142
13 143
13 145
13 146
13 147
13 148
13 149
13 153
13 154
13 155
13 170
13 171
13 58
13 57
13 56
13 55
13 54
13 44
13 43
13 42
13 41
13 40
13 39
13 38
13 37
14 15
14 32
14 45
14 46
14 47
14 48
14 49
14 50
14 51
14 52
14 53
14 60
14 62
14 63
14 64
14 65
14 66
14 69
14 99
14 100
14 101
14 102
14 103
14 104
14 105
14 106
14 109
14 110
14 115
14 116
14 119
14 126
14 128
14 130
14 131
14 132
14 134
14 135
14 137
14 138
14 139
14 140
14 141
14 142
14 143
14 145
14 146
14 147
14 148
14 149
14 153
14 154
14 155
14 170
14 171
15 32
15 45
15 46
15 47
15 48
15 49
15 50
15 51
15 52
15 53
15 60
15 62
15 63
15 64
15 65
15 66
15 69
15 99
15 100
15 101
15 102
15 103
15 104
15 105
15 106
15 109
15 110
15 115
15 116
15 119
15 126
15 128
15 130
15 131
15 132
15 134
15 135
15 137
15 138
15 139
15 140
15 141
15 142
15 143
15 145
15 146
15 147
15 148
15 149
15 153
15 154
15 155
15 170
15 171
15 43
15 42
15 41
15 40
15 39
15 38
15 37
15 160
15 161
15 162
15 163
15 164
15 165
15 159
32 16
32 106
32 69
32 66
32 65
32 64
32 62
32 60
32 53
32 52
32 51
32 50
32 49
32 48
32 109
45 16
45 18
45 19
45 20
45 21
45 22
45 23
45 24
45 25
46 16
46 19
46 20
46 21
46 22
46 23
46 24
46 25
47 16
47 20
47 21
47 22
47 23
47 24
47 25
48 16
48 21
48 22
48 23
48 24
48 25
48 66
48 65
48 64
48 63
48 62
48 60
48 53
48 52
48 51
48 50
48 49
48 171
48 170
48 155
48 154
48 153
48 69
48 106
48 105
48 104
48 103
48 102
48 101
48 100
48 99
48 149
48 148
48 147
48 146
48 145
48 110
48 109
48 143
48 142
48 141
48 140
48 139
48 138
48 137
48 119
48 116
48 115
48 135
48 134
48 132
48 131
48 130
48 128
48 126
49 16
49 22
49 23
49 24
49 25
49 66
49 65
49 64
49 63
49 62
49 60
49 53
49 52
49 51
49 50
49 171
49 170
49 155
49 154
49 153
49 69
49 106
49 105
49 104
49 103
49 102
49 101
49 100
49 99
49 149
49 148
49 147
49 146
49 145
49 110
49 109
49 143
49 142
49 141
49 140
49 139
49 138
49 137
49 119
49 116
49 115
49 135
49 134
49 132
49 131
49 130
49 128
49 126
50 16
50 23
50 24
50 25
50 66
50 65
50 64
50 63
50 62
50 60
50 53
50 52
50 51
50 171
50 170
50 155
50 154
50 153
50 69
50 106
50 105
50 104
50 103
50 102
50 101
50 100
50 99
50 149
50 148
50 147
50 146
50 145
50 110
50 109
50 143
50 142
50 141
50 140
50 139
50 138
50 137
50 119
50 116
50 115
50 135
50 134
50 132
50 131
50 130
50 128
50 126
51 16
51 24
51 25
51 66
51 65
51 64
51 63
51 62
51 60
51 53
51 52
51 171
51 170
51 155
51 154
51 153
51 69
51 106
51 105
51 104
51 103
51 102
51 101
51 100
51 99
51 149
51 148
51 147
51 146
51 145
51 110
51 109
51 143
51 142
51 141
51 140
51 139
51 138
51 137
51 119
51 116
51 115
51 135
51 134
51 132
51 131
51 130
51 128
51 126
52 16
52 25
52 66
52 65
52 64
52 63
52 62
52 60
52 53
52 171
52 170
52 155
52 154
52 153
52 69
52 106
52 105
52 104
52 103
52 102
52 101
52 100
52 99
52 149
52 148
52 147
52 146
52 145
52 110
52 109
52 143
52 142
52 141
52 140
52 139
52 138
52 137
52 119
52 116
52 115
52 135
52 134
52 132
52 131
52 130
52 128
52 126
53 16
53 66
53 65
53 64
53 63
53 62
53 60
53 171
53 170
53 155
53 154
53 153
53 69
53 106
53 105
53 104
53 103
53 102
53 101
53 100
53 99
53 149
53 148
53 147
53 146
53 145
53 110
53 109
53 143
53 142
53 141
53 140
53 139
53 138
53 137
53 119
53 116
53 115
53 135
53 134
53 132
53 131
53 130
53 128
53 126
60 16
60 66
60 65
60 64
60 63
60 62
60 69
60 106
60 105
60 104
60 103
60 102
60 101
60 100
60 99
60 149
60 148
60 147
60 146
60 145
60 110
60 109
60 143
60 142
60 141
60 140
60 139
60 138
60 137
60 119
60 116
60 115
60 135
60 134
60 132
60 131
60 130
60 128
60 126
62 16
62 66
62 65
62 64
62 63
62 69
62 106
62 105
62 104
62 103
62 102
62 101
62 100
62 99
62 149
62 148
62 147
62 146
62 145
62 110
62 109
62 143
62 142
62 141
62 140
62 139
62 138
62 137
62 119
62 116
62 115
62 135
62 134
62 132
62 131
62 130
62 128
62 126
63 16
64 16
64 66
64 65
64 69
64 106
64 105
64 104
64 103
64 102
64 101
64 100
64 99
64 149
64 148
64 147
64 146
64 145
64 110
64 109
64 143
64 142
64 141
64 140
64 139
64 138
64 137
64 119
64 116
64 115
64 135
64 134
64 132
64 131
64 130
64 128
64 126
65 16
65 66
65 69
65 106
65 105
65 104
65 103
65 102
65 101
65 100
65 99
65 149
65 148
65 147
65 146
65 145
65 110
65 109
65 143
65 142
65 141
65 140
65 139
65 138
65 137
65 119
65 116
65 115
65 135
65 134
65 132
65 131
65 130
65 128
65 126
66 16
66 69
66 106
66 105
66 104
66 103
66 102
66 101
66 100
66 99
66 149
66 148
66 147
66 146
66 145
66 110
66 109
66 143
66 142
66 141
66 140
66 139
66 138
66 137
66 119
66 116
66 115
66 135
66 134
66 132
66 131
66 130
66 128
66 126
69 16
69 106
69 105
69 104
69 103
69 102
69 101
69 100
69 99
69 149
69 148
69 147
69 146
69 145
69 110
69 109
69 143
69 142
69 141
69 140
69 139
69 138
69 137
69 119
69 116
69 115
69 135
69 134
69 132
69 131
69 130
69 128
69 126
99 16
100 16
101 16
102 16
103 16
104 16
105 16
106 16
106 149
106 148
106 147
106 146
106 145
109 16
110 16
115 16
115 116
116 16
119 16
126 16
126 131
126 130
126 128
128 16
128 130
130 16
131 16
132 16
132 134
134 16
135 16
137 16
137 140
137 139
137 138
138 16
138 139
139 16
140 16
141 16
141 142
142 16
143 16
145 16
146 16
147 16
148 16
149 16
153 16
153 18
153 19
153 20
153 21
153 22
153 23
153 24
153 25
153 155
153 154
154 16
154 19
154 20
154 21
154 22
154 23
154 24
154 25
154 155
155 16
155 20
155 21
155 22
155 23
155 24
155 25
170 16
171 16
67 16
67 17
67 18
67 19
67 20
67 21
67 22
67 23
67 24
67 25
67 26
67 27
67 28
67 29
67 30
67 31
67 59
61 16
61 17
61 18
61 19
61 20
61 21
61 22
61 23
61 24
61 25
61 26
61 27
61 28
61 29
61 30
61 31
61 59
59 16
59 17
59 18
59 19
59 20
59 21
59 22
59 23
59 24
59 25
59 26
59 27
59 28
59 29
59 30
59 31
59 33
59 34
59 35
59 96
59 95
59 94
59 93
59 92
59 91
59 90
59 89
59 88
59 87
59 86
59 85
59 84
59 83
59 82
59 81
59 80
59 79
59 78
59 77
59 76
59 75
59 74
59 73
59 72
59 71
59 70
59 68
59 98
59 97
59 150
59 108
59 107
59 144
59 118
59 117
59 114
59 113
59 112
59 111
59 136
59 133
59 129
59 127
59 125
59 123
59 122
59 121
59 120
58 16
58 17
58 18
58 19
58 20
58 21
58 22
58 23
58 24
58 25
58 26
58 27
58 28
58 29
58 30
58 31
57 16
57 17
57 18
57 19
57 20
57 21
57 22
57 23
57 24
57 25
57 26
57 27
57 28
57 29
57 30
57 31
56 16
56 17
56 18
56 19
56 20
56 21
56 22
56 23
56 24
56 25
56 26
56 27
56 28
56 29
56 30
56 31
55 16
55 17
55 18
55 19
55 20
55 21
55 22
55 23
55 24
55 25
55 26
55 27
55 28
55 29
55 30
55 31
54 16
54 17
54 18
54 19
54 20
54 21
54 22
54 23
54 24
54 25
54 26
54 27
54 28
54 29
54 30
54 31
44 16
44 17
44 18
44 19
44 20
44 21
44 22
44 23
44 24
44 25
44 26
44 27
44 28
44 29
44 30
44 31
43 16
43 17
43 18
43 19
43 20
43 21
43 22
43 23
43 24
43 25
43 26
43 27
43 28
43 29
43 30
43 31
42 16
42 17
42 18
42 19
42 20
42 21
42 22
42 23
42 24
42 25
42 26
42 27
42 28
42 29
42 30
42 31
41 16
41 17
41 18
41 19
41 20
41 21
41 22
41 23
41 24
41 25
41 26
41 27
41 28
41 29
41 30
41 31
40 16
40 17
40 18
40 19
40 20
40 21
40 22
40 23
40 24
40 25
40 26
40 27
40 28
40 29
40 30
40 31
39 16
39 17
39 18
39 19
39 20
39 21
39 22
39 23
39 24
39 25
39 26
39 27
39 28
39 29
39 30
39 31
38 16
38 17
38 18
38 19
38 20
38 21
38 22
38 23
38 24
38 25
38 26
38 27
38 28
38 29
38 30
38 31
37 16
37 17
37 18
37 19
37 20
37 21
37 22
37 23
37 24
37 25
37 26
37 27
37 28
37 29
37 30
37 31
174 16
174 17
174 18
174 19
174 20
174 21
174 22
174 23
174 24
174 25
174 26
174 27
174 28
174 29
174 30
174 31
173 16
173 17
173 18
173 19
173 20
173 21
173 22
173 23
173 24
173 25
173 26
173 27
173 28
173 29
173 30
173 31
36 16
36 17
36 18
36 19
36 20
36 21
36 22
36 23
36 24
36 25
36 26
36 27
36 28
36 29
36 30
36 31
36 169
36 168
36 172
169 16
169 17
169 18
169 19
169 20
169 21
169 22
169 23
169 24
169 25
169 26
169 27
169 28
169 29
169 30
169 31
169 168
169 172
168 16
168 17
168 18
168 19
168 20
168 21
168 22
168 23
168 24
168 25
168 26
168 27
168 28
168 29
168 30
168 31
168 167
168 172
167 16
167 17
167 18
167 19
167 20
167 21
167 22
167 23
167 24
167 25
167 26
167 27
167 28
167 29
167 30
167 31
167 166
166 16
166 17
166 18
166 19
166 20
166 21
166 22
166 23
166 24
166 25
166 26
166 27
166 28
166 29
166 30
166 31
172 16
172 17
172 18
172 19
172 20
172 21
172 22
172 23
172 24
172 25
172 26
172 27
172 28
172 29
172 30
172 31
165 16
165 17
165 18
165 19
165 20
165 21
165 22
165 23
165 24
165 25
165 26
165 27
165 28
165 29
165 30
165 31
165 158
165 159
165 160
165 161
165 162
165 163
165 164
164 16
164 17
164 18
164 19
164 20
164 21
164 22
164 23
164 24
164 25
164 26
164 27
164 28
164 29
164 30
164 31
164 158
164 159
164 160
164 161
164 162
164 163
163 16
163 17
163 18
163 19
163 20
163 21
163 22
163 23
163 24
163 25
163 26
163 27
163 28
163 29
163 30
163 31
163 158
163 159
163 160
163 161
163 162
162 16
162 17
162 18
162 19
162 20
162 21
162 22
162 23
162 24
162 25
162 26
162 27
162 28
162 29
162 30
162 31
162 158
162 159
162 160
162 161
161 16
161 17
161 18
161 19
161 20
161 21
161 22
161 23
161 24
161 25
161 26
161 27
161 28
161 29
161 30
161 31
161 158
161 159
161 160
160 16
160 17
160 18
160 19
160 20
160 21
160 22
160 23
160 24
160 25
160 26
160 27
160 28
160 29
160 30
160 31
160 158
160 159
159 16
159 17
159 18
159 19
159 20
159 21
159 22
159 23
159 24
159 25
159 26
159 27
159 28
159 29
159 30
159 31
159 158
158 16
158 17
158 18
158 19
158 20
158 21
158 22
158 23
158 24
158 25
158 26
158 27
158 28
158 29
158 30
158 31
157 16
157 17
157 18
157 19
157 20
157 21
157 22
157 23
157 24
157 25
157 26
157 27
157 28
157 29
157 30
157 31
157 156
156 16
156 17
156 18
156 19
156 20
156 21
156 22
156 23
156 24
156 25
156 26
156 27
156 28
156 29
156 30
156 31
152 16
152 17
152 18
152 19
152 20
152 21
152 22
152 23
152 24
152 25
152 26
152 27
152 28
152 29
152 30
152 31
152 151
151 16
151 17
151 18
151 19
151 20
151 21
151 22
151 23
151 24
151 25
151 26
151 27
151 28
151 29
151 30
151 31
96 16
96 17
96 18
96 19
96 20
96 21
96 22
96 23
96 24
96 25
96 26
96 27
96 28
96 29
96 30
96 31
96 70
96 82
96 84
96 85
96 88
96 89
96 91
96 92
96 94
96 95
95 16
95 17
95 18
95 19
95 20
95 21
95 22
95 23
95 24
95 25
95 26
95 27
95 28
95 29
95 30
95 31
95 33
95 34
95 35
95 70
95 82
95 84
95 85
95 88
95 89
95 91
95 92
95 94
95 98
95 97
95 150
95 108
95 107
95 144
95 118
95 117
95 114
95 113
95 112
95 111
95 136
95 133
95 129
95 127
95 125
95 123
95 122
95 121
95 120
94 16
94 17
94 18
94 19
94 20
94 21
94 22
94 23
94 24
94 25
94 26
94 27
94 28
94 29
94 30
94 31
94 33
94 34
94 35
94 70
94 82
94 84
94 85
94 87
94 88
94 89
94 91
94 92
94 98
94 97
94 150
94 108
94 107
94 144
94 118
94 117
94 114
94 113
94 112
94 111
94 136
94 133
94 129
94 127
94 125
94 123
94 122
94 121
94 120
93 16
93 17
93 18
93 19
93 20
93 21
93 22
93 23
93 24
93 25
93 26
93 27
93 28
93 29
93 30
93 31
93 70
93 82
93 84
93 85
93 87
93 88
93 89
93 91
93 92
92 16
92 17
92 18
92 19
92 20
92 21
92 22
92 23
92 24
92 25
92 26
92 27
92 28
92 29
92 30
92 31
92 33
92 34
92 35
92 70
92 82
92 84
92 85
92 87
92 88
92 89
92 91
92 98
92 97
92 150
92 108
92 107
92 144
92 118
92 117
92 114
92 113
92 112
92 111
92 136
92 133
92 129
92 127
92 125
92 123
92 122
92 121
92 120
91 16
91 17
91 18
91 19
91 20
91 21
91 22
91 23
91 24
91 25
91 26
91 27
91 28
91 29
91 30
91 31
91 33
91 34
91 35
91 70
91 82
91 84
91 85
91 86
91 87
91 88
91 89
91 98
91 97
91 150
91 108
91 107
91 144
91 118
91 117
91 114
91 113
91 112
91 111
91 136
91 133
91 129
91 127
91 125
91 123
91 122
91 121
91 120
90 16
90 17
90 18
90 19
90 20
90 21
90 22
90 23
90 24
90 25
90 26
90 27
90 28
90 29
90 30
90 31
90 70
90 82
90 84
90 85
90 86
90 87
90 88
90 89
89 16
89 17
89 18
89 19
89 20
89 21
89 22
89 23
89 24
89 25
89 26
89 27
89 28
89 29
89 30
89 31
89 33
89 34
89 35
89 70
89 82
89 84
89 85
89 86
89 87
89 88
89 98
89 97
89 150
89 108
89 107
89 144
89 118
89 117
89 114
89 113
89 112
89 111
89 136
89 133
89 129
89 127
89 125
89 123
89 122
89 121
89 120
88 16
88 17
88 18
88 19
88 20
88 21
88 22
88 23
88 24
88 25
88 26
88 27
88 28
88 29
88 30
88 31
88 33
88 34
88 35
88 70
88 81
88 82
88 84
88 85
88 86
88 87
88 98
88 97
88 150
88 108
88 107
88 144
88 118
88 117
88 114
88 113
88 112
88 111
88 136
88 133
88 129
88 127
88 125
88 123
88 122
88 121
88 120
87 16
87 17
87 18
87 19
87 20
87 21
87 22
87 23
87 24
87 25
87 26
87 27
87 28
87 29
87 30
87 31
87 70
87 81
87 82
87 84
87 85
87 86
86 16
86 17
86 18
86 19
86 20
86 21
86 22
86 23
86 24
86 25
86 26
86 27
86 28
86 29
86 30
86 31
86 70
86 80
86 81
86 82
86 84
86 85
85 16
85 17
85 18
85 19
85 20
85 21
85 22
85 23
85 24
85 25
85 26
85 27
85 28
85 29
85 30
85 31
85 33
85 34
85 35
85 70
85 80
85 81
85 82
85 83
85 84
85 98
85 97
85 150
85 108
85 107
85 144
85 118
85 117
85 114
85 113
85 112
85 111
85 136
85 133
85 129
85 127
85 125
85 123
85 122
85 121
85 120
84 16
84 17
84 18
84 19
84 20
84 21
84 22
84 23
84 24
84 25
84 26
84 27
84 28
84 29
84 30
84 31
84 33
84 34
84 35
84 70
84 79
84 80
84 81
84 82
84 83
84 98
84 97
84 150
84 108
84 107
84 144
84 118
84 117
84 114
84 113
84 112
84 111
84 136
84 133
84 129
84 127
84 125
84 123
84 122
84 121
84 120
83 16
83 17
83 18
83 19
83 20
83 21
83 22
83 23
83 24
83 25
83 26
83 27
83 28
83 29
83 30
83 31
83 70
83 78
83 79
83 80
83 81
83 82
82 16
82 17
82 18
82 19
82 20
82 21
82 22
82 23
82 24
82 25
82 26
82 27
82 28
82 29
82 30
82 31
82 33
82 34
82 35
82 70
82 77
82 78
82 79
82 80
82 81
82 98
82 97
82 150
82 108
82 107
82 144
82 118
82 117
82 114
82 113
82 112
82 111
82 136
82 133
82 129
82 127
82 125
82 123
82 122
82 121
82 120
81 16
81 17
81 18
81 19
81 20
81 21
81 22
81 23
81 24
81 25
81 26
81 27
81 28
81 29
81 30
81 31
81 70
81 77
81 78
81 79
81 80
80 16
80 17
80 18
80 19
80 20
80 21
80 22
80 23
80 24
80 25
80 26
80 27
80 28
80 29
80 30
80 31
80 70
80 76
80 77
80 78
80 79
79 16
79 17
79 18
79 19
79 20
79 21
79 22
79 23
79 24
79 25
79 26
79 27
79 28
79 29
79 30
79 31
79 70
79 76
79 77
79 78
78 16
78 17
78 18
78 19
78 20
78 21
78 22
78 23
78 24
78 25
78 26
78 27
78 28
78 29
78 30
78 31
78 70
78 76
78 77
77 16
77 17
77 18
77 19
77 20
77 21
77 22
77 23
77 24
77 25
77 26
77 27
77 28
77 29
77 30
77 31
77 70
77 76
76 16
76 17
76 18
76 19
76 20
76 21
76 22
76 23
76 24
76 25
76 26
76 27
76 28
76 29
76 30
76 31
76 70
75 16
75 17
75 18
75 19
75 20
75 21
75 22
75 23
75 24
75 25
75 26
75 27
75 28
75 29
75 30
75 31
75 70
74 16
74 17
74 18
74 19
74 20
74 21
74 22
74 23
74 24
74 25
74 26
74 27
74 28
74 29
74 30
74 31
74 70
73 16
73 17
73 18
73 19
73 20
73 21
73 22
73 23
73 24
73 25
73 26
73 27
73 28
73 29
73 30
73 31
73 68
73 70
73 72
72 16
72 17
72 18
72 19
72 20
72 21
72 22
72 23
72 24
72 25
72 26
72 27
72 28
72 29
72 30
72 31
72 68
72 70
71 16
71 17
71 18
71 19
71 20
71 21
71 22
71 23
71 24
71 25
71 26
71 27
71 28
71 29
71 30
71 31
71 68
71 70
70 16
70 17
70 18
70 19
70 20
70 21
70 22
70 23
70 24
70 25
70 26
70 27
70 28
70 29
70 30
70 31
70 33
70 34
70 35
70 68
70 98
70 97
70 150
70 108
70 107
70 144
70 118
70 117
70 114
70 113
70 112
70 111
70 136
70 133
70 129
70 127
70 125
70 123
70 122
70 121
70 120
68 16
68 17
68 18
68 19
68 20
68 21
68 22
68 23
68 24
68 25
68 26
68 27
68 28
68 29
68 30
68 31
98 16
98 17
98 18
98 19
98 20
98 21
98 22
98 23
98 24
98 25
98 26
98 27
98 28
98 29
98 30
98 31
98 97
97 16
97 17
97 18
97 19
97 20
97 21
97 22
97 23
97 24
97 25
97 26
97 27
97 28
97 29
97 30
97 31
34 16
34 17
34 18
34 19
34 20
34 21
34 22
34 23
34 24
34 25
34 26
34 27
34 28
34 29
34 30
34 31
34 150
150 16
150 17
150 18
150 19
150 20
150 21
150 22
150 23
150 24
150 25
150 26
150 27
150 28
150 29
150 30
150 31
108 16
108 17
108 18
108 19
108 20
108 21
108 22
108 23
108 24
108 25
108 26
108 27
108 28
108 29
108 30
108 31
108 107
107 16
107 17
107 18
107 19
107 20
107 21
107 22
107 23
107 24
107 25
107 26
107 27
107 28
107 29
107 30
107 31
35 16
35 17
35 18
35 19
35 20
35 21
35 22
35 23
35 24
35 25
35 26
35 27
35 28
35 29
35 30
35 31
35 144
144 16
144 17
144 18
144 19
144 20
144 21
144 22
144 23
144 24
144 25
144 26
144 27
144 28
144 29
144 30
144 31
118 16
118 17
118 18
118 19
118 20
118 21
118 22
118 23
118 24
118 25
118 26
118 27
118 28
118 29
118 30
118 31
118 114
118 117
117 16
117 17
117 18
117 19
117 20
117 21
117 22
117 23
117 24
117 25
117 26
117 27
117 28
117 29
117 30
117 31
117 114
114 16
114 17
114 18
114 19
114 20
114 21
114 22
114 23
114 24
114 25
114 26
114 27
114 28
114 29
114 30
114 31
114 111
114 112
114 113
113 16
113 17
113 18
113 19
113 20
113 21
113 22
113 23
113 24
113 25
113 26
113 27
113 28
113 29
113 30
113 31
113 111
113 112
112 16
112 17
112 18
112 19
112 20
112 21
112 22
112 23
112 24
112 25
112 26
112 27
112 28
112 29
112 30
112 31
112 111
111 16
111 17
111 18
111 19
111 20
111 21
111 22
111 23
111 24
111 25
111 26
111 27
111 28
111 29
111 30
111 31
33 16
33 17
33 18
33 19
33 20
33 21
33 22
33 23
33 24
33 25
33 26
33 27
33 28
33 29
33 30
33 31
33 136
33 133
33 129
33 127
33 125
136 16
136 17
136 18
136 19
136 20
136 21
136 22
136 23
136 24
136 25
136 26
136 27
136 28
136 29
136 30
136 31
133 16
133 17
133 18
133 19
133 20
133 21
133 22
133 23
133 24
133 25
133 26
133 27
133 28
133 29
133 30
133 31
133 125
129 16
129 17
129 18
129 19
129 20
129 21
129 22
129 23
129 24
129 25
129 26
129 27
129 28
129 29
129 30
129 31
129 125
127 16
127 17
127 18
127 19
127 20
127 21
127 22
127 23
127 24
127 25
127 26
127 27
127 28
127 29
127 30
127 31
127 125
125 16
125 17
125 18
125 19
125 20
125 21
125 22
125 23
125 24
125 25
125 26
125 27
125 28
125 29
125 30
125 31
123 16
123 17
123 18
123 19
123 20
123 21
123 22
123 23
123 24
123 25
123 26
123 27
123 28
123 29
123 30
123 31
122 16
122 17
122 18
122 19
122 20
122 21
122 22
122 23
122 24
122 25
122 26
122 27
122 28
122 29
122 30
122 31
122 121
121 16
121 17
121 18
121 19
121 20
121 21
121 22
121 23
121 24
121 25
121 26
121 27
121 28
121 29
121 30
121 31
120 16
120 17
120 18
120 19
120 20
120 21
120 22
120 23
120 24
120 25
120 26
120 27
120 28
120 29
120 30
120 31
124 16
124 17
124 18
124 19
124 20
124 21
124 22
124 23
124 24
124 25
124 26
124 27
124 28
124 29
124 30
124 31
16 17
16 18
16 19
16 20
16 21
16 22
16 23
16 24
16 25
16 26
16 27
16 28
16 29
16 30
16 31
17 18
17 19
17 20
17 21
17 22
17 23
17 24
17 25
17 26
17 27
17 28
17 29
17 30
17 31
18 19
18 20
18 21
18 22
18 23
18 24
18 25
18 26
18 27
18 28
18 29
18 30
18 31
19 20
19 21
19 22
19 23
19 24
19 25
19 26
19 27
19 28
19 29
19 30
19 31
20 21
20 22
20 23
20 24
20 25
20 26
20 27
20 28
20 29
20 30
20 31
21 22
21 23
21 24
21 25
21 26
21 27
21 28
21 29
21 30
21 31
22 23
22 24
22 25
22 26
22 27
22 28
22 29
22 30
22 31
23 24
23 25
23 26
23 27
23 28
23 29
23 30
23 31
24 25
24 26
24 27
24 28
24 29
24 30
24 31
25 26
25 27
25 28
25 29
25 30
25 31
26 27
26 28
26 29
26 30
26 31
27 28
27 29
27 30
27 31
28 29
28 30
28 31
29 30
29 31
30 31
