191 2360
0 1
0 3
0 6
0 8
0 12
0 14
0 17
0 19
0 24
0 26
0 29
0 31
0 35
0 37
0 40
0 42
0 48
0 50
0 53
0 55
0 59
0 61
0 64
0 66
0 71
0 73
0 76
0 78
0 82
0 84
0 87
0 89
0 96
0 98
0 101
0 103
0 107
0 109
0 112
0 114
0 119
0 121
0 124
0 126
0 130
0 132
0 135
0 137
0 143
0 145
0 148
0 150
0 154
0 156
0 159
0 161
0 166
0 168
0 171
0 173
0 177
0 179
0 182
0 184
1 2
1 5
1 7
1 11
1 13
1 16
1 18
1 23
1 25
1 28
1 30
1 34
1 36
1 39
1 41
1 47
1 49
1 52
1 54
1 58
1 60
1 63
1 65
1 70
1 72
1 75
1 77
1 81
1 83
1 86
1 88
1 95
1 97
1 100
1 102
1 106
1 108
1 111
1 113
1 118
1 120
1 123
1 125
1 129
1 131
1 134
1 136
1 142
1 144
1 147
1 149
1 153
1 155
1 158
1 160
1 165
1 167
1 170
1 172
1 176
1 178
1 181
1 183
3 4
3 5
3 9
3 11
3 15
3 16
3 20
3 23
3 27
3 28
3 32
3 34
3 38
3 39
3 43
3 47
3 51
3 52
3 56
3 58
3 62
3 63
3 67
3 70
3 74
3 75
3 79
3 81
3 85
3 86
3 90
3 95
3 99
3 100
3 104
3 106
3 110
3 111
3 115
3 118
3 122
3 123
3 127
3 129
3 133
3 134
3 138
3 142
3 146
3 147
3 151
3 153
3 157
3 158
3 162
3 165
3 169
3 170
3 174
3 176
3 180
3 181
3 185
6 2
6 10
6 11
6 13
6 21
6 23
6 25
6 33
6 34
6 36
6 44
6 47
6 49
6 57
6 58
6 60
6 68
6 70
6 72
6 80
6 81
6 83
6 91
6 95
6 97
6 105
6 106
6 108
6 116
6 118
6 120
6 128
6 129
6 131
6 139
6 142
6 144
6 152
6 153
6 155
6 163
6 165
6 167
6 175
6 176
6 178
6 186
8 4
8 10
8 11
8 15
8 21
8 23
8 27
8 33
8 34
8 38
8 44
8 47
8 51
8 57
8 58
8 62
8 68
8 70
8 74
8 80
8 81
8 85
8 91
8 95
8 99
8 105
8 106
8 110
8 116
8 118
8 122
8 128
8 129
8 133
8 139
8 142
8 146
8 152
8 153
8 157
8 163
8 165
8 169
8 175
8 176
8 180
8 186
12 2
12 5
12 7
12 22
12 23
12 25
12 28
12 30
12 45
12 47
12 49
12 52
12 54
12 69
12 70
12 72
12 75
12 77
12 92
12 95
12 97
12 100
12 102
12 117
12 118
12 120
12 123
12 125
12 140
12 142
12 144
12 147
12 149
12 164
12 165
12 167
12 170
12 172
12 187
14 4
14 5
14 9
14 22
14 23
14 27
14 28
14 32
14 45
14 47
14 51
14 52
14 56
14 69
14 70
14 74
14 75
14 79
14 92
14 95
14 99
14 100
14 104
14 117
14 118
14 122
14 123
14 127
14 140
14 142
14 146
14 147
14 151
14 164
14 165
14 169
14 170
14 174
14 187
17 2
17 10
17 22
17 23
17 25
17 33
17 45
17 47
17 49
17 57
17 69
17 70
17 72
17 80
17 92
17 95
17 97
17 105
17 117
17 118
17 120
17 128
17 140
17 142
17 144
17 152
17 164
17 165
17 167
17 175
17 187
19 4
19 10
19 22
19 23
19 27
19 33
19 45
19 47
19 51
19 57
19 69
19 70
19 74
19 80
19 92
19 95
19 99
19 105
19 117
19 118
19 122
19 128
19 140
19 142
19 146
19 152
19 164
19 165
19 169
19 175
19 187
24 2
24 5
24 7
24 11
24 13
24 16
24 18
24 46
24 47
24 49
24 52
24 54
24 58
24 60
24 63
24 65
24 93
24 95
24 97
24 100
24 102
24 106
24 108
24 111
24 113
24 141
24 142
24 144
24 147
24 149
24 153
24 155
24 158
24 160
24 188
26 4
26 5
26 9
26 11
26 15
26 16
26 20
26 46
26 47
26 51
26 52
26 56
26 58
26 62
26 63
26 67
26 93
26 95
26 99
26 100
26 104
26 106
26 110
26 111
26 115
26 141
26 142
26 146
26 147
26 151
26 153
26 157
26 158
26 162
26 188
29 2
29 10
29 11
29 13
29 21
29 46
29 47
29 49
29 57
29 58
29 60
29 68
29 93
29 95
29 97
29 105
29 106
29 108
29 116
29 141
29 142
29 144
29 152
29 153
29 155
29 163
29 188
31 4
31 10
31 11
31 15
31 21
31 46
31 47
31 51
31 57
31 58
31 62
31 68
31 93
31 95
31 99
31 105
31 106
31 110
31 116
31 141
31 142
31 146
31 152
31 153
31 157
31 163
31 188
35 2
35 5
35 7
35 22
35 46
35 47
35 49
35 52
35 54
35 69
35 93
35 95
35 97
35 100
35 102
35 117
35 141
35 142
35 144
35 147
35 149
35 164
35 188
37 4
37 5
37 9
37 22
37 46
37 47
37 51
37 52
37 56
37 69
37 93
37 95
37 99
37 100
37 104
37 117
37 141
37 142
37 146
37 147
37 151
37 164
37 188
40 2
40 10
40 22
40 46
40 47
40 49
40 57
40 69
40 93
40 95
40 97
40 105
40 117
40 141
40 142
40 144
40 152
40 164
40 188
42 4
42 10
42 22
42 46
42 47
42 51
42 57
42 69
42 93
42 95
42 99
42 105
42 117
42 141
42 142
42 146
42 152
42 164
42 188
48 2
48 5
48 7
48 11
48 13
48 16
48 18
48 23
48 25
48 28
48 30
48 34
48 36
48 39
48 41
48 94
48 95
48 97
48 100
48 102
48 106
48 108
48 111
48 113
48 118
48 120
48 123
48 125
48 129
48 131
48 134
48 136
48 189
50 4
50 5
50 9
50 11
50 15
50 16
50 20
50 23
50 27
50 28
50 32
50 34
50 38
50 39
50 43
50 94
50 95
50 99
50 100
50 104
50 106
50 110
50 111
50 115
50 118
50 122
50 123
50 127
50 129
50 133
50 134
50 138
50 189
53 2
53 10
53 11
53 13
53 21
53 23
53 25
53 33
53 34
53 36
53 44
53 94
53 95
53 97
53 105
53 106
53 108
53 116
53 118
53 120
53 128
53 129
53 131
53 139
53 189
55 4
55 10
55 11
55 15
55 21
55 23
55 27
55 33
55 34
55 38
55 44
55 94
55 95
55 99
55 105
55 106
55 110
55 116
55 118
55 122
55 128
55 129
55 133
55 139
55 189
59 2
59 5
59 7
59 22
59 23
59 25
59 28
59 30
59 45
59 94
59 95
59 97
59 100
59 102
59 117
59 118
59 120
59 123
59 125
59 140
59 189
61 4
61 5
61 9
61 22
61 23
61 27
61 28
61 32
61 45
61 94
61 95
61 99
61 100
61 104
61 117
61 118
61 122
61 123
61 127
61 140
61 189
64 2
64 10
64 22
64 23
64 25
64 33
64 45
64 94
64 95
64 97
64 105
64 117
64 118
64 120
64 128
64 140
64 189
66 4
66 10
66 22
66 23
66 27
66 33
66 45
66 94
66 95
66 99
66 105
66 117
66 118
66 122
66 128
66 140
66 189
71 2
71 5
71 7
71 11
71 13
71 16
71 18
71 46
71 94
71 95
71 97
71 100
71 102
71 106
71 108
71 111
71 113
71 141
71 189
73 4
73 5
73 9
73 11
73 15
73 16
73 20
73 46
73 94
73 95
73 99
73 100
73 104
73 106
73 110
73 111
73 115
73 141
73 189
76 2
76 10
76 11
76 13
76 21
76 46
76 94
76 95
76 97
76 105
76 106
76 108
76 116
76 141
76 189
78 4
78 10
78 11
78 15
78 21
78 46
78 94
78 95
78 99
78 105
78 106
78 110
78 116
78 141
78 189
82 2
82 5
82 7
82 22
82 46
82 94
82 95
82 97
82 100
82 102
82 117
82 141
82 189
84 4
84 5
84 9
84 22
84 46
84 94
84 95
84 99
84 100
84 104
84 117
84 141
84 189
87 2
87 10
87 22
87 46
87 94
87 95
87 97
87 105
87 117
87 141
87 189
89 4
89 10
89 22
89 46
89 94
89 95
89 99
89 105
89 117
89 141
89 189
96 2
96 5
96 7
96 11
96 13
96 16
96 18
96 23
96 25
96 28
96 30
96 34
96 36
96 39
96 41
96 47
96 49
96 52
96 54
96 58
96 60
96 63
96 65
96 70
96 72
96 75
96 77
96 81
96 83
96 86
96 88
96 190
98 4
98 5
98 9
98 11
98 15
98 16
98 20
98 23
98 27
98 28
98 32
98 34
98 38
98 39
98 43
98 47
98 51
98 52
98 56
98 58
98 62
98 63
98 67
98 70
98 74
98 75
98 79
98 81
98 85
98 86
98 90
98 190
101 2
101 10
101 11
101 13
101 21
101 23
101 25
101 33
101 34
101 36
101 44
101 47
101 49
101 57
101 58
101 60
101 68
101 70
101 72
101 80
101 81
101 83
101 91
101 190
103 4
103 10
103 11
103 15
103 21
103 23
103 27
103 33
103 34
103 38
103 44
103 47
103 51
103 57
103 58
103 62
103 68
103 70
103 74
103 80
103 81
103 85
103 91
103 190
107 2
107 5
107 7
107 22
107 23
107 25
107 28
107 30
107 45
107 47
107 49
107 52
107 54
107 69
107 70
107 72
107 75
107 77
107 92
107 190
109 4
109 5
109 9
109 22
109 23
109 27
109 28
109 32
109 45
109 47
109 51
109 52
109 56
109 69
109 70
109 74
109 75
109 79
109 92
109 190
112 2
112 10
112 22
112 23
112 25
112 33
112 45
112 47
112 49
112 57
112 69
112 70
112 72
112 80
112 92
112 190
114 4
114 10
114 22
114 23
114 27
114 33
114 45
114 47
114 51
114 57
114 69
114 70
114 74
114 80
114 92
114 190
119 2
119 5
119 7
119 11
119 13
119 16
119 18
119 46
119 47
119 49
119 52
119 54
119 58
119 60
119 63
119 65
119 93
119 190
121 4
121 5
121 9
121 11
121 15
121 16
121 20
121 46
121 47
121 51
121 52
121 56
121 58
121 62
121 63
121 67
121 93
121 190
124 2
124 10
124 11
124 13
124 21
124 46
124 47
124 49
124 57
124 58
124 60
124 68
124 93
124 190
126 4
126 10
126 11
126 15
126 21
126 46
126 47
126 51
126 57
126 58
126 62
126 68
126 93
126 190
130 2
130 5
130 7
130 22
130 46
130 47
130 49
130 52
130 54
130 69
130 93
130 190
132 4
132 5
132 9
132 22
132 46
132 47
132 51
132 52
132 56
132 69
132 93
132 190
135 2
135 10
135 22
135 46
135 47
135 49
135 57
135 69
135 93
135 190
137 4
137 10
137 22
137 46
137 47
137 51
137 57
137 69
137 93
137 190
143 2
143 5
143 7
143 11
143 13
143 16
143 18
143 23
143 25
143 28
143 30
143 34
143 36
143 39
143 41
143 94
143 190
145 4
145 5
145 9
145 11
145 15
145 16
145 20
145 23
145 27
145 28
145 32
145 34
145 38
145 39
145 43
145 94
145 190
148 2
148 10
148 11
148 13
148 21
148 23
148 25
148 33
148 34
148 36
148 44
148 94
148 190
150 4
150 10
150 11
150 15
150 21
150 23
150 27
150 33
150 34
150 38
150 44
150 94
150 190
154 2
154 5
154 7
154 22
154 23
154 25
154 28
154 30
154 45
154 94
154 190
156 4
156 5
156 9
156 22
156 23
156 27
156 28
156 32
156 45
156 94
156 190
159 2
159 10
159 22
159 23
159 25
159 33
159 45
159 94
159 190
161 4
161 10
161 22
161 23
161 27
161 33
161 45
161 94
161 190
166 2
166 5
166 7
166 11
166 13
166 16
166 18
166 46
166 94
166 190
168 4
168 5
168 9
168 11
168 15
168 16
168 20
168 46
168 94
168 190
171 2
171 10
171 11
171 13
171 21
171 46
171 94
171 190
173 4
173 10
173 11
173 15
173 21
173 46
173 94
173 190
177 2
177 5
177 7
177 22
177 46
177 94
177 190
179 4
179 5
179 9
179 22
179 46
179 94
179 190
182 2
182 10
182 22
182 46
182 94
182 190
184 4
184 10
184 22
184 46
184 94
184 190
2 4
2 9
2 15
2 20
2 27
2 32
2 38
2 43
2 51
2 56
2 62
2 67
2 74
2 79
2 85
2 90
2 99
2 104
2 110
2 115
2 122
2 127
2 133
2 138
2 146
2 151
2 157
2 162
2 169
2 174
2 180
2 185
5 10
5 21
5 33
5 44
5 57
5 68
5 80
5 91
5 105
5 116
5 128
5 139
5 152
5 163
5 175
5 186
7 4
7 10
7 15
7 21
7 27
7 33
7 38
7 44
7 51
7 57
7 62
7 68
7 74
7 80
7 85
7 91
7 99
7 105
7 110
7 116
7 122
7 128
7 133
7 139
7 146
7 152
7 157
7 163
7 169
7 175
7 180
7 186
11 22
11 45
11 69
11 92
11 117
11 140
11 164
11 187
13 4
13 9
13 22
13 27
13 32
13 45
13 51
13 56
13 69
13 74
13 79
13 92
13 99
13 104
13 117
13 122
13 127
13 140
13 146
13 151
13 164
13 169
13 174
13 187
16 10
16 22
16 33
16 45
16 57
16 69
16 80
16 92
16 105
16 117
16 128
16 140
16 152
16 164
16 175
16 187
18 4
18 10
18 22
18 27
18 33
18 45
18 51
18 57
18 69
18 74
18 80
18 92
18 99
18 105
18 117
18 122
18 128
18 140
18 146
18 152
18 164
18 169
18 175
18 187
23 46
23 93
23 141
23 188
25 4
25 9
25 15
25 20
25 46
25 51
25 56
25 62
25 67
25 93
25 99
25 104
25 110
25 115
25 141
25 146
25 151
25 157
25 162
25 188
28 10
28 21
28 46
28 57
28 68
28 93
28 105
28 116
28 141
28 152
28 163
28 188
30 4
30 10
30 15
30 21
30 46
30 51
30 57
30 62
30 68
30 93
30 99
30 105
30 110
30 116
30 141
30 146
30 152
30 157
30 163
30 188
34 22
34 46
34 69
34 93
34 117
34 141
34 164
34 188
36 4
36 9
36 22
36 46
36 51
36 56
36 69
36 93
36 99
36 104
36 117
36 141
36 146
36 151
36 164
36 188
39 10
39 22
39 46
39 57
39 69
39 93
39 105
39 117
39 141
39 152
39 164
39 188
41 4
41 10
41 22
41 46
41 51
41 57
41 69
41 93
41 99
41 105
41 117
41 141
41 146
41 152
41 164
41 188
47 94
47 189
49 4
49 9
49 15
49 20
49 27
49 32
49 38
49 43
49 94
49 99
49 104
49 110
49 115
49 122
49 127
49 133
49 138
49 189
52 10
52 21
52 33
52 44
52 94
52 105
52 116
52 128
52 139
52 189
54 4
54 10
54 15
54 21
54 27
54 33
54 38
54 44
54 94
54 99
54 105
54 110
54 116
54 122
54 128
54 133
54 139
54 189
58 22
58 45
58 94
58 117
58 140
58 189
60 4
60 9
60 22
60 27
60 32
60 45
60 94
60 99
60 104
60 117
60 122
60 127
60 140
60 189
63 10
63 22
63 33
63 45
63 94
63 105
63 117
63 128
63 140
63 189
65 4
65 10
65 22
65 27
65 33
65 45
65 94
65 99
65 105
65 117
65 122
65 128
65 140
65 189
70 46
70 94
70 141
70 189
72 4
72 9
72 15
72 20
72 46
72 94
72 99
72 104
72 110
72 115
72 141
72 189
75 10
75 21
75 46
75 94
75 105
75 116
75 141
75 189
77 4
77 10
77 15
77 21
77 46
77 94
77 99
77 105
77 110
77 116
77 141
77 189
81 22
81 46
81 94
81 117
81 141
81 189
83 4
83 9
83 22
83 46
83 94
83 99
83 104
83 117
83 141
83 189
86 10
86 22
86 46
86 94
86 105
86 117
86 141
86 189
88 4
88 10
88 22
88 46
88 94
88 99
88 105
88 117
88 141
88 189
95 190
97 4
97 9
97 15
97 20
97 27
97 32
97 38
97 43
97 51
97 56
97 62
97 67
97 74
97 79
97 85
97 90
97 190
100 10
100 21
100 33
100 44
100 57
100 68
100 80
100 91
100 190
102 4
102 10
102 15
102 21
102 27
102 33
102 38
102 44
102 51
102 57
102 62
102 68
102 74
102 80
102 85
102 91
102 190
106 22
106 45
106 69
106 92
106 190
108 4
108 9
108 22
108 27
108 32
108 45
108 51
108 56
108 69
108 74
108 79
108 92
108 190
111 10
111 22
111 33
111 45
111 57
111 69
111 80
111 92
111 190
113 4
113 10
113 22
113 27
113 33
113 45
113 51
113 57
113 69
113 74
113 80
113 92
113 190
118 46
118 93
118 190
120 4
120 9
120 15
120 20
120 46
120 51
120 56
120 62
120 67
120 93
120 190
123 10
123 21
123 46
123 57
123 68
123 93
123 190
125 4
125 10
125 15
125 21
125 46
125 51
125 57
125 62
125 68
125 93
125 190
129 22
129 46
129 69
129 93
129 190
131 4
131 9
131 22
131 46
131 51
131 56
131 69
131 93
131 190
134 10
134 22
134 46
134 57
134 69
134 93
134 190
136 4
136 10
136 22
136 46
136 51
136 57
136 69
136 93
136 190
142 94
142 190
144 4
144 9
144 15
144 20
144 27
144 32
144 38
144 43
144 94
144 190
147 10
147 21
147 33
147 44
147 94
147 190
149 4
149 10
149 15
149 21
149 27
149 33
149 38
149 44
149 94
149 190
153 22
153 45
153 94
153 190
155 4
155 9
155 22
155 27
155 32
155 45
155 94
155 190
158 10
158 22
158 33
158 45
158 94
158 190
160 4
160 10
160 22
160 27
160 33
160 45
160 94
160 190
165 46
165 94
165 190
167 4
167 9
167 15
167 20
167 46
167 94
167 190
170 10
170 21
170 46
170 94
170 190
172 4
172 10
172 15
172 21
172 46
172 94
172 190
176 22
176 46
176 94
176 190
178 4
178 9
178 22
178 46
178 94
178 190
181 10
181 22
181 46
181 94
181 190
183 4
183 10
183 22
183 46
183 94
183 190
9 10
9 21
9 33
9 44
9 57
9 68
9 80
9 91
9 105
9 116
9 128
9 139
9 152
9 163
9 175
9 186
15 22
15 45
15 69
15 92
15 117
15 140
15 164
15 187
20 10
20 22
20 33
20 45
20 57
20 69
20 80
20 92
20 105
20 117
20 128
20 140
20 152
20 164
20 175
20 187
27 46
27 93
27 141
27 188
32 10
32 21
32 46
32 57
32 68
32 93
32 105
32 116
32 141
32 152
32 163
32 188
38 22
38 46
38 69
38 93
38 117
38 141
38 164
38 188
43 10
43 22
43 46
43 57
43 69
43 93
43 105
43 117
43 141
43 152
43 164
43 188
51 94
51 189
56 10
56 21
56 33
56 44
56 94
56 105
56 116
56 128
56 139
56 189
62 22
62 45
62 94
62 117
62 140
62 189
67 10
67 22
67 33
67 45
67 94
67 105
67 117
67 128
67 140
67 189
74 46
74 94
74 141
74 189
79 10
79 21
79 46
79 94
79 105
79 116
79 141
79 189
85 22
85 46
85 94
85 117
85 141
85 189
90 10
90 22
90 46
90 94
90 105
90 117
90 141
90 189
99 190
104 10
104 21
104 33
104 44
104 57
104 68
104 80
104 91
104 190
110 22
110 45
110 69
110 92
110 190
115 10
115 22
115 33
115 45
115 57
115 69
115 80
115 92
115 190
122 46
122 93
122 190
127 10
127 21
127 46
127 57
127 68
127 93
127 190
133 22
133 46
133 69
133 93
133 190
138 10
138 22
138 46
138 57
138 69
138 93
138 190
146 94
146 190
151 10
151 21
151 33
151 44
151 94
151 190
157 22
157 45
157 94
157 190
162 10
162 22
162 33
162 45
162 94
162 190
169 46
169 94
169 190
174 10
174 21
174 46
174 94
174 190
180 22
180 46
180 94
180 190
185 10
185 22
185 46
185 94
185 190
21 22
21 45
21 69
21 92
21 117
21 140
21 164
21 187
33 46
33 93
33 141
33 188
44 22
44 46
44 69
44 93
44 117
44 141
44 164
44 188
57 94
57 189
68 22
68 45
68 94
68 117
68 140
68 189
80 46
80 94
80 141
80 189
91 22
91 46
91 94
91 117
91 141
91 189
105 190
116 22
116 45
116 69
116 92
116 190
128 46
128 93
128 190
139 22
139 46
139 69
139 93
139 190
152 94
152 190
163 22
163 45
163 94
163 190
175 46
175 94
175 190
186 22
186 46
186 94
186 190
45 46
45 93
45 141
45 188
69 94
69 189
92 46
92 94
92 141
92 189
117 190
140 46
140 93
140 190
164 94
164 190
187 46
187 94
187 190
93 94
93 189
141 190
188 94
188 190
189 190
