169 3328
0 14
0 28
0 42
0 56
0 70
0 84
0 98
0 112
0 126
0 140
0 154
0 168
0 1
0 2
0 3
0 4
0 5
0 6
0 7
0 8
0 9
0 10
0 11
0 12
0 13
0 26
0 39
0 52
0 65
0 78
0 91
0 104
0 117
0 130
0 143
0 156
14 1
14 2
14 13
14 28
14 42
14 56
14 70
14 84
14 98
14 112
14 126
14 140
14 154
14 168
14 26
14 15
14 16
14 17
14 18
14 19
14 20
14 21
14 22
14 23
14 24
14 25
14 27
14 40
14 53
14 66
14 79
14 92
14 105
14 118
14 131
14 144
14 157
28 2
28 4
28 15
28 16
28 26
28 27
28 42
28 56
28 70
28 84
28 98
28 112
28 126
28 140
28 154
28 168
28 40
28 52
28 29
28 30
28 31
28 32
28 33
28 34
28 35
28 36
28 37
28 38
28 41
28 54
28 67
28 80
28 93
28 106
28 119
28 132
28 145
28 158
42 3
42 6
42 16
42 18
42 29
42 30
42 39
42 40
42 41
42 56
42 70
42 84
42 98
42 112
42 126
42 140
42 154
42 168
42 54
42 66
42 78
42 43
42 44
42 45
42 46
42 47
42 48
42 49
42 50
42 51
42 55
42 68
42 81
42 94
42 107
42 120
42 133
42 146
42 159
56 4
56 8
56 17
56 20
56 30
56 32
56 43
56 44
56 52
56 53
56 54
56 55
56 70
56 84
56 98
56 112
56 126
56 140
56 154
56 168
56 68
56 80
56 92
56 104
56 57
56 58
56 59
56 60
56 61
56 62
56 63
56 64
56 69
56 82
56 95
56 108
56 121
56 134
56 147
56 160
70 5
70 10
70 18
70 22
70 31
70 34
70 44
70 46
70 57
70 58
70 65
70 66
70 67
70 68
70 69
70 84
70 98
70 112
70 126
70 140
70 154
70 168
70 82
70 94
70 106
70 118
70 130
70 71
70 72
70 73
70 74
70 75
70 76
70 77
70 83
70 96
70 109
70 122
70 135
70 148
70 161
84 6
84 12
84 19
84 24
84 32
84 36
84 45
84 48
84 58
84 60
84 71
84 72
84 78
84 79
84 80
84 81
84 82
84 83
84 98
84 112
84 126
84 140
84 154
84 168
84 96
84 108
84 120
84 132
84 144
84 156
84 85
84 86
84 87
84 88
84 89
84 90
84 97
84 110
84 123
84 136
84 149
84 162
98 7
98 20
98 33
98 38
98 46
98 50
98 59
98 62
98 72
98 74
98 85
98 86
98 91
98 92
98 93
98 94
98 95
98 96
98 97
98 112
98 126
98 140
98 154
98 168
98 110
98 122
98 134
98 146
98 158
98 99
98 100
98 101
98 102
98 103
98 111
98 124
98 137
98 150
98 163
112 8
112 21
112 34
112 47
112 60
112 64
112 73
112 76
112 86
112 88
112 99
112 100
112 104
112 105
112 106
112 107
112 108
112 109
112 110
112 111
112 126
112 140
112 154
112 168
112 124
112 136
112 148
112 160
112 113
112 114
112 115
112 116
112 125
112 138
112 151
112 164
126 9
126 22
126 35
126 48
126 61
126 74
126 87
126 90
126 100
126 102
126 113
126 114
126 117
126 118
126 119
126 120
126 121
126 122
126 123
126 124
126 125
126 140
126 154
126 168
126 138
126 150
126 162
126 127
126 128
126 129
126 139
126 152
126 165
140 10
140 23
140 36
140 49
140 62
140 75
140 88
140 101
140 114
140 116
140 127
140 128
140 130
140 131
140 132
140 133
140 134
140 135
140 136
140 137
140 138
140 139
140 154
140 168
140 152
140 164
140 141
140 142
140 153
140 166
154 11
154 24
154 37
154 50
154 63
154 76
154 89
154 102
154 115
154 128
154 141
154 142
154 143
154 144
154 145
154 146
154 147
154 148
154 149
154 150
154 151
154 152
154 153
154 168
154 166
154 155
154 167
168 12
168 25
168 38
168 51
168 64
168 77
168 90
168 103
168 116
168 129
168 142
168 155
168 156
168 157
168 158
168 159
168 160
168 161
168 162
168 163
168 164
168 165
168 166
168 167
1 15
1 29
1 43
1 57
1 71
1 85
1 99
1 113
1 127
1 141
1 155
1 13
1 2
1 3
1 4
1 5
1 6
1 7
1 8
1 9
1 10
1 11
1 12
1 27
1 40
1 53
1 66
1 79
1 92
1 105
1 118
1 131
1 144
1 157
2 16
2 30
2 44
2 58
2 72
2 86
2 100
2 114
2 128
2 142
2 26
2 3
2 4
2 5
2 6
2 7
2 8
2 9
2 10
2 11
2 12
2 15
2 41
2 54
2 67
2 80
2 93
2 106
2 119
2 132
2 145
2 158
3 17
3 31
3 45
3 59
3 73
3 87
3 101
3 115
3 129
3 15
3 27
3 39
3 4
3 5
3 6
3 7
3 8
3 9
3 10
3 11
3 12
3 16
3 29
3 55
3 68
3 81
3 94
3 107
3 120
3 133
3 146
3 159
4 18
4 32
4 46
4 60
4 74
4 88
4 102
4 116
4 16
4 40
4 52
4 5
4 6
4 7
4 8
4 9
4 10
4 11
4 12
4 17
4 30
4 43
4 69
4 82
4 95
4 108
4 121
4 134
4 147
4 160
5 19
5 33
5 47
5 61
5 75
5 89
5 103
5 17
5 29
5 41
5 53
5 65
5 6
5 7
5 8
5 9
5 10
5 11
5 12
5 18
5 31
5 44
5 57
5 83
5 96
5 109
5 122
5 135
5 148
5 161
6 20
6 34
6 48
6 62
6 76
6 90
6 18
6 30
6 54
6 66
6 78
6 7
6 8
6 9
6 10
6 11
6 12
6 19
6 32
6 45
6 58
6 71
6 97
6 110
6 123
6 136
6 149
6 162
7 21
7 35
7 49
7 63
7 77
7 19
7 31
7 43
7 55
7 67
7 79
7 91
7 8
7 9
7 10
7 11
7 12
7 20
7 33
7 46
7 59
7 72
7 85
7 111
7 124
7 137
7 150
7 163
8 22
8 36
8 50
8 64
8 20
8 32
8 44
8 68
8 80
8 92
8 104
8 9
8 10
8 11
8 12
8 21
8 34
8 47
8 60
8 73
8 86
8 99
8 125
8 138
8 151
8 164
9 23
9 37
9 51
9 21
9 33
9 45
9 57
9 69
9 81
9 93
9 105
9 117
9 10
9 11
9 12
9 22
9 35
9 48
9 61
9 74
9 87
9 100
9 113
9 139
9 152
9 165
10 24
10 38
10 22
10 34
10 46
10 58
10 82
10 94
10 106
10 118
10 130
10 11
10 12
10 23
10 36
10 49
10 62
10 75
10 88
10 101
10 114
10 127
10 153
10 166
11 25
11 23
11 35
11 47
11 59
11 71
11 83
11 95
11 107
11 119
11 131
11 143
11 12
11 24
11 37
11 50
11 63
11 76
11 89
11 102
11 115
11 128
11 141
11 167
12 24
12 36
12 48
12 60
12 72
12 96
12 108
12 120
12 132
12 144
12 156
12 25
12 38
12 51
12 64
12 77
12 90
12 103
12 116
12 129
12 142
12 155
13 27
13 41
13 55
13 69
13 83
13 97
13 111
13 125
13 139
13 153
13 167
13 15
13 16
13 17
13 18
13 19
13 20
13 21
13 22
13 23
13 24
13 25
13 26
13 39
13 52
13 65
13 78
13 91
13 104
13 117
13 130
13 143
13 156
26 40
26 54
26 68
26 82
26 96
26 110
26 124
26 138
26 152
26 166
26 27
26 29
26 30
26 31
26 32
26 33
26 34
26 35
26 36
26 37
26 38
26 39
26 52
26 65
26 78
26 91
26 104
26 117
26 130
26 143
26 156
39 15
39 27
39 53
39 67
39 81
39 95
39 109
39 123
39 137
39 151
39 165
39 40
39 41
39 43
39 44
39 45
39 46
39 47
39 48
39 49
39 50
39 51
39 52
39 65
39 78
39 91
39 104
39 117
39 130
39 143
39 156
52 16
52 40
52 66
52 80
52 94
52 108
52 122
52 136
52 150
52 164
52 53
52 54
52 55
52 57
52 58
52 59
52 60
52 61
52 62
52 63
52 64
52 65
52 78
52 91
52 104
52 117
52 130
52 143
52 156
65 17
65 29
65 41
65 53
65 79
65 93
65 107
65 121
65 135
65 149
65 163
65 66
65 67
65 68
65 69
65 71
65 72
65 73
65 74
65 75
65 76
65 77
65 78
65 91
65 104
65 117
65 130
65 143
65 156
78 18
78 30
78 54
78 66
78 92
78 106
78 120
78 134
78 148
78 162
78 79
78 80
78 81
78 82
78 83
78 85
78 86
78 87
78 88
78 89
78 90
78 91
78 104
78 117
78 130
78 143
78 156
91 19
91 31
91 43
91 55
91 67
91 79
91 105
91 119
91 133
91 147
91 161
91 92
91 93
91 94
91 95
91 96
91 97
91 99
91 100
91 101
91 102
91 103
91 104
91 117
91 130
91 143
91 156
104 20
104 32
104 44
104 68
104 80
104 92
104 118
104 132
104 146
104 160
104 105
104 106
104 107
104 108
104 109
104 110
104 111
104 113
104 114
104 115
104 116
104 117
104 130
104 143
104 156
117 21
117 33
117 45
117 57
117 69
117 81
117 93
117 105
117 131
117 145
117 159
117 118
117 119
117 120
117 121
117 122
117 123
117 124
117 125
117 127
117 128
117 129
117 130
117 143
117 156
130 22
130 34
130 46
130 58
130 82
130 94
130 106
130 118
130 144
130 158
130 131
130 132
130 133
130 134
130 135
130 136
130 137
130 138
130 139
130 141
130 142
130 143
130 156
143 23
143 35
143 47
143 59
143 71
143 83
143 95
143 107
143 119
143 131
143 157
143 144
143 145
143 146
143 147
143 148
143 149
143 150
143 151
143 152
143 153
143 155
143 156
156 24
156 36
156 48
156 60
156 72
156 96
156 108
156 120
156 132
156 144
156 157
156 158
156 159
156 160
156 161
156 162
156 163
156 164
156 165
156 166
156 167
15 29
15 43
15 57
15 71
15 85
15 99
15 113
15 127
15 141
15 155
15 27
15 16
15 17
15 18
15 19
15 20
15 21
15 22
15 23
15 24
15 25
15 41
15 54
15 67
15 80
15 93
15 106
15 119
15 132
15 145
15 158
29 16
29 17
29 27
29 43
29 57
29 71
29 85
29 99
29 113
29 127
29 141
29 155
29 41
29 53
29 30
29 31
29 32
29 33
29 34
29 35
29 36
29 37
29 38
29 55
29 68
29 81
29 94
29 107
29 120
29 133
29 146
29 159
43 17
43 19
43 30
43 31
43 40
43 41
43 57
43 71
43 85
43 99
43 113
43 127
43 141
43 155
43 55
43 67
43 79
43 44
43 45
43 46
43 47
43 48
43 49
43 50
43 51
43 69
43 82
43 95
43 108
43 121
43 134
43 147
43 160
57 18
57 21
57 31
57 33
57 44
57 45
57 53
57 54
57 55
57 71
57 85
57 99
57 113
57 127
57 141
57 155
57 69
57 81
57 93
57 105
57 58
57 59
57 60
57 61
57 62
57 63
57 64
57 83
57 96
57 109
57 122
57 135
57 148
57 161
71 19
71 23
71 32
71 35
71 45
71 47
71 58
71 59
71 66
71 67
71 68
71 69
71 85
71 99
71 113
71 127
71 141
71 155
71 83
71 95
71 107
71 119
71 131
71 72
71 73
71 74
71 75
71 76
71 77
71 97
71 110
71 123
71 136
71 149
71 162
85 20
85 25
85 33
85 37
85 46
85 49
85 59
85 61
85 72
85 73
85 79
85 80
85 81
85 82
85 83
85 99
85 113
85 127
85 141
85 155
85 97
85 109
85 121
85 133
85 145
85 157
85 86
85 87
85 88
85 89
85 90
85 111
85 124
85 137
85 150
85 163
99 21
99 34
99 47
99 51
99 60
99 63
99 73
99 75
99 86
99 87
99 92
99 93
99 94
99 95
99 96
99 97
99 113
99 127
99 141
99 155
99 111
99 123
99 135
99 147
99 159
99 100
99 101
99 102
99 103
99 125
99 138
99 151
99 164
113 22
113 35
113 48
113 61
113 74
113 77
113 87
113 89
113 100
113 101
113 105
113 106
113 107
113 108
113 109
113 110
113 111
113 127
113 141
113 155
113 125
113 137
113 149
113 161
113 114
113 115
113 116
113 139
113 152
113 165
127 23
127 36
127 49
127 62
127 75
127 88
127 101
127 103
127 114
127 115
127 118
127 119
127 120
127 121
127 122
127 123
127 124
127 125
127 141
127 155
127 139
127 151
127 163
127 128
127 129
127 153
127 166
141 24
141 37
141 50
141 63
141 76
141 89
141 102
141 115
141 128
141 129
141 131
141 132
141 133
141 134
141 135
141 136
141 137
141 138
141 139
141 155
141 153
141 165
141 142
141 167
155 25
155 38
155 51
155 64
155 77
155 90
155 103
155 116
155 129
155 142
155 144
155 145
155 146
155 147
155 148
155 149
155 150
155 151
155 152
155 153
155 167
27 41
27 55
27 69
27 83
27 97
27 111
27 125
27 139
27 153
27 167
27 30
27 31
27 32
27 33
27 34
27 35
27 36
27 37
27 38
27 40
27 53
27 66
27 79
27 92
27 105
27 118
27 131
27 144
27 157
40 16
40 54
40 68
40 82
40 96
40 110
40 124
40 138
40 152
40 166
40 41
40 44
40 45
40 46
40 47
40 48
40 49
40 50
40 51
40 53
40 66
40 79
40 92
40 105
40 118
40 131
40 144
40 157
53 17
53 41
53 67
53 81
53 95
53 109
53 123
53 137
53 151
53 165
53 54
53 55
53 58
53 59
53 60
53 61
53 62
53 63
53 64
53 66
53 79
53 92
53 105
53 118
53 131
53 144
53 157
66 18
66 30
66 54
66 80
66 94
66 108
66 122
66 136
66 150
66 164
66 67
66 68
66 69
66 72
66 73
66 74
66 75
66 76
66 77
66 79
66 92
66 105
66 118
66 131
66 144
66 157
79 19
79 31
79 55
79 67
79 93
79 107
79 121
79 135
79 149
79 163
79 80
79 81
79 82
79 83
79 86
79 87
79 88
79 89
79 90
79 92
79 105
79 118
79 131
79 144
79 157
92 20
92 32
92 44
92 68
92 80
92 106
92 120
92 134
92 148
92 162
92 93
92 94
92 95
92 96
92 97
92 100
92 101
92 102
92 103
92 105
92 118
92 131
92 144
92 157
105 21
105 33
105 45
105 69
105 81
105 93
105 119
105 133
105 147
105 161
105 106
105 107
105 108
105 109
105 110
105 111
105 114
105 115
105 116
105 118
105 131
105 144
105 157
118 22
118 34
118 46
118 58
118 82
118 94
118 106
118 132
118 146
118 160
118 119
118 120
118 121
118 122
118 123
118 124
118 125
118 128
118 129
118 131
118 144
118 157
131 23
131 35
131 47
131 59
131 83
131 95
131 107
131 119
131 145
131 159
131 132
131 133
131 134
131 135
131 136
131 137
131 138
131 139
131 142
131 144
131 157
144 24
144 36
144 48
144 60
144 72
144 96
144 108
144 120
144 132
144 158
144 145
144 146
144 147
144 148
144 149
144 150
144 151
144 152
144 153
144 157
157 25
157 37
157 49
157 61
157 73
157 97
157 109
157 121
157 133
157 145
157 158
157 159
157 160
157 161
157 162
157 163
157 164
157 165
157 166
157 167
16 30
16 44
16 58
16 72
16 86
16 100
16 114
16 128
16 142
16 17
16 18
16 19
16 20
16 21
16 22
16 23
16 24
16 25
16 55
16 68
16 81
16 94
16 107
16 120
16 133
16 146
16 159
30 17
30 18
30 44
30 58
30 72
30 86
30 100
30 114
30 128
30 142
30 54
30 31
30 32
30 33
30 34
30 35
30 36
30 37
30 38
30 69
30 82
30 95
30 108
30 121
30 134
30 147
30 160
44 18
44 20
44 31
44 32
44 41
44 58
44 72
44 86
44 100
44 114
44 128
44 142
44 68
44 80
44 45
44 46
44 47
44 48
44 49
44 50
44 51
44 83
44 96
44 109
44 122
44 135
44 148
44 161
58 19
58 22
58 32
58 34
58 45
58 46
58 54
58 55
58 72
58 86
58 100
58 114
58 128
58 142
58 82
58 94
58 106
58 59
58 60
58 61
58 62
58 63
58 64
58 97
58 110
58 123
58 136
58 149
58 162
72 20
72 24
72 33
72 36
72 46
72 48
72 59
72 60
72 67
72 68
72 69
72 86
72 100
72 114
72 128
72 142
72 96
72 108
72 120
72 132
72 73
72 74
72 75
72 76
72 77
72 111
72 124
72 137
72 150
72 163
86 21
86 34
86 38
86 47
86 50
86 60
86 62
86 73
86 74
86 80
86 81
86 82
86 83
86 100
86 114
86 128
86 142
86 110
86 122
86 134
86 146
86 158
86 87
86 88
86 89
86 90
86 125
86 138
86 151
86 164
100 22
100 35
100 48
100 61
100 64
100 74
100 76
100 87
100 88
100 93
100 94
100 95
100 96
100 97
100 114
100 128
100 142
100 124
100 136
100 148
100 160
100 101
100 102
100 103
100 139
100 152
100 165
114 23
114 36
114 49
114 62
114 75
114 88
114 90
114 101
114 102
114 106
114 107
114 108
114 109
114 110
114 111
114 128
114 142
114 138
114 150
114 162
114 115
114 116
114 153
114 166
128 24
128 37
128 50
128 63
128 76
128 89
128 102
128 115
128 116
128 119
128 120
128 121
128 122
128 123
128 124
128 125
128 142
128 152
128 164
128 129
128 167
142 25
142 38
142 51
142 64
142 77
142 90
142 103
142 116
142 129
142 132
142 133
142 134
142 135
142 136
142 137
142 138
142 139
142 166
41 17
41 55
41 69
41 83
41 97
41 111
41 125
41 139
41 153
41 167
41 45
41 46
41 47
41 48
41 49
41 50
41 51
41 54
41 67
41 80
41 93
41 106
41 119
41 132
41 145
41 158
54 18
54 68
54 82
54 96
54 110
54 124
54 138
54 152
54 166
54 55
54 59
54 60
54 61
54 62
54 63
54 64
54 67
54 80
54 93
54 106
54 119
54 132
54 145
54 158
67 19
67 31
67 55
67 81
67 95
67 109
67 123
67 137
67 151
67 165
67 68
67 69
67 73
67 74
67 75
67 76
67 77
67 80
67 93
67 106
67 119
67 132
67 145
67 158
80 20
80 32
80 68
80 94
80 108
80 122
80 136
80 150
80 164
80 81
80 82
80 83
80 87
80 88
80 89
80 90
80 93
80 106
80 119
80 132
80 145
80 158
93 21
93 33
93 45
93 69
93 81
93 107
93 121
93 135
93 149
93 163
93 94
93 95
93 96
93 97
93 101
93 102
93 103
93 106
93 119
93 132
93 145
93 158
106 22
106 34
106 46
106 82
106 94
106 120
106 134
106 148
106 162
106 107
106 108
106 109
106 110
106 111
106 115
106 116
106 119
106 132
106 145
106 158
119 23
119 35
119 47
119 59
119 83
119 95
119 107
119 133
119 147
119 161
119 120
119 121
119 122
119 123
119 124
119 125
119 129
119 132
119 145
119 158
132 24
132 36
132 48
132 60
132 96
132 108
132 120
132 146
132 160
132 133
132 134
132 135
132 136
132 137
132 138
132 139
132 145
132 158
145 25
145 37
145 49
145 61
145 73
145 97
145 109
145 121
145 133
145 159
145 146
145 147
145 148
145 149
145 150
145 151
145 152
145 153
145 158
158 38
158 50
158 62
158 74
158 110
158 122
158 134
158 146
158 159
158 160
158 161
158 162
158 163
158 164
158 165
158 166
158 167
17 31
17 45
17 59
17 73
17 87
17 101
17 115
17 129
17 18
17 19
17 20
17 21
17 22
17 23
17 24
17 25
17 69
17 82
17 95
17 108
17 121
17 134
17 147
17 160
31 18
31 19
31 45
31 59
31 73
31 87
31 101
31 115
31 129
31 55
31 32
31 33
31 34
31 35
31 36
31 37
31 38
31 83
31 96
31 109
31 122
31 135
31 148
31 161
45 19
45 21
45 32
45 33
45 59
45 73
45 87
45 101
45 115
45 129
45 69
45 81
45 46
45 47
45 48
45 49
45 50
45 51
45 97
45 110
45 123
45 136
45 149
45 162
59 20
59 23
59 33
59 35
59 46
59 47
59 55
59 73
59 87
59 101
59 115
59 129
59 83
59 95
59 107
59 60
59 61
59 62
59 63
59 64
59 111
59 124
59 137
59 150
59 163
73 21
73 25
73 34
73 37
73 47
73 49
73 60
73 61
73 68
73 69
73 87
73 101
73 115
73 129
73 97
73 109
73 121
73 133
73 74
73 75
73 76
73 77
73 125
73 138
73 151
73 164
87 22
87 35
87 48
87 51
87 61
87 63
87 74
87 75
87 81
87 82
87 83
87 101
87 115
87 129
87 111
87 123
87 135
87 147
87 159
87 88
87 89
87 90
87 139
87 152
87 165
101 23
101 36
101 49
101 62
101 75
101 77
101 88
101 89
101 94
101 95
101 96
101 97
101 115
101 129
101 125
101 137
101 149
101 161
101 102
101 103
101 153
101 166
115 24
115 37
115 50
115 63
115 76
115 89
115 102
115 103
115 107
115 108
115 109
115 110
115 111
115 129
115 139
115 151
115 163
115 116
115 167
129 25
129 38
129 51
129 64
129 77
129 90
129 103
129 116
129 120
129 121
129 122
129 123
129 124
129 125
129 153
129 165
55 19
55 69
55 83
55 97
55 111
55 125
55 139
55 153
55 167
55 60
55 61
55 62
55 63
55 64
55 68
55 81
55 94
55 107
55 120
55 133
55 146
55 159
68 20
68 32
68 82
68 96
68 110
68 124
68 138
68 152
68 166
68 69
68 74
68 75
68 76
68 77
68 81
68 94
68 107
68 120
68 133
68 146
68 159
81 21
81 33
81 69
81 95
81 109
81 123
81 137
81 151
81 165
81 82
81 83
81 88
81 89
81 90
81 94
81 107
81 120
81 133
81 146
81 159
94 22
94 34
94 46
94 82
94 108
94 122
94 136
94 150
94 164
94 95
94 96
94 97
94 102
94 103
94 107
94 120
94 133
94 146
94 159
107 23
107 35
107 47
107 83
107 95
107 121
107 135
107 149
107 163
107 108
107 109
107 110
107 111
107 116
107 120
107 133
107 146
107 159
120 24
120 36
120 48
120 60
120 96
120 108
120 134
120 148
120 162
120 121
120 122
120 123
120 124
120 125
120 133
120 146
120 159
133 25
133 37
133 49
133 61
133 97
133 109
133 121
133 147
133 161
133 134
133 135
133 136
133 137
133 138
133 139
133 146
133 159
146 38
146 50
146 62
146 74
146 110
146 122
146 134
146 160
146 147
146 148
146 149
146 150
146 151
146 152
146 153
146 159
159 51
159 63
159 75
159 111
159 123
159 135
159 147
159 160
159 161
159 162
159 163
159 164
159 165
159 166
159 167
18 32
18 46
18 60
18 74
18 88
18 102
18 116
18 19
18 20
18 21
18 22
18 23
18 24
18 25
18 83
18 96
18 109
18 122
18 135
18 148
18 161
32 19
32 20
32 46
32 60
32 74
32 88
32 102
32 116
32 33
32 34
32 35
32 36
32 37
32 38
32 97
32 110
32 123
32 136
32 149
32 162
46 20
46 22
46 33
46 34
46 60
46 74
46 88
46 102
46 116
46 82
46 47
46 48
46 49
46 50
46 51
46 111
46 124
46 137
46 150
46 163
60 21
60 24
60 34
60 36
60 47
60 48
60 74
60 88
60 102
60 116
60 96
60 108
60 61
60 62
60 63
60 64
60 125
60 138
60 151
60 164
74 22
74 35
74 38
74 48
74 50
74 61
74 62
74 69
74 88
74 102
74 116
74 110
74 122
74 134
74 75
74 76
74 77
74 139
74 152
74 165
88 23
88 36
88 49
88 62
88 64
88 75
88 76
88 82
88 83
88 102
88 116
88 124
88 136
88 148
88 160
88 89
88 90
88 153
88 166
102 24
102 37
102 50
102 63
102 76
102 89
102 90
102 95
102 96
102 97
102 116
102 138
102 150
102 162
102 103
102 167
116 25
116 38
116 51
116 64
116 77
116 90
116 103
116 108
116 109
116 110
116 111
116 152
116 164
69 21
69 33
69 83
69 97
69 111
69 125
69 139
69 153
69 167
69 75
69 76
69 77
69 82
69 95
69 108
69 121
69 134
69 147
69 160
82 22
82 34
82 96
82 110
82 124
82 138
82 152
82 166
82 83
82 89
82 90
82 95
82 108
82 121
82 134
82 147
82 160
95 23
95 35
95 47
95 83
95 109
95 123
95 137
95 151
95 165
95 96
95 97
95 103
95 108
95 121
95 134
95 147
95 160
108 24
108 36
108 48
108 96
108 122
108 136
108 150
108 164
108 109
108 110
108 111
108 121
108 134
108 147
108 160
121 25
121 37
121 49
121 61
121 97
121 109
121 135
121 149
121 163
121 122
121 123
121 124
121 125
121 134
121 147
121 160
134 38
134 50
134 62
134 110
134 122
134 148
134 162
134 135
134 136
134 137
134 138
134 139
134 147
134 160
147 51
147 63
147 75
147 111
147 123
147 135
147 161
147 148
147 149
147 150
147 151
147 152
147 153
147 160
160 64
160 76
160 124
160 136
160 148
160 161
160 162
160 163
160 164
160 165
160 166
160 167
19 33
19 47
19 61
19 75
19 89
19 103
19 20
19 21
19 22
19 23
19 24
19 25
19 97
19 110
19 123
19 136
19 149
19 162
33 20
33 21
33 47
33 61
33 75
33 89
33 103
33 34
33 35
33 36
33 37
33 38
33 111
33 124
33 137
33 150
33 163
47 21
47 23
47 34
47 35
47 61
47 75
47 89
47 103
47 83
47 48
47 49
47 50
47 51
47 125
47 138
47 151
47 164
61 22
61 25
61 35
61 37
61 48
61 49
61 75
61 89
61 103
61 97
61 109
61 62
61 63
61 64
61 139
61 152
61 165
75 23
75 36
75 49
75 51
75 62
75 63
75 89
75 103
75 111
75 123
75 135
75 76
75 77
75 153
75 166
89 24
89 37
89 50
89 63
89 76
89 77
89 83
89 103
89 125
89 137
89 149
89 161
89 90
89 167
103 25
103 38
103 51
103 64
103 77
103 90
103 96
103 97
103 139
103 151
103 163
83 23
83 35
83 97
83 111
83 125
83 139
83 153
83 167
83 90
83 96
83 109
83 122
83 135
83 148
83 161
96 24
96 36
96 48
96 110
96 124
96 138
96 152
96 166
96 97
96 109
96 122
96 135
96 148
96 161
109 25
109 37
109 49
109 97
109 123
109 137
109 151
109 165
109 110
109 111
109 122
109 135
109 148
109 161
122 38
122 50
122 62
122 110
122 136
122 150
122 164
122 123
122 124
122 125
122 135
122 148
122 161
135 51
135 63
135 111
135 123
135 149
135 163
135 136
135 137
135 138
135 139
135 148
135 161
148 64
148 76
148 124
148 136
148 162
148 149
148 150
148 151
148 152
148 153
148 161
161 77
161 125
161 137
161 149
161 162
161 163
161 164
161 165
161 166
161 167
20 34
20 48
20 62
20 76
20 90
20 21
20 22
20 23
20 24
20 25
20 111
20 124
20 137
20 150
20 163
34 21
34 22
34 48
34 62
34 76
34 90
34 35
34 36
34 37
34 38
34 125
34 138
34 151
34 164
48 22
48 24
48 35
48 36
48 62
48 76
48 90
48 49
48 50
48 51
48 139
48 152
48 165
62 23
62 36
62 38
62 49
62 50
62 76
62 90
62 110
62 63
62 64
62 153
62 166
76 24
76 37
76 50
76 63
76 64
76 90
76 124
76 136
76 77
76 167
90 25
90 38
90 51
90 64
90 77
90 138
90 150
90 162
97 25
97 37
97 49
97 111
97 125
97 139
97 153
97 167
97 110
97 123
97 136
97 149
97 162
110 38
110 50
110 124
110 138
110 152
110 166
110 111
110 123
110 136
110 149
110 162
123 51
123 63
123 111
123 137
123 151
123 165
123 124
123 125
123 136
123 149
123 162
136 64
136 124
136 150
136 164
136 137
136 138
136 139
136 149
136 162
149 77
149 125
149 137
149 163
149 150
149 151
149 152
149 153
149 162
162 138
162 150
162 163
162 164
162 165
162 166
162 167
21 35
21 49
21 63
21 77
21 22
21 23
21 24
21 25
21 125
21 138
21 151
21 164
35 22
35 23
35 49
35 63
35 77
35 36
35 37
35 38
35 139
35 152
35 165
49 23
49 25
49 36
49 37
49 63
49 77
49 50
49 51
49 153
49 166
63 24
63 37
63 50
63 51
63 77
63 111
63 64
63 167
77 25
77 38
77 51
77 64
77 125
77 137
111 51
111 125
111 139
111 153
111 167
111 124
111 137
111 150
111 163
124 64
124 138
124 152
124 166
124 125
124 137
124 150
124 163
137 125
137 151
137 165
137 138
137 139
137 150
137 163
150 138
150 164
150 151
150 152
150 153
150 163
163 139
163 151
163 164
163 165
163 166
163 167
22 36
22 50
22 64
22 23
22 24
22 25
22 139
22 152
22 165
36 23
36 24
36 50
36 64
36 37
36 38
36 153
36 166
50 24
50 37
50 38
50 64
50 51
50 167
64 25
64 38
64 51
125 139
125 153
125 167
125 138
125 151
125 164
138 152
138 166
138 139
138 151
138 164
151 139
151 165
151 152
151 153
151 164
164 152
164 165
164 166
164 167
23 37
23 51
23 24
23 25
23 153
23 166
37 24
37 25
37 51
37 38
37 167
51 25
51 38
139 153
139 167
139 152
139 165
152 166
152 153
152 165
165 153
165 166
165 167
24 38
24 25
24 167
38 25
153 167
153 166
166 167
