81 1056
0 10
0 20
0 30
0 40
0 50
0 60
0 70
0 80
0 1
0 2
0 3
0 4
0 5
0 6
0 7
0 8
0 9
0 18
0 27
0 36
0 45
0 54
0 63
0 72
10 1
10 2
10 9
10 20
10 30
10 40
10 50
10 60
10 70
10 80
10 18
10 11
10 12
10 13
10 14
10 15
10 16
10 17
10 19
10 28
10 37
10 46
10 55
10 64
10 73
20 2
20 4
20 11
20 12
20 18
20 19
20 30
20 40
20 50
20 60
20 70
20 80
20 28
20 36
20 21
20 22
20 23
20 24
20 25
20 26
20 29
20 38
20 47
20 56
20 65
20 74
30 3
30 6
30 12
30 14
30 21
30 22
30 27
30 28
30 29
30 40
30 50
30 60
30 70
30 80
30 38
30 46
30 54
30 31
30 32
30 33
30 34
30 35
30 39
30 48
30 57
30 66
30 75
40 4
40 8
40 13
40 16
40 22
40 24
40 31
40 32
40 36
40 37
40 38
40 39
40 50
40 60
40 70
40 80
40 48
40 56
40 64
40 72
40 41
40 42
40 43
40 44
40 49
40 58
40 67
40 76
50 5
50 14
50 23
50 26
50 32
50 34
50 41
50 42
50 45
50 46
50 47
50 48
50 49
50 60
50 70
50 80
50 58
50 66
50 74
50 51
50 52
50 53
50 59
50 68
50 77
60 6
60 15
60 24
60 33
60 42
60 44
60 51
60 52
60 54
60 55
60 56
60 57
60 58
60 59
60 70
60 80
60 68
60 76
60 61
60 62
60 69
60 78
70 7
70 16
70 25
70 34
70 43
70 52
70 61
70 62
70 63
70 64
70 65
70 66
70 67
70 68
70 69
70 80
70 78
70 71
70 79
80 8
80 17
80 26
80 35
80 44
80 53
80 62
80 71
80 72
80 73
80 74
80 75
80 76
80 77
80 78
80 79
1 11
1 21
1 31
1 41
1 51
1 61
1 71
1 9
1 2
1 3
1 4
1 5
1 6
1 7
1 8
1 19
1 28
1 37
1 46
1 55
1 64
1 73
2 12
2 22
2 32
2 42
2 52
2 62
2 18
2 3
2 4
2 5
2 6
2 7
2 8
2 11
2 29
2 38
2 47
2 56
2 65
2 74
3 13
3 23
3 33
3 43
3 53
3 11
3 19
3 27
3 4
3 5
3 6
3 7
3 8
3 12
3 21
3 39
3 48
3 57
3 66
3 75
4 14
4 24
4 34
4 44
4 12
4 28
4 36
4 5
4 6
4 7
4 8
4 13
4 22
4 31
4 49
4 58
4 67
4 76
5 15
5 25
5 35
5 13
5 21
5 29
5 37
5 45
5 6
5 7
5 8
5 14
5 23
5 32
5 41
5 59
5 68
5 77
6 16
6 26
6 14
6 22
6 38
6 46
6 54
6 7
6 8
6 15
6 24
6 33
6 42
6 51
6 69
6 78
7 17
7 15
7 23
7 31
7 39
7 47
7 55
7 63
7 8
7 16
7 25
7 34
7 43
7 52
7 61
7 79
8 16
8 24
8 32
8 48
8 56
8 64
8 72
8 17
8 26
8 35
8 44
8 53
8 62
8 71
9 19
9 29
9 39
9 49
9 59
9 69
9 79
9 11
9 12
9 13
9 14
9 15
9 16
9 17
9 18
9 27
9 36
9 45
9 54
9 63
9 72
18 28
18 38
18 48
18 58
18 68
18 78
18 19
18 21
18 22
18 23
18 24
18 25
18 26
18 27
18 36
18 45
18 54
18 63
18 72
27 11
27 19
27 37
27 47
27 57
27 67
27 77
27 28
27 29
27 31
27 32
27 33
27 34
27 35
27 36
27 45
27 54
27 63
27 72
36 12
36 28
36 46
36 56
36 66
36 76
36 37
36 38
36 39
36 41
36 42
36 43
36 44
36 45
36 54
36 63
36 72
45 13
45 21
45 29
45 37
45 55
45 65
45 75
45 46
45 47
45 48
45 49
45 51
45 52
45 53
45 54
45 63
45 72
54 14
54 22
54 38
54 46
54 64
54 74
54 55
54 56
54 57
54 58
54 59
54 61
54 62
54 63
54 72
63 15
63 23
63 31
63 39
63 47
63 55
63 73
63 64
63 65
63 66
63 67
63 68
63 69
63 71
63 72
72 16
72 24
72 32
72 48
72 56
72 64
72 73
72 74
72 75
72 76
72 77
72 78
72 79
11 21
11 31
11 41
11 51
11 61
11 71
11 19
11 12
11 13
11 14
11 15
11 16
11 17
11 29
11 38
11 47
11 56
11 65
11 74
21 12
21 13
21 19
21 31
21 41
21 51
21 61
21 71
21 29
21 37
21 22
21 23
21 24
21 25
21 26
21 39
21 48
21 57
21 66
21 75
31 13
31 15
31 22
31 23
31 28
31 29
31 41
31 51
31 61
31 71
31 39
31 47
31 55
31 32
31 33
31 34
31 35
31 49
31 58
31 67
31 76
41 14
41 17
41 23
41 25
41 32
41 33
41 37
41 38
41 39
41 51
41 61
41 71
41 49
41 57
41 65
41 73
41 42
41 43
41 44
41 59
41 68
41 77
51 15
51 24
51 33
51 35
51 42
51 43
51 46
51 47
51 48
51 49
51 61
51 71
51 59
51 67
51 75
51 52
51 53
51 69
51 78
61 16
61 25
61 34
61 43
61 52
61 53
61 55
61 56
61 57
61 58
61 59
61 71
61 69
61 77
61 62
61 79
71 17
71 26
71 35
71 44
71 53
71 62
71 64
71 65
71 66
71 67
71 68
71 69
71 79
19 29
19 39
19 49
19 59
19 69
19 79
19 22
19 23
19 24
19 25
19 26
19 28
19 37
19 46
19 55
19 64
19 73
28 12
28 38
28 48
28 58
28 68
28 78
28 29
28 32
28 33
28 34
28 35
28 37
28 46
28 55
28 64
28 73
37 13
37 29
37 47
37 57
37 67
37 77
37 38
37 39
37 42
37 43
37 44
37 46
37 55
37 64
37 73
46 14
46 22
46 38
46 56
46 66
46 76
46 47
46 48
46 49
46 52
46 53
46 55
46 64
46 73
55 15
55 23
55 39
55 47
55 65
55 75
55 56
55 57
55 58
55 59
55 62
55 64
55 73
64 16
64 24
64 32
64 48
64 56
64 74
64 65
64 66
64 67
64 68
64 69
64 73
73 17
73 25
73 33
73 49
73 57
73 65
73 74
73 75
73 76
73 77
73 78
73 79
12 22
12 32
12 42
12 52
12 62
12 13
12 14
12 15
12 16
12 17
12 39
12 48
12 57
12 66
12 75
22 13
22 14
22 32
22 42
22 52
22 62
22 38
22 23
22 24
22 25
22 26
22 49
22 58
22 67
22 76
32 14
32 16
32 23
32 24
32 29
32 42
32 52
32 62
32 48
32 56
32 33
32 34
32 35
32 59
32 68
32 77
42 15
42 24
42 26
42 33
42 34
42 38
42 39
42 52
42 62
42 58
42 66
42 74
42 43
42 44
42 69
42 78
52 16
52 25
52 34
52 43
52 44
52 47
52 48
52 49
52 62
52 68
52 76
52 53
52 79
62 17
62 26
62 35
62 44
62 53
62 56
62 57
62 58
62 59
62 78
29 13
29 39
29 49
29 59
29 69
29 79
29 33
29 34
29 35
29 38
29 47
29 56
29 65
29 74
38 14
38 48
38 58
38 68
38 78
38 39
38 43
38 44
38 47
38 56
38 65
38 74
47 15
47 23
47 39
47 57
47 67
47 77
47 48
47 49
47 53
47 56
47 65
47 74
56 16
56 24
56 48
56 66
56 76
56 57
56 58
56 59
56 65
56 74
65 17
65 25
65 33
65 49
65 57
65 75
65 66
65 67
65 68
65 69
65 74
74 26
74 34
74 58
74 66
74 75
74 76
74 77
74 78
74 79
13 23
13 33
13 43
13 53
13 14
13 15
13 16
13 17
13 49
13 58
13 67
13 76
23 14
23 15
23 33
23 43
23 53
23 39
23 24
23 25
23 26
23 59
23 68
23 77
33 15
33 17
33 24
33 25
33 43
33 53
33 49
33 57
33 34
33 35
33 69
33 78
43 16
43 25
43 34
43 35
43 39
43 53
43 59
43 67
43 75
43 44
43 79
53 17
53 26
53 35
53 44
53 48
53 49
53 69
53 77
39 15
39 49
39 59
39 69
39 79
39 44
39 48
39 57
39 66
39 75
48 16
48 24
48 58
48 68
48 78
48 49
48 57
48 66
48 75
57 17
57 25
57 49
57 67
57 77
57 58
57 59
57 66
57 75
66 26
66 34
66 58
66 76
66 67
66 68
66 69
66 75
75 35
75 59
75 67
75 76
75 77
75 78
75 79
14 24
14 34
14 44
14 15
14 16
14 17
14 59
14 68
14 77
24 15
24 16
24 34
24 44
24 25
24 26
24 69
24 78
34 16
34 25
34 26
34 44
34 58
34 35
34 79
44 17
44 26
44 35
44 68
44 76
49 17
49 25
49 59
49 69
49 79
49 58
49 67
49 76
58 26
58 68
58 78
58 59
58 67
58 76
67 35
67 59
67 77
67 68
67 69
67 76
76 68
76 77
76 78
76 79
15 25
15 35
15 16
15 17
15 69
15 78
25 16
25 17
25 35
25 26
25 79
35 17
35 26
35 59
59 69
59 79
59 68
59 77
68 78
68 69
68 77
77 69
77 78
77 79
16 26
16 17
16 79
26 17
69 79
69 78
78 79
