126 4100
0 1
0 2
0 3
0 4
0 5
0 6
0 7
0 8
0 9
0 10
0 11
0 12
0 13
0 14
0 15
0 32
0 33
0 34
0 35
0 36
0 37
0 38
0 39
0 40
0 41
0 42
0 43
0 44
0 45
0 46
0 55
0 56
0 57
0 58
0 59
0 60
0 61
0 62
0 63
0 65
0 67
0 70
0 71
0 72
0 73
0 74
0 76
0 77
0 78
0 79
0 80
0 81
0 82
0 83
0 84
0 85
0 86
0 87
0 88
0 89
0 90
0 91
0 92
0 93
0 94
0 95
0 96
0 97
0 98
0 99
0 100
0 101
0 102
0 103
0 104
0 105
0 106
0 107
0 108
0 109
0 110
0 111
0 112
0 113
0 114
0 115
0 116
0 117
0 118
0 119
0 120
0 121
0 122
0 123
0 124
0 125
0 69
0 68
0 66
0 64
0 54
0 53
0 52
0 51
0 50
0 49
0 48
0 47
0 75
1 2
1 3
1 4
1 5
1 6
1 7
1 8
1 9
1 10
1 11
1 12
1 13
1 14
1 15
1 32
1 33
1 34
1 35
1 36
1 37
1 38
1 39
1 40
1 41
1 42
1 43
1 44
1 45
1 46
1 55
1 56
1 57
1 58
1 59
1 60
1 61
1 62
1 63
1 65
1 67
1 70
1 71
1 72
1 73
1 74
1 76
1 77
1 78
1 79
1 80
1 81
1 82
1 83
1 84
1 85
1 86
1 87
1 88
1 89
1 90
1 91
1 92
1 93
1 94
1 95
1 96
1 97
1 98
1 99
1 100
1 101
1 102
1 103
1 104
1 105
1 106
1 107
1 108
1 109
1 110
1 111
1 112
1 113
1 114
1 115
1 116
1 117
1 118
1 119
1 120
1 121
1 122
1 123
1 124
1 125
1 69
1 68
1 66
1 64
1 54
1 53
1 52
1 51
1 50
1 49
1 48
1 47
1 75
2 3
2 4
2 5
2 6
2 7
2 8
2 9
2 10
2 11
2 12
2 13
2 14
2 15
2 32
2 33
2 34
2 35
2 36
2 37
2 38
2 39
2 40
2 41
2 42
2 43
2 44
2 45
2 46
2 55
2 56
2 57
2 58
2 59
2 60
2 61
2 62
2 63
2 65
2 67
2 70
2 71
2 72
2 73
2 74
2 76
2 77
2 78
2 79
2 80
2 81
2 82
2 83
2 84
2 85
2 86
2 87
2 88
2 89
2 90
2 91
2 92
2 93
2 94
2 95
2 96
2 97
2 98
2 99
2 100
2 101
2 102
2 103
2 104
2 105
2 106
2 107
2 108
2 109
2 110
2 111
2 112
2 113
2 114
2 115
2 116
2 117
2 118
2 119
2 120
2 121
2 122
2 123
2 124
2 125
2 69
2 68
2 66
2 64
2 54
2 53
2 52
2 51
2 50
2 49
2 48
2 47
2 75
3 4
3 5
3 6
3 7
3 8
3 9
3 10
3 11
3 12
3 13
3 14
3 15
3 32
3 33
3 34
3 35
3 36
3 37
3 38
3 39
3 40
3 41
3 42
3 43
3 44
3 45
3 46
3 55
3 56
3 57
3 58
3 59
3 60
3 61
3 62
3 63
3 65
3 67
3 70
3 71
3 72
3 73
3 74
3 76
3 77
3 78
3 79
3 80
3 81
3 82
3 83
3 84
3 85
3 86
3 87
3 88
3 89
3 90
3 91
3 92
3 93
3 94
3 95
3 96
3 97
3 98
3 99
3 100
3 101
3 102
3 103
3 104
3 105
3 106
3 107
3 108
3 109
3 110
3 111
3 112
3 113
3 114
3 115
3 116
3 117
3 118
3 119
3 120
3 121
3 122
3 123
3 124
3 125
4 5
4 6
4 7
4 8
4 9
4 10
4 11
4 12
4 13
4 14
4 15
4 32
4 33
4 34
4 35
4 36
4 37
4 38
4 39
4 40
4 41
4 42
4 43
4 44
4 45
4 46
4 55
4 56
4 57
4 58
4 59
4 60
4 61
4 62
4 63
4 65
4 67
4 70
4 71
4 72
4 73
4 74
4 76
4 77
4 78
4 79
4 80
4 81
4 82
4 83
4 84
4 85
4 86
4 87
4 88
4 89
4 90
4 91
4 92
4 93
4 94
4 95
4 96
4 97
4 98
4 99
4 100
4 101
4 102
4 103
4 104
4 105
4 106
4 107
4 108
4 109
4 110
4 111
4 112
4 113
4 114
4 115
4 116
4 117
4 118
4 119
4 120
4 121
4 122
4 123
4 124
4 125
4 47
5 6
5 7
5 8
5 9
5 10
5 11
5 12
5 13
5 14
5 15
5 32
5 33
5 34
5 35
5 36
5 37
5 38
5 39
5 40
5 41
5 42
5 43
5 44
5 45
5 46
5 55
5 56
5 57
5 58
5 59
5 60
5 61
5 62
5 63
5 65
5 67
5 70
5 71
5 72
5 73
5 74
5 76
5 77
5 78
5 79
5 80
5 81
5 82
5 83
5 84
5 85
5 86
5 87
5 88
5 89
5 90
5 91
5 92
5 93
5 94
5 95
5 96
5 97
5 98
5 99
5 100
5 101
5 102
5 103
5 104
5 105
5 106
5 107
5 108
5 109
5 110
5 111
5 112
5 113
5 114
5 115
5 116
5 117
5 118
5 119
5 120
5 121
5 122
5 123
5 124
5 125
5 48
5 47
6 7
6 8
6 9
6 10
6 11
6 12
6 13
6 14
6 15
6 32
6 33
6 34
6 35
6 36
6 37
6 38
6 39
6 40
6 41
6 42
6 43
6 44
6 45
6 46
6 55
6 56
6 57
6 58
6 59
6 60
6 61
6 62
6 63
6 65
6 67
6 70
6 71
6 72
6 73
6 74
6 76
6 77
6 78
6 79
6 80
6 81
6 82
6 83
6 84
6 85
6 86
6 87
6 88
6 89
6 90
6 91
6 92
6 93
6 94
6 95
6 96
6 97
6 98
6 99
6 100
6 101
6 102
6 103
6 104
6 105
6 106
6 107
6 108
6 109
6 110
6 111
6 112
6 113
6 114
6 115
6 116
6 117
6 118
6 119
6 120
6 121
6 122
6 123
6 124
6 125
6 49
6 48
6 47
7 8
7 9
7 10
7 11
7 12
7 13
7 14
7 15
7 32
7 33
7 34
7 35
7 36
7 37
7 38
7 39
7 40
7 41
7 42
7 43
7 44
7 45
7 46
7 55
7 56
7 57
7 58
7 59
7 60
7 61
7 62
7 63
7 65
7 67
7 70
7 71
7 72
7 73
7 74
7 76
7 77
7 78
7 79
7 80
7 81
7 82
7 83
7 84
7 85
7 86
7 87
7 88
7 89
7 90
7 91
7 92
7 93
7 94
7 95
7 96
7 97
7 98
7 99
7 100
7 101
7 102
7 103
7 104
7 105
7 106
7 107
7 108
7 109
7 110
7 111
7 112
7 113
7 114
7 115
7 116
7 117
7 118
7 119
7 120
7 121
7 122
7 123
7 124
7 125
7 50
7 49
7 48
7 47
8 9
8 10
8 11
8 12
8 13
8 14
8 15
8 32
8 33
8 34
8 35
8 36
8 37
8 38
8 39
8 40
8 41
8 42
8 43
8 44
8 45
8 46
8 55
8 56
8 57
8 58
8 59
8 60
8 61
8 62
8 63
8 65
8 67
8 70
8 71
8 72
8 73
8 74
8 76
8 77
8 78
8 79
8 80
8 81
8 82
8 83
8 84
8 85
8 86
8 87
8 88
8 89
8 90
8 91
8 92
8 93
8 94
8 95
8 96
8 97
8 98
8 99
8 100
8 101
8 102
8 103
8 104
8 105
8 106
8 107
8 108
8 109
8 110
8 111
8 112
8 113
8 114
8 115
8 116
8 117
8 118
8 119
8 120
8 121
8 122
8 123
8 124
8 125
8 51
8 50
8 49
8 48
8 47
9 10
9 11
9 12
9 13
9 14
9 15
9 32
9 33
9 34
9 35
9 36
9 37
9 38
9 39
9 40
9 41
9 42
9 43
9 44
9 45
9 46
9 55
9 56
9 57
9 58
9 59
9 60
9 61
9 62
9 63
9 65
9 67
9 70
9 71
9 72
9 73
9 74
9 76
9 77
9 78
9 79
9 80
9 81
9 82
9 83
9 84
9 85
9 86
9 87
9 88
9 89
9 90
9 91
9 92
9 93
9 94
9 95
9 96
9 97
9 98
9 99
9 100
9 101
9 102
9 103
9 104
9 105
9 106
9 107
9 108
9 109
9 110
9 111
9 112
9 113
9 114
9 115
9 116
9 117
9 118
9 119
9 120
9 121
9 122
9 123
9 124
9 125
9 52
9 51
9 50
9 49
9 48
9 47
10 11
10 12
10 13
10 14
10 15
10 32
10 33
10 34
10 35
10 36
10 37
10 38
10 39
10 40
10 41
10 42
10 43
10 44
10 45
10 46
10 55
10 56
10 57
10 58
10 59
10 60
10 61
10 62
10 63
10 65
10 67
10 70
10 71
10 72
10 73
10 74
10 76
10 77
10 78
10 79
10 80
10 81
10 82
10 83
10 84
10 85
10 86
10 87
10 88
10 89
10 90
10 91
10 92
10 93
10 94
10 95
10 96
10 97
10 98
10 99
10 100
10 101
10 102
10 103
10 104
10 105
10 106
10 107
10 108
10 109
10 110
10 111
10 112
10 113
10 114
10 115
10 116
10 117
10 118
10 119
10 120
10 121
10 122
10 123
10 124
10 125
10 54
10 53
10 52
10 51
10 50
10 49
10 48
10 47
10 69
10 68
10 66
10 64
10 75
11 12
11 13
11 14
11 15
11 32
11 33
11 34
11 35
11 36
11 37
11 38
11 39
11 40
11 41
11 42
11 43
11 44
11 45
11 46
11 55
11 56
11 57
11 58
11 59
11 60
11 61
11 62
11 63
11 65
11 67
11 70
11 71
11 72
11 73
11 74
11 76
11 77
11 78
11 79
11 80
11 81
11 82
11 83
11 84
11 85
11 86
11 87
11 88
11 89
11 90
11 91
11 92
11 93
11 94
11 95
11 96
11 97
11 98
11 99
11 100
11 101
11 102
11 103
11 104
11 105
11 106
11 107
11 108
11 109
11 110
11 111
11 112
11 113
11 114
11 115
11 116
11 117
11 118
11 119
11 120
11 121
11 122
11 123
11 124
11 125
11 64
11 54
11 53
11 52
11 51
11 50
11 49
11 48
11 47
11 69
11 68
11 66
11 75
12 13
12 14
12 15
12 32
12 33
12 34
12 35
12 36
12 37
12 38
12 39
12 40
12 41
12 42
12 43
12 44
12 45
12 46
12 55
12 56
12 57
12 58
12 59
12 60
12 61
12 62
12 63
12 65
12 67
12 70
12 71
12 72
12 73
12 74
12 76
12 77
12 78
12 79
12 80
12 81
12 82
12 83
12 84
12 85
12 86
12 87
12 88
12 89
12 90
12 91
12 92
12 93
12 94
12 95
12 96
12 97
12 98
12 99
12 100
12 101
12 102
12 103
12 104
12 105
12 106
12 107
12 108
12 109
12 110
12 111
12 112
12 113
12 114
12 115
12 116
12 117
12 118
12 119
12 120
12 121
12 122
12 123
12 124
12 125
12 66
12 64
12 54
12 53
12 52
12 51
12 50
12 49
12 48
12 47
12 69
12 68
12 75
13 14
13 15
13 32
13 33
13 34
13 35
13 36
13 37
13 38
13 39
13 40
13 41
13 42
13 43
13 44
13 45
13 46
13 55
13 56
13 57
13 58
13 59
13 60
13 61
13 62
13 63
13 65
13 67
13 70
13 71
13 72
13 73
13 74
13 76
13 77
13 78
13 79
13 80
13 81
13 82
13 83
13 84
13 85
13 86
13 87
13 88
13 89
13 90
13 91
13 92
13 93
13 94
13 95
13 96
13 97
13 98
13 99
13 100
13 101
13 102
13 103
13 104
13 105
13 106
13 107
13 108
13 109
13 110
13 111
13 112
13 113
13 114
13 115
13 116
13 117
13 118
13 119
13 120
13 121
13 122
13 123
13 124
13 125
13 68
13 66
13 64
13 54
13 53
13 52
13 51
13 50
13 49
13 48
13 47
13 69
13 75
14 15
14 32
14 33
14 34
14 35
14 36
14 37
14 38
14 39
14 40
14 41
14 42
14 43
14 44
14 45
14 46
14 55
14 56
14 57
14 58
14 59
14 60
14 61
14 62
14 63
14 65
14 67
14 70
14 71
14 72
14 73
14 74
14 76
14 77
14 78
14 79
14 80
14 81
14 82
14 83
14 84
14 85
14 86
14 87
14 88
14 89
14 90
14 91
14 92
14 93
14 94
14 95
14 96
14 97
14 98
14 99
14 100
14 101
14 102
14 103
14 104
14 105
14 106
14 107
14 108
14 109
14 110
14 111
14 112
14 113
14 114
14 115
14 116
14 117
14 118
14 119
14 120
14 121
14 122
14 123
14 124
14 125
14 69
14 68
14 66
14 64
14 75
14 54
14 53
14 52
14 51
14 50
14 49
14 48
14 47
15 32
15 33
15 34
15 35
15 36
15 37
15 38
15 39
15 40
15 41
15 42
15 43
15 44
15 45
15 46
15 55
15 56
15 57
15 58
15 59
15 60
15 61
15 62
15 63
15 65
15 67
15 70
15 71
15 72
15 73
15 74
15 76
15 77
15 78
15 79
15 80
15 81
15 82
15 83
15 84
15 85
15 86
15 87
15 88
15 89
15 90
15 91
15 92
15 93
15 94
15 95
15 96
15 97
15 98
15 99
15 100
15 101
15 102
15 103
15 104
15 105
15 106
15 107
15 108
15 109
15 110
15 111
15 112
15 113
15 114
15 115
15 116
15 117
15 118
15 119
15 120
15 121
15 122
15 123
15 124
15 125
15 53
15 52
15 51
15 50
15 49
15 48
15 47
15 69
15 68
15 66
15 64
15 75
15 54
32 16
32 26
32 27
32 28
32 29
32 30
32 31
32 76
32 39
32 38
32 33
32 72
32 71
32 70
32 67
32 63
32 62
32 61
32 60
32 59
32 58
32 57
32 56
32 55
32 37
32 43
32 36
32 35
32 40
32 78
32 77
32 45
32 44
32 125
32 85
32 84
32 83
32 82
32 46
32 81
32 80
32 88
32 87
32 86
32 94
32 93
32 92
32 96
32 95
32 90
32 89
32 34
32 65
32 91
32 79
33 16
33 26
33 27
33 28
33 29
33 30
33 31
33 76
33 39
33 38
33 72
33 71
33 70
33 65
33 63
33 62
33 61
33 60
33 59
33 58
33 57
33 56
33 55
33 37
33 43
33 36
33 35
33 40
33 34
33 78
33 77
33 45
33 44
33 125
33 85
33 84
33 83
33 82
33 46
33 81
33 80
33 88
33 87
33 86
33 94
33 93
33 92
33 96
33 95
33 42
33 124
33 123
33 122
33 41
33 121
33 120
33 119
33 118
33 117
33 116
33 115
33 114
33 113
33 112
33 111
33 106
33 105
33 104
33 103
33 102
33 101
33 100
33 99
33 110
33 109
33 108
33 107
33 90
33 89
33 67
33 91
33 98
33 97
33 79
34 16
34 26
34 27
34 28
34 29
34 30
34 31
34 43
34 36
34 35
34 40
34 71
34 39
34 72
34 76
34 38
34 70
34 67
34 65
34 63
34 62
34 61
34 60
34 59
34 58
34 57
34 56
34 55
34 78
34 77
34 45
34 44
34 125
34 85
34 84
34 83
34 82
34 46
34 81
34 80
34 88
34 87
34 86
34 94
34 93
34 92
34 96
34 95
34 42
34 124
34 123
34 122
34 41
34 121
34 120
34 119
34 118
34 117
34 116
34 115
34 114
34 113
34 112
34 111
34 106
34 105
34 104
34 103
34 102
34 101
34 100
34 99
34 110
34 109
34 108
34 107
34 90
34 89
34 91
34 98
34 97
34 79
35 16
35 26
35 27
35 28
35 29
35 30
35 31
35 43
35 72
35 71
35 40
35 39
35 38
35 76
35 70
35 67
35 65
35 63
35 62
35 61
35 60
35 59
35 58
35 57
35 56
35 55
35 78
35 77
35 45
35 44
35 125
35 85
35 84
35 83
35 82
35 46
35 81
35 80
35 88
35 87
35 86
35 94
35 93
35 92
35 96
35 95
35 42
35 124
35 123
35 122
35 41
35 121
35 120
35 119
35 118
35 117
35 116
35 115
35 114
35 113
35 112
35 111
35 106
35 105
35 104
35 103
35 102
35 101
35 100
35 99
35 110
35 109
35 108
35 107
35 36
35 90
35 89
35 91
35 98
35 97
35 79
36 16
36 26
36 27
36 28
36 29
36 30
36 31
36 43
36 72
36 71
36 40
36 39
36 38
36 76
36 70
36 67
36 65
36 63
36 62
36 61
36 60
36 59
36 58
36 57
36 56
36 55
36 78
36 77
36 45
36 44
36 125
36 85
36 84
36 83
36 82
36 46
36 81
36 80
36 88
36 87
36 86
36 94
36 93
36 92
36 96
36 95
36 42
36 124
36 123
36 122
36 41
36 121
36 120
36 119
36 118
36 117
36 116
36 115
36 114
36 113
36 112
36 111
36 106
36 105
36 104
36 103
36 102
36 101
36 100
36 99
36 90
36 89
36 91
36 98
36 97
36 79
37 16
37 26
37 27
37 28
37 29
37 30
37 31
37 72
37 70
37 67
37 65
37 63
37 62
37 61
37 60
37 59
37 58
37 57
37 56
37 55
37 74
37 73
37 71
37 39
37 38
38 16
38 26
38 27
38 28
38 29
38 30
38 31
38 76
38 39
38 72
38 71
38 70
38 67
38 65
38 63
38 62
38 61
38 60
38 59
38 58
38 57
38 56
38 55
38 43
38 78
38 77
38 45
38 44
38 125
38 85
38 84
38 83
38 82
38 46
38 81
38 80
38 88
38 87
38 86
38 94
38 93
38 92
38 96
38 95
38 113
38 112
38 111
38 90
38 89
38 40
38 91
38 79
39 16
39 26
39 76
39 72
39 71
39 70
39 67
39 65
39 63
39 62
39 61
39 60
39 59
39 58
39 57
39 56
39 55
39 43
39 40
39 78
39 77
39 45
39 44
39 125
39 85
39 84
39 83
39 82
39 46
39 81
39 80
39 88
39 87
39 86
39 94
39 93
39 92
39 96
39 95
39 42
39 124
39 123
39 122
39 41
39 121
39 120
39 119
39 118
39 117
39 116
39 115
39 114
39 113
39 112
39 111
39 106
39 105
39 104
39 103
39 102
39 101
39 100
39 99
39 110
39 109
39 108
39 107
39 91
39 98
39 97
39 79
40 16
40 26
40 27
40 28
40 29
40 30
40 31
40 43
40 71
40 72
40 76
40 70
40 67
40 65
40 63
40 62
40 61
40 60
40 59
40 58
40 57
40 56
40 55
40 78
40 77
40 45
40 44
40 125
40 85
40 84
40 83
40 82
40 46
40 81
40 80
40 88
40 87
40 86
40 94
40 93
40 92
40 96
40 95
40 42
40 124
40 123
40 122
40 41
40 121
40 120
40 119
40 118
40 117
40 116
40 115
40 114
40 113
40 112
40 111
40 106
40 105
40 104
40 103
40 102
40 101
40 100
40 99
40 110
40 109
40 108
40 107
40 90
40 89
40 91
40 98
40 97
40 79
41 16
41 26
41 42
41 124
41 123
41 122
41 112
41 119
41 114
41 95
41 76
41 43
41 72
41 71
41 80
41 86
41 83
41 46
41 70
41 67
41 65
41 63
41 62
41 61
41 60
41 59
41 58
41 57
41 56
41 55
41 97
42 16
42 26
42 86
42 95
42 76
42 43
42 72
42 71
42 80
42 83
42 46
42 70
42 67
42 65
42 63
42 62
42 61
42 60
42 59
42 58
42 57
42 56
42 55
42 106
42 105
42 104
42 103
42 102
42 101
42 100
42 99
42 110
42 109
42 108
42 107
43 16
43 26
43 27
43 28
43 29
43 30
43 31
43 76
43 72
43 71
43 70
43 67
43 65
43 63
43 62
43 61
43 60
43 59
43 58
43 57
43 56
43 55
43 77
43 88
43 87
43 86
43 80
43 83
43 46
43 94
43 93
43 92
43 96
43 95
43 124
43 123
43 122
43 121
43 120
43 119
43 118
43 117
43 116
43 115
43 114
43 113
43 112
43 111
43 106
43 105
43 104
43 103
43 102
43 101
43 100
43 99
43 110
43 109
43 108
43 107
43 90
43 89
43 91
43 98
43 97
44 16
44 26
44 45
44 76
44 72
44 71
44 70
44 67
44 65
44 63
44 62
44 61
44 60
44 59
44 58
44 57
44 56
44 55
44 81
44 80
45 16
45 26
45 76
45 72
45 71
45 70
45 67
45 65
45 63
45 62
45 61
45 60
45 59
45 58
45 57
45 56
45 55
45 82
45 46
45 81
45 80
46 16
46 26
46 85
46 84
46 83
46 82
46 72
46 71
46 80
46 76
46 70
46 67
46 65
46 63
46 62
46 61
46 60
46 59
46 58
46 57
46 56
46 55
46 88
46 87
46 86
46 94
46 93
46 92
46 96
46 95
46 124
46 123
46 122
46 121
46 120
46 119
46 118
46 117
46 116
46 115
46 114
46 113
46 112
46 111
46 106
46 105
46 104
46 103
46 102
46 101
46 100
46 99
46 110
46 109
46 108
46 107
46 90
46 89
46 98
46 97
55 16
55 18
55 19
55 20
55 21
55 22
55 23
55 24
55 25
55 26
55 27
55 28
55 29
55 30
55 31
55 72
55 71
55 70
55 67
55 65
55 63
55 62
55 61
55 60
55 59
55 58
55 57
55 56
55 74
55 73
55 76
55 78
55 77
55 125
55 85
55 84
55 83
55 82
55 81
55 80
55 88
55 87
55 86
55 94
55 93
55 92
55 96
55 95
55 124
55 123
55 122
55 121
55 120
55 119
55 118
55 117
55 116
55 115
55 114
55 113
55 112
55 111
55 106
55 105
55 104
55 103
55 102
55 101
55 100
55 99
55 110
55 109
55 108
55 107
55 90
55 89
55 91
55 98
55 97
55 79
56 16
56 19
56 20
56 21
56 22
56 23
56 24
56 25
56 26
56 27
56 28
56 29
56 30
56 31
56 72
56 71
56 70
56 67
56 65
56 63
56 62
56 61
56 60
56 59
56 58
56 57
56 74
56 73
56 76
56 78
56 77
56 125
56 85
56 84
56 83
56 82
56 81
56 80
56 88
56 87
56 86
56 94
56 93
56 92
56 96
56 95
56 124
56 123
56 122
56 121
56 120
56 119
56 118
56 117
56 116
56 115
56 114
56 113
56 112
56 111
56 106
56 105
56 104
56 103
56 102
56 101
56 100
56 99
56 110
56 109
56 108
56 107
56 90
56 89
56 91
56 98
56 97
56 79
57 16
57 20
57 21
57 22
57 23
57 24
57 25
57 26
57 27
57 28
57 29
57 30
57 31
57 72
57 71
57 70
57 67
57 65
57 63
57 62
57 61
57 60
57 59
57 58
57 74
57 73
57 76
57 78
57 77
57 125
57 85
57 84
57 83
57 82
57 81
57 80
57 88
57 87
57 86
57 94
57 93
57 92
57 96
57 95
57 124
57 123
57 122
57 121
57 120
57 119
57 118
57 117
57 116
57 115
57 114
57 113
57 112
57 111
57 106
57 105
57 104
57 103
57 102
57 101
57 100
57 99
57 110
57 109
57 108
57 107
57 90
57 89
57 91
57 98
57 97
57 79
58 16
58 21
58 22
58 23
58 24
58 25
58 26
58 27
58 28
58 29
58 30
58 31
58 72
58 71
58 70
58 67
58 65
58 63
58 62
58 61
58 60
58 59
58 74
58 73
58 76
58 78
58 77
58 125
58 85
58 84
58 83
58 82
58 81
58 80
58 88
58 87
58 86
58 94
58 93
58 92
58 96
58 95
58 124
58 123
58 122
58 121
58 120
58 119
58 118
58 117
58 116
58 115
58 114
58 113
58 112
58 111
58 106
58 105
58 104
58 103
58 102
58 101
58 100
58 99
58 110
58 109
58 108
58 107
58 90
58 89
58 91
58 98
58 97
58 79
59 16
59 22
59 23
59 24
59 25
59 26
59 27
59 28
59 29
59 30
59 31
59 72
59 71
59 70
59 67
59 65
59 63
59 62
59 61
59 60
59 74
59 73
59 76
59 78
59 77
59 125
59 85
59 84
59 83
59 82
59 81
59 80
59 88
59 87
59 86
59 94
59 93
59 92
59 96
59 95
59 124
59 123
59 122
59 121
59 120
59 119
59 118
59 117
59 116
59 115
59 114
59 113
59 112
59 111
59 106
59 105
59 104
59 103
59 102
59 101
59 100
59 99
59 110
59 109
59 108
59 107
59 90
59 89
59 91
59 98
59 97
59 79
60 16
60 23
60 24
60 25
60 26
60 27
60 28
60 29
60 30
60 31
60 72
60 71
60 70
60 67
60 65
60 63
60 62
60 61
60 74
60 73
60 76
60 78
60 77
60 125
60 85
60 84
60 83
60 82
60 81
60 80
60 88
60 87
60 86
60 94
60 93
60 92
60 96
60 95
60 124
60 123
60 122
60 121
60 120
60 119
60 118
60 117
60 116
60 115
60 114
60 113
60 112
60 111
60 106
60 105
60 104
60 103
60 102
60 101
60 100
60 99
60 110
60 109
60 108
60 107
60 90
60 89
60 91
60 98
60 97
60 79
61 16
61 24
61 25
61 26
61 27
61 28
61 29
61 30
61 31
61 72
61 71
61 70
61 67
61 65
61 63
61 62
61 74
61 73
61 76
61 78
61 77
61 125
61 85
61 84
61 83
61 82
61 81
61 80
61 88
61 87
61 86
61 94
61 93
61 92
61 96
61 95
61 124
61 123
61 122
61 121
61 120
61 119
61 118
61 117
61 116
61 115
61 114
61 113
61 112
61 111
61 106
61 105
61 104
61 103
61 102
61 101
61 100
61 99
61 110
61 109
61 108
61 107
61 90
61 89
61 91
61 98
61 97
61 79
62 16
62 25
62 26
62 27
62 28
62 29
62 30
62 31
62 72
62 71
62 70
62 67
62 65
62 63
62 74
62 73
62 76
62 78
62 77
62 125
62 85
62 84
62 83
62 82
62 81
62 80
62 88
62 87
62 86
62 94
62 93
62 92
62 96
62 95
62 124
62 123
62 122
62 121
62 120
62 119
62 118
62 117
62 116
62 115
62 114
62 113
62 112
62 111
62 106
62 105
62 104
62 103
62 102
62 101
62 100
62 99
62 110
62 109
62 108
62 107
62 90
62 89
62 91
62 98
62 97
62 79
63 16
63 26
63 27
63 28
63 29
63 30
63 31
63 72
63 71
63 70
63 67
63 65
63 74
63 73
63 76
63 78
63 77
63 125
63 85
63 84
63 83
63 82
63 81
63 80
63 88
63 87
63 86
63 94
63 93
63 92
63 96
63 95
63 124
63 123
63 122
63 121
63 120
63 119
63 118
63 117
63 116
63 115
63 114
63 113
63 112
63 111
63 106
63 105
63 104
63 103
63 102
63 101
63 100
63 99
63 110
63 109
63 108
63 107
63 90
63 89
63 91
63 98
63 97
63 79
65 16
65 26
65 27
65 28
65 29
65 30
65 31
65 72
65 71
65 70
65 67
65 74
65 73
65 76
65 78
65 77
65 125
65 85
65 84
65 83
65 82
65 81
65 80
65 88
65 87
65 86
65 94
65 93
65 92
65 96
65 95
65 124
65 123
65 122
65 121
65 120
65 119
65 118
65 117
65 116
65 115
65 114
65 113
65 112
65 111
65 106
65 105
65 104
65 103
65 102
65 101
65 100
65 99
65 110
65 109
65 108
65 107
65 90
65 89
65 91
65 98
65 97
65 79
67 16
67 26
67 27
67 28
67 29
67 30
67 31
67 72
67 71
67 70
67 74
67 73
67 76
67 78
67 77
67 125
67 85
67 84
67 83
67 82
67 81
67 80
67 88
67 87
67 86
67 94
67 93
67 92
67 96
67 95
67 124
67 123
67 122
67 121
67 120
67 119
67 118
67 117
67 116
67 115
67 114
67 113
67 112
67 111
67 106
67 105
67 104
67 103
67 102
67 101
67 100
67 99
67 110
67 109
67 108
67 107
67 90
67 89
67 91
67 98
67 97
67 79
70 16
70 26
70 27
70 28
70 29
70 30
70 31
70 72
70 71
70 74
70 73
70 76
70 78
70 77
70 125
70 85
70 84
70 83
70 82
70 81
70 80
70 88
70 87
70 86
70 94
70 93
70 92
70 96
70 95
70 124
70 123
70 122
70 121
70 120
70 119
70 118
70 117
70 116
70 115
70 114
70 113
70 112
70 111
70 106
70 105
70 104
70 103
70 102
70 101
70 100
70 99
70 110
70 109
70 108
70 107
70 90
70 89
70 91
70 98
70 97
70 79
71 16
71 26
71 27
71 28
71 29
71 30
71 31
71 72
71 74
71 73
71 76
71 78
71 77
71 125
71 85
71 84
71 83
71 82
71 81
71 80
71 88
71 87
71 86
71 94
71 93
71 92
71 96
71 95
71 124
71 123
71 122
71 121
71 120
71 119
71 118
71 117
71 116
71 115
71 114
71 113
71 112
71 111
71 106
71 105
71 104
71 103
71 102
71 101
71 100
71 99
71 110
71 109
71 108
71 107
71 90
71 89
71 91
71 98
71 97
71 79
72 16
72 26
72 27
72 28
72 29
72 30
72 31
72 74
72 73
72 76
72 78
72 77
72 125
72 85
72 84
72 83
72 82
72 81
72 80
72 88
72 87
72 86
72 94
72 93
72 92
72 96
72 95
72 124
72 123
72 122
72 121
72 120
72 119
72 118
72 117
72 116
72 115
72 114
72 113
72 112
72 111
72 106
72 105
72 104
72 103
72 102
72 101
72 100
72 99
72 110
72 109
72 108
72 107
72 90
72 89
72 91
72 98
72 97
72 79
73 16
74 16
76 16
76 26
76 27
76 28
76 29
76 30
76 31
76 78
76 77
76 125
76 85
76 84
76 83
76 82
76 81
76 80
76 88
76 87
76 86
76 94
76 93
76 92
76 96
76 95
76 124
76 123
76 122
76 121
76 120
76 119
76 118
76 117
76 116
76 115
76 114
76 113
76 112
76 111
76 106
76 105
76 104
76 103
76 102
76 101
76 100
76 99
76 110
76 109
76 108
76 107
76 90
76 89
76 91
76 98
76 97
76 79
77 16
77 26
78 16
78 26
79 16
79 26
80 16
80 26
80 85
80 84
80 83
80 82
80 81
80 88
80 87
80 86
80 94
80 93
80 92
80 96
80 95
80 124
80 123
80 122
80 121
80 120
80 119
80 118
80 117
80 116
80 115
80 114
80 113
80 112
80 111
80 106
80 105
80 104
80 103
80 102
80 101
80 100
80 99
80 98
80 97
81 16
81 26
82 16
82 26
83 16
83 26
83 85
83 84
83 88
83 87
83 86
83 94
83 93
83 92
83 96
83 95
83 124
83 123
83 122
83 121
83 120
83 119
83 118
83 117
83 116
83 115
83 114
83 113
83 112
83 111
83 106
83 105
83 104
83 103
83 102
83 101
83 100
83 99
83 110
83 109
83 108
83 107
83 90
83 89
83 98
83 97
84 16
84 26
85 16
85 26
86 16
86 26
86 27
86 28
86 29
86 30
86 31
86 88
86 87
86 94
86 93
86 92
86 96
86 95
86 124
86 123
86 122
86 121
86 120
86 119
86 118
86 117
86 116
86 115
86 114
86 113
86 112
86 111
86 106
86 105
86 104
86 103
86 102
86 101
86 100
86 99
86 110
86 109
86 108
86 107
86 90
86 89
86 98
86 97
87 16
87 26
88 16
88 26
89 16
89 26
90 16
90 26
91 16
91 26
92 16
92 26
92 93
93 16
93 26
94 16
94 26
95 16
95 26
95 96
95 124
95 123
95 122
95 121
95 120
95 119
95 118
95 117
95 116
95 115
95 114
95 113
95 112
95 111
95 100
95 99
95 98
95 97
96 16
96 26
97 16
97 26
97 98
98 16
98 26
99 16
99 26
99 106
99 105
99 104
99 103
99 102
99 101
99 100
99 110
99 109
99 108
99 107
100 16
100 26
100 105
100 104
100 103
100 102
100 101
101 16
101 26
102 16
102 26
102 104
102 103
103 16
103 26
104 16
104 26
105 16
105 26
106 16
106 26
107 16
107 26
108 16
108 26
109 16
109 26
110 16
110 26
111 16
111 26
111 119
111 118
111 117
111 116
111 115
111 114
111 113
111 112
112 16
112 26
112 121
112 120
112 119
112 118
112 117
112 116
112 115
112 114
112 113
113 16
113 26
113 118
113 117
113 116
113 115
113 114
114 16
114 26
114 123
114 122
114 121
114 120
114 119
114 118
114 117
114 116
114 115
115 16
115 26
116 16
116 26
116 117
117 16
117 26
118 16
118 26
118 120
118 119
119 16
119 26
119 122
119 121
119 120
120 16
120 26
121 16
121 26
122 16
122 26
123 16
123 26
123 124
124 16
124 26
125 16
125 26
69 16
69 17
69 18
69 19
69 20
69 21
69 22
69 23
69 24
69 25
69 26
69 27
69 28
69 29
69 30
69 31
69 47
69 48
69 49
69 50
69 51
69 52
69 53
69 54
69 64
69 66
69 68
69 75
68 16
68 17
68 18
68 19
68 20
68 21
68 22
68 23
68 24
68 25
68 26
68 27
68 28
68 29
68 30
68 31
68 47
68 48
68 49
68 50
68 51
68 52
68 53
68 54
68 64
68 66
68 75
66 16
66 17
66 18
66 19
66 20
66 21
66 22
66 23
66 24
66 25
66 26
66 27
66 28
66 29
66 30
66 31
66 47
66 48
66 49
66 50
66 51
66 52
66 53
66 54
66 64
66 75
64 16
64 17
64 18
64 19
64 20
64 21
64 22
64 23
64 24
64 25
64 26
64 27
64 28
64 29
64 30
64 31
64 47
64 48
64 49
64 50
64 51
64 52
64 53
64 54
64 75
54 16
54 17
54 18
54 19
54 20
54 21
54 22
54 23
54 24
54 25
54 26
54 27
54 28
54 29
54 30
54 31
54 47
54 48
54 49
54 50
54 51
54 52
54 53
54 75
53 16
53 17
53 18
53 19
53 20
53 21
53 22
53 23
53 24
53 25
53 26
53 27
53 28
53 29
53 30
53 31
53 47
53 48
53 49
53 50
53 51
53 52
53 75
52 16
52 17
52 18
52 19
52 20
52 21
52 22
52 23
52 24
52 25
52 26
52 27
52 28
52 29
52 30
52 31
52 47
52 48
52 49
52 50
52 51
52 75
51 16
51 17
51 18
51 19
51 20
51 21
51 22
51 23
51 24
51 25
51 26
51 27
51 28
51 29
51 30
51 31
51 47
51 48
51 49
51 50
51 75
50 16
50 17
50 18
50 19
50 20
50 21
50 22
50 23
50 24
50 25
50 26
50 27
50 28
50 29
50 30
50 31
50 47
50 48
50 49
50 75
49 16
49 17
49 18
49 19
49 20
49 21
49 22
49 23
49 24
49 25
49 26
49 27
49 28
49 29
49 30
49 31
49 47
49 48
49 75
48 16
48 17
48 18
48 19
48 20
48 21
48 22
48 23
48 24
48 25
48 26
48 27
48 28
48 29
48 30
48 31
48 47
48 75
47 16
47 17
47 18
47 19
47 20
47 21
47 22
47 23
47 24
47 25
47 26
47 27
47 28
47 29
47 30
47 31
47 75
75 16
75 17
75 18
75 19
75 20
75 21
75 22
75 23
75 24
75 25
75 26
75 27
75 28
75 29
75 30
75 31
16 17
16 18
16 19
16 20
16 21
16 22
16 23
16 24
16 25
16 26
16 27
16 28
16 29
16 30
16 31
17 18
17 19
17 20
17 21
17 22
17 23
17 24
17 25
17 26
17 27
17 28
17 29
17 30
17 31
18 19
18 20
18 21
18 22
18 23
18 24
18 25
18 26
18 27
18 28
18 29
18 30
18 31
19 20
19 21
19 22
19 23
19 24
19 25
19 26
19 27
19 28
19 29
19 30
19 31
20 21
20 22
20 23
20 24
20 25
20 26
20 27
20 28
20 29
20 30
20 31
21 22
21 23
21 24
21 25
21 26
21 27
21 28
21 29
21 30
21 31
22 23
22 24
22 25
22 26
22 27
22 28
22 29
22 30
22 31
23 24
23 25
23 26
23 27
23 28
23 29
23 30
23 31
24 25
24 26
24 27
24 28
24 29
24 30
24 31
25 26
25 27
25 28
25 29
25 30
25 31
26 27
26 28
26 29
26 30
26 31
27 28
27 29
27 30
27 31
28 29
28 30
28 31
29 30
29 31
30 31
