1138 1458
0 4
0 562
1 9
1 562
2 10
2 33
2 34
2 103
2 474
3 6
3 26
3 100
3 101
3 102
4 8
5 6
5 36
5 97
5 102
6 36
6 100
6 101
6 102
7 25
7 34
7 723
8 9
8 103
9 103
10 11
10 37
10 565
12 33
12 103
13 412
14 15
14 16
14 17
14 18
14 410
19 20
19 36
19 101
20 21
20 22
20 23
20 24
25 34
26 27
26 28
26 29
26 100
30 31
30 99
31 99
32 99
33 103
33 552
34 103
34 709
35 710
36 101
37 38
37 97
37 411
38 98
39 40
39 42
39 44
40 41
40 43
42 145
43 485
44 48
45 47
46 47
47 53
47 505
48 49
48 52
49 50
49 51
51 124
52 53
52 54
53 424
53 444
53 446
55 62
56 65
57 69
58 66
59 67
60 129
61 128
62 63
62 64
63 70
63 130
63 225
64 1094
65 66
65 67
65 73
65 182
65 225
66 67
66 68
67 73
67 89
67 200
68 69
69 181
69 195
69 1062
69 1064
69 1073
70 71
71 72
71 120
73 74
73 75
73 77
73 79
73 118
74 203
74 809
74 917
75 76
75 77
75 126
76 1049
77 78
77 451
78 415
78 416
78 453
79 80
79 446
79 451
80 447
80 449
80 463
81 93
82 93
83 94
84 86
84 125
85 86
85 240
85 250
85 252
85 266
85 268
85 282
85 290
85 292
85 293
85 301
85 314
86 87
88 104
88 114
89 90
90 91
90 107
90 114
90 115
91 92
92 93
92 251
92 263
92 270
92 287
92 291
92 292
92 293
92 321
92 322
92 323
92 324
92 325
93 95
93 263
93 317
93 324
94 96
94 261
94 267
94 299
95 144
95 703
95 704
96 267
98 412
99 724
99 731
100 101
100 102
101 102
102 477
104 105
104 108
106 107
107 109
108 1028
109 110
109 327
109 366
109 369
110 366
110 367
110 700
111 112
111 369
111 685
112 113
112 114
112 689
113 1008
115 116
115 125
117 118
118 122
119 120
120 121
120 503
121 122
121 123
122 124
123 124
123 126
124 125
124 128
124 545
125 128
126 127
129 132
129 172
129 212
130 131
130 132
130 135
131 143
131 741
132 133
134 135
134 138
134 739
135 140
136 138
136 140
136 760
137 140
137 876
137 881
138 139
139 828
139 829
141 257
141 365
142 143
142 742
142 744
142 825
143 826
144 317
144 702
145 146
146 147
148 165
149 172
150 174
151 179
152 182
153 206
154 197
155 212
156 218
157 225
158 181
158 204
159 171
159 232
160 221
160 742
161 162
161 168
161 208
161 222
161 231
162 185
162 200
162 226
163 165
164 165
164 166
164 174
164 193
165 191
165 200
165 217
166 174
167 179
167 208
168 186
169 187
169 193
170 177
170 216
171 172
171 221
171 754
172 183
173 210
173 215
174 178
175 176
175 177
175 206
176 206
177 213
177 216
178 202
179 208
180 182
181 182
181 204
181 220
182 183
182 200
182 225
183 192
183 212
184 186
185 186
185 217
186 187
186 205
186 208
188 210
188 215
189 198
190 194
190 196
190 197
190 210
191 198
191 217
191 219
192 197
192 198
192 207
193 215
194 210
196 211
199 200
199 201
200 217
201 202
204 220
205 215
206 207
206 223
209 214
209 216
209 217
210 211
212 503
213 216
215 217
218 219
218 229
220 221
220 224
221 224
221 232
221 742
222 231
223 1025
226 227
227 228
227 230
227 231
230 231
233 235
233 306
234 235
234 242
234 269
234 271
234 297
234 298
235 285
236 260
236 286
236 308
236 365
236 701
237 238
237 269
238 269
238 280
239 258
240 241
240 245
240 252
240 256
240 265
240 274
240 278
240 288
240 290
240 291
240 292
240 293
240 298
240 309
240 320
240 326
241 243
241 244
243 271
244 297
245 309
246 247
246 254
247 254
248 281
249 256
249 262
249 288
249 316
250 266
251 309
251 312
253 254
253 284
254 257
254 259
254 262
255 289
255 316
255 320
257 260
257 326
258 277
259 288
261 267
261 275
261 313
263 310
264 275
264 299
265 306
266 281
266 283
266 301
267 269
267 300
268 283
269 274
269 278
269 279
269 317
269 319
272 273
272 302
272 314
273 311
276 284
276 288
277 308
282 291
287 290
294 297
295 296
296 298
299 695
300 313
302 311
303 304
303 314
303 328
304 314
305 321
307 322
310 325
311 314
314 315
314 318
314 322
315 321
317 703
318 328
323 324
329 334
330 335
331 336
332 349
333 349
334 336
335 336
336 337
336 338
336 339
337 339
338 339
339 340
339 341
340 341
341 342
341 343
341 344
341 369
342 345
343 345
344 345
345 346
345 348
345 366
346 347
347 348
348 349
350 365
351 352
351 407
351 408
352 362
352 381
353 381
353 382
354 374
355 382
355 397
356 393
356 394
357 478
358 473
359 714
360 478
360 479
361 402
361 713
362 363
362 364
362 372
362 373
362 387
362 394
362 406
362 473
365 698
366 367
366 371
368 370
370 371
374 375
374 376
374 377
374 378
374 379
374 380
374 388
374 403
382 383
382 384
382 385
382 386
382 391
387 388
387 389
387 390
387 394
387 400
387 404
391 394
392 473
392 478
393 394
394 397
394 398
394 404
394 405
394 406
394 473
395 405
395 715
395 716
396 715
396 716
399 472
400 401
400 713
403 408
405 478
405 482
405 715
405 716
409 410
409 411
409 730
410 475
410 476
410 485
411 412
411 477
411 708
411 723
413 430
413 432
414 431
414 432
415 432
415 461
416 432
416 461
417 418
417 544
419 420
419 421
419 469
422 424
422 515
423 465
423 515
424 425
424 426
424 465
425 436
425 518
427 428
427 429
427 430
427 431
432 433
432 509
432 563
434 509
435 533
436 437
436 438
436 440
436 457
438 439
438 459
440 441
442 443
442 469
442 505
442 515
443 457
444 445
444 446
446 448
446 536
447 463
448 449
449 450
451 452
453 454
455 456
455 563
457 458
457 459
459 460
461 462
463 464
463 544
464 967
465 466
467 543
468 542
470 471
470 477
470 480
470 491
470 706
470 707
472 473
474 709
474 723
475 481
476 477
477 707
477 708
478 479
478 713
478 725
480 483
480 484
480 490
480 491
480 732
481 482
483 708
483 732
484 490
485 730
486 490
487 490
488 491
489 491
490 491
490 733
491 706
492 706
493 504
494 512
495 520
496 521
497 522
498 499
498 818
498 913
500 501
500 504
500 506
500 520
500 530
500 535
501 606
501 608
501 612
501 936
502 506
502 512
502 552
503 504
504 520
504 525
504 577
506 507
506 508
506 514
506 520
506 521
506 546
507 618
507 638
507 780
508 510
508 514
508 519
508 533
509 519
510 913
510 925
511 519
512 513
512 539
513 789
513 794
514 515
514 516
514 517
514 535
514 546
516 992
516 994
518 956
518 966
520 521
521 522
522 581
522 769
522 778
522 801
523 532
523 984
523 1000
524 567
525 526
525 530
526 920
526 932
526 1067
526 1072
526 1073
526 1123
527 528
527 808
527 818
529 577
529 582
529 779
529 796
529 802
530 531
530 533
531 553
531 646
531 651
531 662
531 667
531 671
531 672
531 676
531 907
531 911
531 917
531 1046
533 534
533 535
533 541
534 884
535 536
535 537
535 538
535 541
537 808
537 913
537 947
537 952
537 963
539 799
540 542
541 542
541 544
541 545
542 543
547 550
548 562
549 565
550 551
550 554
550 565
551 557
551 559
552 560
552 709
553 573
553 908
554 555
554 556
554 563
554 565
555 558
555 578
555 620
555 902
556 557
557 978
557 979
557 985
557 988
557 990
557 997
557 999
558 578
559 979
560 561
560 565
561 562
562 566
564 566
565 566
567 772
567 794
568 784
569 578
570 775
571 782
572 795
574 580
575 581
575 783
576 785
576 801
576 1089
577 779
578 579
578 781
578 782
578 894
578 926
579 586
580 775
580 795
580 796
580 798
582 779
582 802
583 584
583 1067
584 606
584 612
584 658
585 596
586 597
586 613
587 594
587 596
588 590
589 594
589 615
590 600
591 610
592 603
593 599
595 596
595 602
595 606
598 1104
599 600
599 781
600 601
600 632
601 639
602 603
602 604
602 1091
603 611
603 614
604 606
605 609
607 609
607 1100
608 1067
610 614
616 1122
617 628
617 638
618 619
619 631
620 623
620 1060
621 624
621 640
622 638
622 641
623 637
624 634
625 633
625 634
626 638
627 630
627 641
628 636
628 642
629 630
629 634
629 795
631 633
631 640
634 635
635 1093
643 651
643 661
644 649
644 1059
645 663
645 1050
646 1040
647 677
647 1041
648 671
648 1054
649 652
650 669
650 1044
651 652
651 662
651 665
651 667
651 675
651 1053
652 1047
653 676
653 1056
654 656
654 664
655 677
656 1054
657 670
657 671
658 676
659 1049
659 1057
660 676
661 671
663 1055
664 681
665 680
666 1050
668 678
668 1057
669 1120
670 678
671 672
671 681
671 1048
671 1049
671 1051
671 1057
671 1120
673 674
673 1045
674 1049
675 1042
676 677
676 1040
676 1058
679 1046
679 1056
680 1052
682 688
683 688
684 690
685 686
685 687
687 688
687 693
687 698
687 699
687 701
688 692
689 690
689 693
689 696
690 691
690 694
692 694
693 694
696 697
698 699
705 706
706 725
707 708
710 723
710 733
711 713
712 713
713 714
713 733
715 716
717 723
718 723
719 723
720 723
721 723
722 723
723 724
723 733
726 727
726 730
727 730
728 729
728 730
729 730
734 742
735 741
736 742
737 741
738 743
739 740
739 741
739 743
740 748
740 758
741 742
742 745
743 755
744 745
746 747
746 757
747 756
748 752
749 750
749 758
751 756
751 761
753 756
753 764
754 763
755 756
759 760
760 765
760 766
761 762
765 767
767 768
767 771
769 822
770 771
772 773
772 794
772 800
772 801
774 775
774 780
775 780
775 795
775 796
775 1126
776 792
776 794
776 799
777 778
778 779
778 786
779 796
779 948
781 782
783 801
784 785
784 787
784 795
784 796
784 801
785 1127
786 948
787 788
787 795
787 1131
788 1093
789 790
789 794
791 798
791 1109
792 793
792 824
793 794
793 799
795 798
796 797
796 802
796 804
796 1118
797 1113
801 1136
802 803
804 1137
805 820
806 886
807 896
808 919
809 810
809 917
811 908
812 884
812 939
812 1121
813 814
813 908
813 917
815 816
815 926
816 817
816 906
818 819
820 887
820 896
820 920
821 879
821 884
821 934
823 824
827 836
827 837
827 873
828 832
828 838
829 832
829 839
830 840
830 868
831 841
831 868
832 842
833 843
833 873
834 844
834 861
835 845
835 868
837 858
837 859
846 847
847 872
848 853
848 862
848 863
849 854
849 872
850 855
850 857
851 856
851 868
852 875
857 872
859 860
861 862
862 868
863 864
863 868
865 868
865 876
866 877
867 868
867 870
867 876
868 869
869 870
869 876
871 881
872 881
873 877
874 875
874 881
876 877
876 882
878 881
880 881
883 936
883 1122
884 913
884 917
885 894
885 926
885 936
886 895
886 896
887 923
888 916
889 890
889 907
889 916
891 892
891 898
891 926
893 920
893 935
893 1125
894 1124
895 896
896 912
896 916
896 943
897 913
897 925
898 899
898 907
900 912
900 1128
901 905
902 986
903 904
903 938
903 943
905 921
905 938
906 922
907 911
907 916
907 926
908 909
910 911
913 934
913 937
913 962
914 925
915 990
916 917
916 929
917 918
917 1129
918 939
920 922
920 923
920 926
920 932
920 936
921 929
921 1132
923 924
926 927
926 936
927 928
927 936
929 930
931 948
932 933
932 941
934 946
935 936
935 1133
939 953
940 953
942 943
944 960
945 964
947 951
947 954
947 956
947 957
947 963
949 950
949 954
949 955
950 964
950 968
950 974
951 959
952 954
953 958
956 957
956 966
956 972
959 972
960 961
960 962
960 967
961 965
962 971
964 967
964 968
965 970
968 969
970 971
973 982
975 976
975 988
975 1000
977 988
978 982
980 981
980 983
980 997
982 985
984 986
984 988
986 998
987 992
987 994
988 989
990 991
992 993
994 996
994 997
995 996
996 997
1001 1026
1002 1034
1003 1031
1004 1038
1005 1006
1005 1012
1005 1018
1005 1020
1005 1029
1005 1034
1007 1022
1008 1009
1008 1017
1008 1018
1008 1020
1008 1021
1008 1039
1010 1039
1011 1039
1012 1022
1012 1028
1012 1029
1012 1036
1012 1037
1012 1038
1013 1038
1014 1028
1015 1023
1015 1033
1016 1028
1018 1032
1019 1020
1022 1023
1022 1024
1022 1026
1023 1033
1024 1027
1025 1026
1026 1027
1026 1034
1029 1030
1031 1033
1031 1035
1034 1035
1042 1049
1043 1049
1043 1052
1044 1046
1045 1057
1048 1053
1049 1050
1049 1051
1050 1055
1054 1055
1054 1057
1058 1060
1061 1071
1061 1084
1062 1073
1063 1074
1063 1086
1064 1076
1064 1079
1065 1067
1066 1070
1067 1068
1067 1091
1068 1085
1069 1076
1069 1112
1070 1087
1071 1074
1072 1073
1073 1074
1073 1080
1073 1085
1074 1081
1075 1076
1076 1077
1076 1079
1076 1087
1076 1094
1077 1083
1077 1084
1078 1116
1082 1086
1088 1105
1088 1111
1089 1090
1090 1092
1090 1107
1092 1097
1094 1095
1094 1099
1094 1104
1094 1112
1095 1102
1095 1106
1095 1111
1096 1099
1097 1098
1099 1100
1100 1119
1101 1111
1103 1117
1103 1118
1105 1108
1109 1113
1110 1118
1113 1114
1113 1115
1116 1119
1121 1135
1123 1134
1128 1134
1130 1135
