662 906
0 221
0 285
1 8
1 227
1 297
2 94
2 165
3 125
3 258
4 82
4 227
5 108
5 212
6 44
6 64
7 37
7 116
7 118
7 198
7 210
7 266
8 221
9 48
9 105
9 215
9 302
10 121
10 123
11 24
11 79
12 89
12 293
13 79
13 244
14 23
14 85
14 136
14 164
14 303
15 56
15 276
16 222
16 230
17 250
17 288
18 200
18 235
19 121
19 140
20 74
20 272
21 26
21 226
22 33
22 88
23 186
24 157
24 192
24 288
24 304
25 201
25 249
26 68
27 32
27 139
28 53
28 237
29 148
29 153
30 95
30 96
30 307
31 156
31 270
32 227
33 47
33 135
33 165
33 166
33 195
33 309
34 369
35 264
35 280
36 67
36 276
37 104
38 103
38 266
39 123
39 292
40 97
40 213
41 263
42 263
42 286
43 66
43 74
43 145
43 187
44 209
44 233
45 80
45 276
46 181
46 200
47 285
48 211
49 170
49 184
50 167
50 271
51 236
51 271
52 317
53 107
54 205
54 289
55 131
55 148
55 150
55 175
56 191
57 124
57 231
57 237
57 283
57 318
58 107
58 281
59 276
60 145
60 223
61 151
61 189
62 112
62 183
63 321
64 142
65 202
65 252
66 295
67 280
68 213
68 261
68 325
69 74
69 197
70 74
70 196
71 116
71 141
72 128
72 141
73 99
73 112
73 132
73 216
74 240
74 327
75 233
75 254
76 117
77 141
77 143
78 214
78 293
80 225
81 216
81 251
82 123
83 117
83 194
84 138
84 195
85 200
86 330
87 160
87 196
88 292
89 135
90 332
91 336
92 215
92 263
93 166
93 246
94 245
95 226
96 287
97 169
97 287
98 209
100 220
100 232
101 228
101 272
102 342
103 252
104 290
105 190
106 134
106 192
106 250
107 120
107 201
107 343
108 270
109 161
109 188
110 218
110 263
111 201
111 283
112 264
112 274
112 344
113 170
113 228
114 133
114 193
115 128
115 199
117 346
118 119
118 198
119 141
120 133
121 151
121 154
121 347
122 223
122 261
123 238
124 155
125 167
126 348
127 154
127 191
129 143
129 220
130 276
130 280
131 286
132 275
134 250
134 276
136 207
137 141
137 260
138 291
139 191
140 222
141 356
142 214
142 291
142 357
144 358
145 187
145 223
145 366
146 236
146 368
147 219
147 245
147 258
147 259
149 223
149 240
150 212
152 375
153 293
155 193
155 205
155 274
155 277
155 284
156 229
157 275
158 202
158 232
159 192
159 276
160 252
161 253
162 244
162 279
163 381
164 208
164 254
164 345
168 172
168 259
169 228
170 185
170 239
170 382
171 221
171 271
172 271
173 280
174 232
175 238
176 384
177 244
177 248
178 387
179 206
180 206
181 207
182 190
182 200
183 257
184 206
185 206
186 241
188 191
189 229
191 289
194 206
197 269
198 210
198 283
198 388
199 232
199 243
201 260
202 204
202 243
202 390
203 205
203 280
204 252
205 257
205 282
205 391
207 208
211 286
212 230
215 265
217 394
218 270
219 268
219 395
224 400
225 244
227 279
228 269
228 401
229 230
230 402
232 295
233 234
233 267
233 403
234 294
235 265
241 267
241 286
242 405
244 253
244 406
246 268
247 413
248 414
249 281
251 415
252 290
252 416
255 417
256 418
262 422
263 423
271 424
273 426
276 427
277 282
277 284
278 428
292 293
293 294
296 447
297 311
297 312
297 406
298 299
298 335
298 338
298 342
300 370
301 371
302 303
302 423
303 345
304 344
304 365
304 393
304 406
304 419
304 427
304 435
305 306
305 307
305 308
305 377
305 378
305 433
306 380
307 418
307 420
308 320
308 325
308 327
308 331
308 340
308 341
308 421
309 310
309 311
309 369
309 409
309 425
310 644
313 314
313 412
314 321
314 342
314 385
315 379
315 419
316 376
316 431
317 358
317 360
317 394
317 422
318 323
318 441
319 335
320 417
321 376
321 385
321 429
322 392
322 455
323 388
323 416
324 330
324 428
325 331
325 457
326 356
326 578
327 436
328 428
329 432
330 417
330 434
331 366
332 333
332 334
332 375
333 384
333 413
334 384
334 413
335 385
336 387
336 428
336 447
337 339
337 399
337 431
338 339
338 399
342 376
342 431
343 502
344 405
344 415
344 441
345 403
346 382
346 444
346 447
347 350
347 355
347 393
347 491
348 349
348 397
349 381
349 400
350 425
351 374
351 400
351 420
352 423
352 571
353 369
354 357
354 426
355 402
356 383
356 388
357 403
358 359
358 384
358 422
359 384
359 387
360 361
360 414
362 363
362 384
362 414
364 422
364 435
365 422
366 367
366 389
368 408
368 413
369 409
369 426
370 381
371 398
372 374
372 420
373 374
373 420
375 413
377 433
377 647
378 440
378 649
379 427
380 381
380 430
381 397
381 418
381 442
382 401
382 434
383 416
384 385
384 386
384 394
387 405
387 441
389 390
389 416
391 441
392 393
392 407
392 412
392 440
392 565
393 427
394 408
394 413
395 409
396 397
396 398
396 399
397 400
397 431
398 428
399 429
400 420
401 421
402 423
404 420
405 415
407 410
407 412
407 565
407 617
408 409
409 411
409 413
411 414
412 413
413 424
415 441
416 434
416 436
416 437
420 421
420 442
421 444
425 426
428 429
430 431
430 612
431 432
433 434
433 570
434 437
436 438
437 438
438 439
440 441
442 443
444 445
445 446
448 501
448 561
449 524
449 532
450 483
450 499
451 465
451 485
452 554
452 572
453 532
453 552
453 558
454 560
454 583
455 456
455 517
455 543
455 563
455 570
456 507
456 522
456 535
456 551
456 556
456 574
457 584
458 533
458 579
459 509
459 577
460 535
460 559
461 469
461 478
462 574
463 474
463 507
463 557
463 564
463 581
464 475
464 534
464 555
464 584
465 568
466 481
466 544
467 545
468 481
468 523
468 527
469 474
469 556
470 513
470 542
470 547
470 548
470 575
470 578
471 510
471 561
471 582
472 488
472 500
473 489
473 492
473 503
473 562
473 568
474 499
474 557
474 564
475 542
476 528
476 569
477 488
477 504
477 516
477 520
477 526
478 479
479 490
479 496
479 499
479 536
479 564
479 581
479 583
480 535
481 487
481 511
481 520
481 541
482 514
482 516
483 496
483 506
483 528
484 518
484 539
485 495
486 508
486 566
487 515
487 518
487 575
488 544
488 566
488 579
490 512
491 508
492 577
493 574
494 501
494 545
495 538
497 505
497 508
498 548
498 574
499 538
499 581
500 508
500 516
501 521
501 553
502 518
503 554
504 537
505 539
508 566
508 585
509 532
510 569
511 579
512 583
513 574
514 558
515 574
516 554
516 571
517 525
517 563
517 565
519 554
519 568
521 532
522 531
524 572
525 563
527 538
527 557
529 530
529 561
531 573
533 554
535 551
535 573
535 574
537 554
540 549
540 572
543 650
543 658
546 550
546 552
547 584
550 553
554 580
555 584
559 581
560 569
563 564
564 581
565 566
565 567
566 571
566 580
567 568
568 576
569 582
576 580
580 585
586 589
586 627
587 594
587 607
588 609
588 639
589 590
589 607
589 631
589 633
590 661
591 603
592 593
592 595
592 600
592 618
592 627
592 646
593 641
593 645
594 627
594 631
594 638
595 618
595 642
596 597
596 601
596 609
596 634
597 601
597 609
597 610
597 622
597 626
597 634
597 638
598 605
598 613
599 611
599 628
600 627
600 632
602 608
603 610
603 639
604 625
604 628
604 632
605 621
606 615
606 625
606 637
607 627
608 632
609 610
609 626
609 639
610 639
611 630
612 613
612 643
614 621
614 641
614 645
615 616
616 638
617 618
618 619
618 644
620 621
620 642
623 639
623 660
624 638
625 630
627 629
627 631
628 638
633 659
635 636
635 637
639 640
642 643
644 645
644 646
647 648
647 654
649 654
650 651
651 655
651 656
651 658
652 653
652 655
652 657
652 658
652 659
652 661
653 654
653 655
653 656
653 657
654 657
654 659
654 660
654 661
655 657
655 659
655 660
656 657
656 658
657 658
657 661
659 660
659 661
660 661
