1612 2106
0 32
0 143
1 3
2 3
2 5
2 155
2 242
3 4
6 106
6 155
7 8
8 9
8 23
8 32
9 10
9 11
9 157
9 185
12 117
12 239
13 14
13 225
14 15
14 157
15 235
16 41
16 161
17 85
17 105
17 142
17 160
18 75
18 160
19 106
19 152
19 158
19 176
20 49
20 166
21 152
21 180
22 58
22 117
23 84
24 25
25 26
25 111
26 27
26 71
26 181
26 182
27 28
27 38
27 192
29 30
29 31
29 54
29 141
31 142
33 111
33 238
34 35
34 36
34 50
34 84
34 154
34 165
36 122
37 38
38 206
39 77
39 115
39 220
40 41
41 86
41 120
41 161
42 43
42 44
42 45
42 46
42 95
42 231
47 127
47 185
48 54
48 87
48 177
49 160
50 51
51 193
52 77
52 242
53 54
54 55
54 56
54 57
54 87
54 141
55 142
55 179
58 193
59 62
59 63
59 137
59 222
59 233
60 63
61 63
64 70
65 70
66 70
67 71
68 72
69 70
70 71
70 593
70 1557
71 72
71 635
71 649
71 1431
72 125
73 90
73 126
73 189
74 75
74 250
75 105
76 112
78 79
78 90
78 130
78 217
78 221
79 205
79 226
80 82
80 83
80 236
80 598
81 82
81 127
83 118
84 104
85 160
86 188
88 89
89 120
89 526
90 91
90 92
90 130
93 95
93 96
93 99
93 100
93 101
93 144
93 211
93 229
93 233
94 101
95 97
95 98
95 101
102 211
103 156
104 128
105 179
106 107
106 158
106 201
106 205
107 108
107 109
107 110
112 155
112 242
113 114
113 121
115 152
115 167
116 196
116 225
116 228
117 165
117 210
118 119
118 651
119 635
120 121
120 450
120 511
120 521
120 1347
122 123
122 175
122 226
124 173
124 174
125 131
125 243
125 1314
126 173
128 184
129 130
131 132
131 133
131 134
131 243
131 405
135 136
136 137
136 139
137 140
137 186
138 140
139 140
141 142
143 228
144 147
144 186
144 199
144 200
144 240
145 147
146 147
148 208
148 227
149 152
150 152
151 153
152 153
152 180
152 210
154 196
154 209
154 228
156 157
159 160
160 161
161 1321
162 167
163 167
164 167
165 166
166 171
166 172
167 169
168 169
168 171
169 171
169 172
170 172
173 208
174 207
175 176
175 180
175 183
175 242
175 1550
176 180
176 242
177 178
177 179
179 248
180 181
180 182
180 220
183 188
183 238
184 221
186 187
189 190
191 196
191 224
192 193
192 196
193 194
193 195
193 199
193 209
196 197
196 198
196 200
201 202
201 203
201 226
202 204
205 206
205 207
205 208
207 221
210 224
211 216
211 218
212 216
212 235
212 244
213 218
214 218
215 216
217 219
221 227
222 223
222 233
229 232
229 240
230 232
231 232
233 237
234 237
235 236
235 237
240 241
242 243
243 244
245 247
246 247
247 248
247 249
247 250
251 252
251 326
252 283
252 296
253 289
253 312
253 325
254 259
254 284
255 319
255 333
256 281
256 302
257 261
257 310
258 259
258 266
258 291
259 260
261 302
261 306
261 329
262 283
262 296
263 296
263 310
264 265
264 266
266 268
266 329
267 298
267 308
268 329
269 286
269 322
270 277
270 279
270 326
271 272
271 286
271 326
273 320
273 334
274 275
274 276
274 334
277 279
277 287
277 326
278 311
278 315
279 326
280 281
280 299
281 329
282 283
282 299
283 284
283 285
283 301
283 330
285 292
285 303
285 313
285 720
286 326
287 288
289 290
289 309
289 1602
291 292
291 293
291 316
291 319
292 303
292 334
294 295
294 297
297 317
298 309
298 1587
299 300
301 306
302 303
302 306
302 310
302 314
303 313
304 305
305 313
307 308
309 678
311 312
312 313
314 330
315 316
315 321
317 318
318 320
321 324
322 323
324 325
324 331
324 1592
325 1593
326 327
327 328
331 332
331 1598
333 334
333 335
336 337
336 338
336 364
336 377
336 378
337 347
337 376
338 339
338 340
338 349
338 358
338 378
338 1416
341 379
342 384
342 1404
343 367
344 345
345 346
345 348
345 360
345 379
346 354
346 357
346 375
347 349
347 351
348 356
348 387
349 369
349 1382
349 1449
350 351
350 1118
350 1121
351 352
351 353
351 370
351 1405
354 355
354 361
354 382
354 386
356 357
356 380
358 359
358 369
358 384
360 380
361 362
361 742
363 385
363 758
364 365
364 366
364 377
364 389
365 375
367 368
367 374
367 379
367 389
367 390
369 370
370 1405
371 386
372 373
373 876
375 376
379 387
380 381
380 385
382 383
382 792
385 386
387 388
391 392
391 406
391 415
391 446
393 422
393 429
393 447
394 422
394 429
394 448
395 447
395 448
396 397
396 426
398 443
399 442
400 401
400 416
400 421
400 430
400 432
402 403
402 449
402 455
404 405
404 449
404 522
405 456
405 1314
406 407
406 408
406 415
407 411
408 413
409 410
409 415
411 412
411 413
413 414
415 430
415 438
415 446
415 452
416 421
416 432
417 420
417 441
418 419
418 439
421 433
422 425
422 427
422 428
423 432
424 455
425 455
426 427
426 428
427 442
427 447
428 442
428 448
429 436
429 437
429 440
429 441
430 431
430 433
430 434
430 452
431 456
432 433
434 435
435 436
435 437
435 451
438 445
439 440
439 445
440 444
442 443
444 445
446 1370
449 450
451 452
451 453
451 454
455 456
456 1343
457 458
457 466
457 475
458 467
458 470
458 476
459 460
459 463
461 462
461 471
461 485
462 463
462 472
462 483
462 501
463 476
463 499
463 763
463 1380
464 486
465 466
465 467
465 468
465 482
466 1129
467 470
467 480
467 1130
469 470
469 490
470 480
470 489
471 472
471 474
471 484
472 505
473 474
474 486
475 476
475 505
477 486
478 480
479 480
481 487
481 1564
483 493
484 490
484 491
484 505
485 491
485 497
486 487
486 488
486 489
486 490
486 491
486 498
486 500
486 502
488 1569
489 499
491 492
494 495
494 496
494 503
494 777
495 501
497 501
497 503
499 763
503 504
503 684
506 537
506 556
506 566
507 531
507 542
508 509
508 535
508 540
508 541
509 515
509 546
510 528
510 568
511 514
511 565
512 530
512 567
513 540
513 568
514 517
514 520
514 524
514 528
514 543
514 544
514 545
514 568
515 518
515 519
515 522
515 553
515 559
516 553
516 567
521 533
521 560
521 562
521 564
523 534
523 562
524 558
524 564
525 532
525 535
526 527
526 565
528 529
530 536
531 536
532 556
533 566
534 555
535 554
537 549
537 563
538 539
538 540
538 563
539 546
539 557
541 547
542 565
543 558
544 555
545 554
546 548
546 567
547 568
548 550
548 551
548 552
549 566
554 568
555 558
556 557
557 559
558 559
560 566
561 568
566 567
569 586
570 571
570 615
570 647
570 650
572 573
572 647
572 651
573 584
573 648
574 575
574 601
575 608
575 649
576 577
576 578
576 638
576 643
577 579
577 600
578 579
578 587
579 592
579 606
579 607
580 642
580 647
580 650
581 584
581 593
582 583
582 603
583 585
583 597
585 586
585 588
585 605
586 588
586 601
587 630
588 589
588 642
590 626
590 627
590 636
591 602
591 615
591 627
592 607
593 594
595 615
595 616
595 644
596 597
596 603
597 598
598 605
599 600
599 638
600 646
601 631
603 604
605 608
606 631
607 608
607 609
607 610
607 611
607 612
607 613
607 614
607 631
607 646
615 652
616 617
617 635
618 619
618 620
618 621
618 622
619 623
619 636
619 647
624 625
625 626
625 647
626 629
626 647
626 652
627 628
627 647
630 631
630 632
630 633
630 643
631 634
635 640
635 641
635 649
636 637
637 649
638 639
639 646
644 645
645 652
647 648
647 649
653 822
653 922
654 669
654 921
655 842
656 657
656 795
656 904
657 779
657 843
658 659
658 660
658 733
658 743
658 781
658 881
659 806
660 729
660 733
661 756
661 799
662 745
662 815
662 862
663 664
663 665
663 783
663 850
663 857
664 666
664 668
664 858
665 666
665 707
666 708
666 718
666 832
666 878
666 920
667 719
667 884
668 827
668 847
669 745
669 821
669 883
670 694
670 747
670 823
670 873
670 881
671 672
671 721
672 673
672 689
672 694
672 722
672 723
672 724
672 759
672 808
672 813
672 822
672 906
673 774
674 725
674 816
675 676
675 888
675 905
675 906
677 730
677 889
677 891
678 679
678 718
678 878
678 1605
680 681
680 706
680 780
682 683
682 835
683 917
684 846
685 686
685 832
685 858
687 729
687 747
688 869
688 923
690 843
691 795
691 809
691 828
691 836
691 900
692 693
693 868
695 696
695 697
695 698
695 708
695 889
696 699
696 709
696 825
696 887
700 780
700 845
701 765
701 777
702 703
702 830
702 910
703 708
703 714
703 812
703 869
703 911
704 744
704 766
704 785
705 706
706 794
707 710
707 713
707 835
708 709
708 710
708 711
708 822
708 836
708 851
708 920
709 712
709 756
709 859
714 715
714 716
714 736
714 804
714 892
714 898
714 900
714 923
715 859
716 859
717 900
717 901
719 720
720 825
726 732
726 856
727 792
727 913
728 736
728 892
730 731
730 750
730 871
732 733
733 743
733 748
733 757
734 735
735 869
735 887
735 918
736 741
736 804
737 738
737 740
738 739
738 740
739 839
740 761
740 764
741 892
742 913
744 788
745 746
745 768
745 769
745 770
746 816
748 753
749 750
750 889
751 821
751 841
751 862
752 753
752 924
753 897
754 787
754 813
754 906
755 774
755 802
755 874
756 774
756 799
756 840
756 912
757 897
758 860
759 762
760 761
760 792
760 827
761 797
762 816
763 764
763 788
763 832
765 767
766 767
768 771
769 772
769 879
770 773
774 775
774 776
774 806
774 817
774 840
778 779
778 863
778 894
779 838
780 803
781 782
782 806
783 826
783 846
784 795
784 925
785 786
785 832
787 906
789 790
789 797
789 799
791 792
791 839
793 794
793 796
793 924
794 820
796 856
797 798
799 800
799 817
801 802
802 1064
804 805
804 807
804 869
804 880
804 891
804 902
805 825
805 859
806 838
806 882
807 892
808 861
809 810
809 828
811 864
811 865
811 868
811 910
812 869
813 814
813 823
813 886
814 840
815 816
815 818
816 817
816 819
816 870
816 876
816 881
816 914
820 897
821 822
821 830
821 883
822 842
822 851
822 852
822 854
822 909
822 911
824 825
824 885
824 890
826 827
826 839
828 829
830 908
831 884
831 889
832 833
832 847
834 902
836 837
836 901
837 843
838 840
840 907
841 842
841 908
843 859
844 873
845 861
846 847
846 857
848 849
848 908
849 909
849 911
850 857
852 853
852 911
854 855
857 858
859 887
859 899
859 912
860 861
861 873
862 921
863 870
863 904
865 866
865 910
867 869
868 869
869 877
870 888
870 893
870 905
870 925
871 872
873 874
873 875
880 890
881 882
884 885
885 889
886 894
890 891
892 902
894 904
895 896
895 925
898 899
901 923
903 904
905 906
906 907
908 909
911 912
911 913
911 915
911 916
913 914
917 918
918 919
921 922
926 1002
926 1066
927 1057
927 1089
928 975
928 1012
929 938
929 984
930 1018
930 1087
931 932
932 943
932 1075
933 968
933 1058
933 1059
933 1077
933 1081
933 1090
933 1094
934 1035
934 1057
935 984
935 1094
936 937
936 1089
937 1058
937 1091
938 975
939 940
940 981
940 990
940 1093
941 943
942 943
944 985
945 1018
945 1068
946 955
946 1087
947 978
948 1090
949 1028
949 1037
950 951
951 1036
951 1058
952 953
952 1087
953 969
953 977
953 996
953 1039
953 1063
953 1071
953 1083
953 1087
953 1096
954 1058
955 956
955 957
955 1001
955 1032
955 1087
956 958
956 1032
956 1077
959 960
959 961
959 976
959 1013
962 963
962 1269
963 1046
963 1057
963 1267
963 1268
964 999
964 1037
965 1002
965 1066
966 1033
966 1057
967 968
968 1081
969 972
969 985
969 996
969 1034
970 1045
970 1067
971 972
971 973
971 978
972 974
975 976
975 980
975 983
975 1021
975 1037
976 1000
976 1013
977 1087
978 979
978 1046
979 1055
979 1062
979 1077
980 1012
981 985
981 1034
981 1047
981 1059
982 1037
982 1053
983 1004
984 993
984 1006
985 1058
985 1083
986 987
986 1075
986 1080
988 1072
988 1087
989 990
990 1093
991 1041
992 996
993 1037
994 1012
995 996
996 1071
996 1084
997 1004
998 1085
998 1087
999 1000
999 1037
999 1065
999 1086
1000 1013
1000 1026
1000 1078
1001 1032
1002 1003
1002 1014
1002 1066
1003 1067
1004 1053
1005 1006
1006 1090
1007 1021
1008 1009
1008 1016
1008 1028
1008 1030
1008 1031
1008 1032
1008 1069
1009 1026
1009 1078
1010 1011
1011 1055
1012 1013
1012 1021
1013 1377
1014 1066
1015 1077
1015 1086
1016 1031
1016 1069
1017 1078
1017 1088
1018 1045
1018 1067
1018 1072
1019 1021
1020 1021
1022 1023
1022 1029
1022 1030
1024 1030
1025 1026
1026 1028
1027 1028
1030 1037
1032 1067
1032 1077
1033 1035
1034 1093
1035 1036
1035 1038
1036 1075
1038 1057
1039 1063
1040 1041
1041 1063
1042 1063
1043 1063
1044 1045
1044 1048
1045 1049
1045 1050
1045 1051
1045 1052
1045 1068
1045 1072
1045 1077
1047 1093
1054 1055
1056 1067
1056 1077
1057 1058
1057 1095
1058 1061
1058 1062
1058 1075
1059 1060
1059 1073
1063 1064
1064 1076
1066 1067
1070 1071
1071 1083
1073 1077
1074 1075
1075 1076
1075 1080
1076 1078
1076 1088
1077 1078
1077 1083
1077 1091
1079 1080
1081 1082
1085 1087
1087 1088
1087 1096
1089 1095
1092 1093
1097 1121
1097 1128
1098 1125
1098 1420
1099 1113
1099 1122
1099 1127
1100 1102
1100 1469
1101 1103
1101 1114
1101 1120
1102 1103
1102 1104
1102 1474
1103 1105
1103 1106
1103 1115
1103 1507
1107 1121
1107 1530
1108 1109
1108 1130
1109 1116
1110 1122
1110 1130
1111 1121
1111 1125
1112 1119
1112 1507
1113 1114
1115 1117
1116 1124
1117 1118
1119 1123
1120 1124
1120 1128
1123 1127
1124 1509
1126 1127
1129 1130
1130 1578
1131 1178
1132 1185
1133 1161
1133 1167
1134 1181
1134 1458
1134 1514
1135 1136
1135 1163
1135 1170
1136 1154
1136 1165
1137 1139
1137 1172
1138 1139
1139 1158
1139 1166
1140 1141
1141 1177
1142 1173
1142 1174
1143 1144
1143 1146
1143 1147
1143 1148
1143 1159
1143 1175
1143 1182
1143 1465
1145 1146
1146 1176
1146 1179
1149 1157
1149 1167
1149 1478
1150 1151
1150 1152
1150 1169
1152 1156
1152 1171
1153 1154
1153 1174
1154 1155
1154 1171
1156 1168
1156 1171
1156 1179
1156 1185
1157 1158
1157 1172
1159 1160
1159 1182
1160 1186
1161 1162
1162 1168
1162 1177
1164 1165
1166 1176
1166 1184
1166 1185
1167 1168
1167 1173
1168 1495
1169 1171
1170 1171
1170 1174
1171 1488
1171 1551
1173 1178
1173 1537
1175 1176
1175 1182
1175 1188
1177 1521
1177 1526
1177 1555
1179 1181
1180 1181
1181 1184
1181 1187
1181 1490
1182 1183
1182 1465
1186 1187
1186 1491
1186 1498
1187 1456
1189 1193
1189 1205
1190 1205
1190 1211
1191 1204
1191 1211
1192 1221
1192 1229
1193 1195
1193 1196
1193 1200
1193 1214
1193 1217
1194 1197
1194 1199
1194 1213
1198 1199
1198 1200
1198 1201
1199 1212
1201 1205
1202 1203
1202 1210
1204 1209
1206 1207
1206 1208
1206 1215
1207 1224
1208 1224
1209 1224
1210 1211
1210 1230
1211 1212
1211 1214
1211 1224
1212 1213
1212 1218
1215 1219
1215 1230
1216 1217
1216 1218
1217 1221
1218 1222
1220 1221
1220 1229
1221 1222
1222 1372
1223 1224
1223 1225
1224 1226
1224 1227
1224 1228
1231 1243
1231 1250
1232 1283
1233 1234
1233 1238
1233 1242
1233 1248
1233 1271
1234 1242
1235 1236
1235 1285
1236 1255
1236 1267
1236 1276
1236 1288
1237 1238
1238 1253
1239 1242
1240 1242
1241 1243
1242 1266
1244 1245
1244 1246
1244 1290
1247 1250
1247 1277
1249 1270
1249 1275
1251 1266
1251 1271
1252 1253
1252 1286
1253 1266
1253 1288
1254 1255
1255 1279
1256 1271
1256 1289
1257 1259
1257 1286
1258 1287
1259 1288
1260 1261
1260 1262
1260 1271
1260 1290
1263 1264
1264 1278
1265 1266
1268 1276
1269 1275
1270 1275
1271 1272
1271 1273
1271 1274
1271 1283
1275 1284
1275 1287
1277 1430
1278 1279
1278 1280
1278 1287
1279 1281
1279 1282
1279 1290
1283 1289
1284 1285
1285 1287
1291 1295
1292 1295
1293 1294
1294 1298
1294 1302
1295 1298
1295 1348
1296 1344
1296 1348
1296 1376
1297 1360
1297 1361
1298 1315
1298 1340
1298 1375
1299 1300
1300 1344
1300 1362
1300 1369
1301 1321
1301 1333
1301 1347
1302 1307
1302 1348
1302 1356
1303 1350
1303 1351
1303 1372
1303 1375
1304 1305
1304 1306
1304 1336
1307 1315
1307 1338
1307 1341
1308 1335
1308 1367
1308 1378
1309 1310
1310 1333
1310 1335
1311 1348
1311 1360
1311 1370
1312 1316
1312 1337
1312 1339
1313 1314
1313 1342
1313 1347
1314 1343
1314 1352
1315 1329
1315 1368
1316 1317
1316 1318
1319 1320
1319 1350
1319 1359
1319 1367
1319 1378
1322 1323
1322 1338
1323 1370
1323 1376
1324 1337
1324 1341
1325 1326
1326 1347
1327 1328
1328 1347
1329 1330
1329 1331
1332 1333
1334 1335
1336 1342
1337 1338
1337 1339
1337 1363
1338 1366
1340 1375
1341 1348
1341 1363
1342 1343
1343 1349
1343 1352
1343 1377
1344 1361
1344 1369
1344 1374
1345 1346
1346 1371
1348 1366
1348 1379
1349 1350
1349 1351
1350 1359
1350 1375
1350 1378
1351 1356
1351 1375
1351 1378
1351 1379
1352 1353
1352 1354
1355 1357
1355 1360
1355 1371
1356 1379
1357 1358
1360 1361
1360 1370
1360 1371
1360 1376
1362 1374
1363 1364
1363 1365
1366 1376
1367 1378
1368 1372
1368 1375
1372 1373
1376 1377
1380 1382
1381 1382
1381 1404
1383 1450
1383 1560
1384 1385
1384 1387
1384 1410
1384 1434
1384 1441
1384 1451
1385 1420
1385 1444
1386 1404
1386 1414
1387 1451
1388 1389
1388 1444
1389 1413
1389 1425
1389 1436
1389 1438
1389 1445
1390 1392
1391 1392
1392 1437
1392 1450
1393 1417
1393 1424
1394 1395
1395 1413
1395 1436
1396 1397
1396 1400
1396 1417
1396 1443
1397 1398
1397 1399
1397 1446
1401 1402
1401 1408
1401 1415
1403 1404
1403 1428
1403 1440
1404 1405
1404 1407
1404 1433
1404 1439
1406 1407
1406 1418
1406 1426
1406 1448
1408 1409
1408 1424
1408 1437
1408 1442
1410 1451
1411 1413
1412 1413
1413 1431
1413 1438
1415 1443
1416 1451
1417 1447
1419 1424
1419 1447
1420 1421
1420 1422
1420 1423
1420 1449
1424 1425
1425 1445
1426 1448
1427 1428
1428 1440
1429 1434
1429 1443
1430 1435
1432 1443
1432 1447
1433 1439
1435 1436
1435 1531
1437 1438
1437 1442
1441 1443
1443 1444
1443 1445
1443 1446
1443 1447
1448 1449
1448 1451
1452 1484
1452 1512
1453 1482
1454 1455
1454 1464
1454 1473
1454 1483
1455 1456
1455 1507
1455 1540
1456 1457
1456 1471
1457 1522
1458 1472
1458 1481
1458 1493
1458 1508
1458 1515
1459 1499
1459 1509
1460 1473
1460 1501
1461 1462
1461 1463
1461 1504
1464 1486
1464 1497
1464 1505
1465 1481
1465 1489
1466 1467
1466 1468
1467 1477
1468 1489
1468 1491
1468 1497
1469 1499
1469 1500
1470 1471
1470 1491
1472 1498
1473 1506
1474 1506
1475 1476
1475 1479
1475 1538
1476 1496
1476 1510
1477 1510
1478 1479
1478 1480
1482 1509
1483 1501
1484 1485
1486 1494
1487 1488
1487 1493
1489 1490
1489 1491
1492 1503
1492 1511
1492 1577
1494 1500
1500 1505
1501 1502
1501 1508
1504 1512
1506 1507
1507 1573
1509 1511
1512 1513
1512 1514
1512 1515
1516 1538
1516 1552
1516 1560
1517 1538
1517 1546
1518 1559
1518 1561
1519 1524
1519 1537
1519 1543
1520 1544
1520 1549
1521 1522
1521 1523
1521 1540
1521 1555
1524 1526
1524 1548
1525 1526
1526 1545
1526 1551
1527 1544
1527 1556
1528 1532
1528 1550
1529 1530
1530 1560
1531 1532
1531 1533
1532 1534
1535 1542
1536 1547
1536 1548
1538 1540
1539 1540
1540 1541
1540 1558
1542 1557
1545 1557
1546 1552
1546 1554
1547 1553
1548 1549
1553 1554
1554 1555
1556 1557
1558 1562
1561 1562
1563 1564
1564 1572
1565 1566
1565 1570
1567 1569
1567 1570
1568 1569
1568 1571
1571 1574
1572 1574
1575 1577
1576 1578
1577 1578
1579 1582
1579 1592
1580 1582
1580 1597
1581 1582
1583 1584
1583 1602
1583 1604
1583 1610
1585 1586
1586 1589
1586 1599
1588 1589
1588 1590
1591 1592
1591 1593
1594 1595
1595 1597
1595 1611
1596 1597
1598 1600
1599 1602
1600 1601
1600 1602
1602 1603
1602 1604
1604 1606
1605 1606
1605 1608
1606 1607
1608 1609
1608 1610
1610 1611
