1454 1923
0 1
0 612
1 390
2 4
3 4
3 129
3 200
4 5
6 88
6 129
7 8
8 9
9 10
9 11
9 27
9 73
10 131
12 97
12 199
13 14
13 185
14 15
14 131
15 195
16 74
16 87
16 118
16 134
17 66
17 134
18 88
18 126
18 132
18 145
19 41
19 137
20 49
20 97
21 22
22 23
22 91
23 24
23 61
23 151
23 152
24 161
25 26
25 46
25 117
26 118
27 33
28 91
28 198
29 30
29 31
29 32
30 32
30 42
30 73
30 128
30 136
32 102
33 119
34 68
34 95
34 180
35 36
36 75
36 99
36 135
37 38
37 39
37 83
37 191
40 46
40 76
40 147
41 134
42 43
43 162
44 68
44 200
45 46
46 47
46 48
46 76
46 117
47 118
47 149
49 162
50 53
50 54
50 113
50 182
50 193
51 54
52 54
55 60
56 60
57 60
58 61
59 62
60 61
60 63
60 513
60 1330
61 62
61 557
61 571
61 1402
62 105
64 79
64 106
65 66
65 206
66 87
67 92
69 70
69 79
69 109
69 181
70 186
71 72
71 196
71 523
72 98
73 107
74 134
75 155
77 78
78 99
78 462
79 80
79 81
79 109
79 158
82 83
82 85
82 120
82 173
82 189
82 193
83 84
86 130
87 149
88 89
88 132
88 168
89 90
92 94
92 129
92 200
93 94
93 100
95 126
95 138
96 164
96 185
96 188
97 136
97 172
98 557
98 573
99 100
99 450
99 457
99 1206
101 102
101 103
102 144
102 186
104 143
104 146
105 110
105 201
105 1174
106 143
106 158
107 154
108 109
110 111
110 112
110 201
110 353
113 116
113 156
114 116
115 116
117 118
119 188
120 123
120 156
120 166
120 167
120 189
121 123
122 123
124 143
124 187
125 127
126 127
126 150
126 172
128 164
128 171
128 188
130 131
133 134
134 135
135 1180
136 137
137 141
137 142
138 140
139 141
140 141
140 142
144 145
144 150
144 153
144 200
144 1324
145 150
145 186
145 200
146 181
147 148
147 149
149 204
150 151
150 152
150 180
153 155
153 198
154 181
156 157
158 159
160 164
160 184
161 162
161 164
162 163
162 166
162 171
164 165
164 167
168 169
168 186
169 170
172 184
173 178
173 179
174 178
174 195
174 202
175 179
176 179
177 178
181 187
182 183
182 193
189 192
190 192
191 192
193 197
194 197
195 196
195 197
200 201
201 202
203 204
203 205
203 206
207 208
207 277
208 240
208 251
209 246
209 266
209 276
210 215
210 241
211 271
211 284
212 238
212 256
213 217
213 264
214 215
214 222
214 248
215 216
217 256
217 260
217 280
218 240
218 251
219 251
219 264
220 221
220 222
222 224
222 280
223 252
223 262
224 280
225 243
225 273
226 234
226 236
226 277
227 228
227 243
227 277
229 285
230 231
230 232
230 233
230 285
234 236
234 244
234 277
235 265
235 269
236 277
237 238
237 253
238 280
239 240
239 253
240 241
240 242
240 255
240 281
242 249
242 257
242 267
242 642
243 277
244 245
246 247
246 263
246 1444
248 249
248 250
248 270
248 271
249 257
249 285
252 263
252 1429
253 254
255 260
256 257
256 260
256 264
256 268
257 267
258 259
259 267
261 262
263 603
265 266
266 267
268 281
269 270
269 272
272 275
273 274
275 276
275 282
275 1434
276 1435
277 278
278 279
282 283
282 1440
284 285
284 286
287 288
287 289
287 314
287 326
287 327
288 297
288 325
289 290
289 299
289 308
289 327
289 1388
291 328
292 333
292 1377
293 317
294 295
295 296
295 298
295 310
295 328
296 304
296 307
296 324
297 299
297 301
298 306
298 336
299 319
299 1353
299 1419
300 301
300 1020
301 302
301 303
301 320
301 1375
304 305
304 311
304 331
304 335
306 307
306 329
308 309
308 319
308 333
310 329
311 312
311 664
313 334
313 681
314 315
314 316
314 326
314 338
315 324
317 318
317 323
317 328
317 338
317 339
319 320
320 1375
321 322
321 335
322 791
324 325
328 336
329 330
329 334
331 332
331 710
334 335
336 337
340 341
340 355
340 362
340 390
342 351
342 369
342 375
343 351
344 345
344 374
346 387
347 348
347 363
347 368
347 376
347 378
349 350
349 352
349 395
351 373
352 353
352 458
353 396
353 1174
354 355
354 360
354 361
355 362
356 357
356 362
358 360
359 361
360 361
362 376
362 383
362 390
362 392
363 368
363 378
364 367
364 386
365 366
365 384
368 379
369 370
369 371
369 372
369 373
370 395
371 378
372 395
373 374
373 387
375 380
375 385
375 386
376 377
376 379
376 381
376 392
377 396
378 379
380 382
381 382
382 391
383 389
384 385
384 389
385 388
388 389
390 1228
391 392
391 393
391 394
395 396
396 1202
397 398
397 406
397 415
398 407
398 410
398 416
399 400
399 403
401 402
401 411
401 425
402 403
402 412
402 423
402 441
403 416
403 439
403 686
403 1353
404 426
405 406
405 407
405 408
405 422
406 1030
407 410
407 420
407 1031
409 410
409 430
410 420
410 429
411 412
411 414
411 424
412 445
413 414
414 426
415 416
415 423
415 445
417 426
418 420
419 420
421 427
421 1338
423 433
424 430
424 431
424 445
425 431
425 437
426 427
426 428
426 429
426 430
426 431
426 438
426 440
426 442
428 1343
429 439
431 432
433 1386
434 435
434 436
434 443
434 696
435 441
437 441
437 443
439 686
443 444
443 607
446 491
446 498
447 467
447 478
448 449
448 471
448 476
448 477
449 454
449 482
450 453
450 497
451 466
451 499
452 476
452 500
453 464
453 479
453 480
453 481
453 500
454 455
454 456
454 458
454 492
455 499
457 459
457 469
457 493
457 496
459 470
460 479
460 492
460 496
461 468
461 471
462 463
462 497
464 465
464 500
466 472
467 472
468 491
469 498
470 490
471 489
473 485
473 495
474 475
474 476
474 495
475 482
475 491
477 483
478 497
480 490
481 489
482 484
482 499
483 500
484 486
484 487
484 488
485 498
489 500
490 492
493 498
494 500
498 499
501 516
502 503
502 534
502 569
502 572
504 505
504 569
504 573
505 544
505 570
506 507
506 526
506 530
507 531
507 571
508 509
508 524
508 543
508 555
509 511
509 525
509 556
510 511
510 517
511 530
511 556
512 564
512 569
513 544
514 515
514 522
514 528
515 516
515 518
516 518
516 526
517 530
517 555
518 564
519 548
519 549
519 558
520 527
520 534
520 549
521 534
521 535
521 565
522 523
522 528
524 525
524 560
525 530
525 568
526 556
528 529
530 531
530 532
530 533
530 555
530 556
530 568
534 575
535 536
536 557
537 538
537 539
537 540
538 541
538 542
538 558
538 569
543 560
545 546
545 547
546 548
546 569
548 551
548 569
548 575
549 550
549 569
552 555
553 555
554 556
555 556
557 562
557 563
557 571
558 559
559 571
560 561
561 568
565 566
566 567
566 575
569 570
569 571
574 575
574 576
577 739
577 835
578 594
578 834
579 580
579 588
579 713
579 818
580 698
580 759
581 582
581 583
581 655
581 665
581 700
581 795
582 725
583 651
583 655
584 667
584 734
584 779
585 586
585 590
585 702
585 766
585 773
586 591
586 593
586 774
587 588
588 589
590 591
590 630
591 631
591 640
591 749
591 793
591 833
592 641
592 798
593 744
593 763
594 667
594 738
594 797
595 617
595 669
595 740
595 788
595 795
596 597
596 643
597 598
597 612
597 617
597 644
597 645
597 646
597 682
597 727
597 732
597 739
597 819
598 694
599 647
599 735
600 601
600 785
600 802
600 819
602 652
602 803
602 805
603 604
603 640
603 793
603 1447
605 606
605 629
605 699
607 762
608 609
608 749
608 774
610 651
610 669
611 784
611 836
613 759
614 713
614 728
614 745
614 752
614 814
615 616
616 783
618 619
618 620
618 621
618 631
618 803
619 622
619 632
619 742
619 801
623 699
623 761
624 688
624 696
625 626
625 747
625 823
626 631
626 636
626 731
626 784
626 824
627 666
627 689
627 704
628 629
629 712
630 631
630 633
631 632
631 634
631 739
631 752
631 767
631 833
632 635
632 679
632 775
636 637
636 638
636 658
636 723
636 806
636 812
636 814
636 836
637 775
638 775
639 814
639 815
641 642
642 742
647 727
648 654
648 772
649 710
649 828
650 658
650 806
652 653
652 672
652 786
654 655
655 670
655 680
655 778
656 657
657 784
657 801
657 831
658 663
658 723
659 660
659 662
660 661
660 662
661 755
662 684
662 687
663 806
664 828
665 778
666 686
667 668
667 691
667 827
668 735
670 675
671 672
672 803
673 738
673 757
673 779
674 675
674 837
675 811
676 706
676 732
676 819
677 694
677 720
677 789
678 679
679 694
679 717
679 756
679 825
680 811
681 776
682 685
683 684
683 710
683 744
684 715
685 735
686 687
686 749
688 690
689 690
691 692
691 693
694 695
694 717
694 725
694 756
697 698
697 780
697 808
698 754
699 721
700 701
701 725
702 743
702 762
703 713
703 838
704 705
704 749
706 819
707 708
707 715
707 717
709 710
709 755
711 712
711 714
711 837
712 811
714 772
715 716
717 718
719 721
719 722
720 722
720 969
723 724
723 726
723 784
723 794
723 805
723 816
724 742
724 775
725 754
725 796
726 806
727 777
728 729
728 745
730 781
730 783
730 823
731 784
732 733
732 740
732 800
733 756
734 735
734 736
735 737
735 785
735 791
735 795
735 828
738 739
738 747
738 797
739 758
739 767
739 768
739 770
739 822
739 824
741 742
741 799
741 804
743 744
743 755
745 746
747 821
748 798
748 803
749 750
749 763
751 816
752 753
752 815
753 759
754 756
756 820
757 758
757 821
759 775
760 788
761 777
762 763
762 773
764 765
764 821
765 822
765 824
766 773
768 769
768 824
770 771
773 774
775 801
775 813
775 825
776 777
777 788
779 834
780 785
780 818
782 784
783 784
784 792
785 802
785 807
785 838
786 787
788 789
788 790
794 804
795 796
798 799
799 803
800 808
804 805
806 816
808 818
809 810
809 838
812 813
815 836
817 818
819 820
821 822
824 825
824 828
824 829
824 830
826 827
826 828
831 832
834 835
839 914
839 970
840 963
840 992
841 887
841 921
842 851
842 896
843 927
843 990
844 845
845 856
845 978
846 850
846 880
846 965
846 980
846 984
846 993
846 997
847 941
847 963
848 896
848 997
849 850
849 992
850 964
851 887
852 853
853 893
853 902
853 996
854 856
855 856
857 927
857 972
858 867
858 990
859 890
860 993
861 936
861 943
862 863
863 942
863 964
864 865
864 990
865 881
865 889
865 908
865 945
865 968
865 974
865 986
865 990
866 964
867 868
867 870
867 913
867 938
867 990
868 869
868 938
868 980
871 872
871 873
871 888
871 922
874 875
874 1142
875 952
875 963
875 1140
875 1141
876 911
876 943
877 914
877 970
878 939
878 963
879 880
880 984
881 884
881 897
881 908
881 986
882 951
882 971
883 884
883 885
883 890
884 886
887 888
887 892
887 895
887 930
887 943
888 912
888 922
889 990
890 891
890 952
891 893
891 940
891 961
892 921
893 953
893 980
893 996
894 943
894 959
895 916
896 905
896 993
897 964
897 986
898 899
898 978
898 983
900 975
900 990
901 902
902 996
903 947
904 908
905 959
906 921
907 908
908 974
908 987
909 916
910 988
910 990
911 912
911 943
911 989
912 922
912 937
912 981
913 938
914 915
914 923
915 971
916 959
917 918
917 925
917 936
917 938
918 937
918 981
919 920
920 961
921 922
921 930
922 1235
923 970
924 980
924 989
926 981
926 991
927 951
927 971
927 975
928 930
929 930
931 932
931 935
931 936
933 936
934 937
935 936
936 937
936 943
938 971
938 980
939 941
940 964
941 942
941 944
942 978
944 963
945 968
946 947
947 968
948 968
949 968
950 951
950 954
951 955
951 956
951 957
951 958
951 972
951 975
951 980
953 996
960 961
962 971
962 980
963 964
964 965
964 967
964 978
965 966
965 976
965 994
968 969
969 979
970 971
973 974
974 986
976 980
977 978
978 979
978 983
979 981
979 991
980 981
980 986
980 994
982 983
984 985
988 990
990 991
995 996
998 1023
998 1029
999 1027
999 1392
1000 1015
1000 1024
1000 1028
1001 1003
1001 1252
1002 1004
1002 1016
1002 1022
1003 1004
1003 1005
1003 1257
1004 1006
1004 1007
1004 1017
1004 1284
1008 1023
1008 1305
1009 1010
1009 1031
1010 1018
1011 1024
1011 1031
1012 1018
1012 1026
1013 1023
1013 1027
1014 1021
1014 1284
1015 1016
1017 1019
1019 1020
1020 1023
1021 1025
1022 1026
1022 1029
1025 1028
1026 1286
1030 1031
1031 1352
1032 1074
1033 1085
1034 1062
1034 1068
1035 1081
1035 1242
1035 1291
1036 1037
1036 1064
1036 1071
1037 1055
1037 1066
1038 1040
1038 1073
1039 1040
1040 1059
1040 1067
1041 1042
1042 1078
1043 1074
1043 1075
1044 1045
1044 1047
1044 1048
1044 1049
1044 1060
1044 1076
1044 1082
1044 1248
1046 1047
1047 1077
1047 1079
1050 1058
1050 1068
1050 1261
1051 1052
1051 1053
1051 1070
1053 1057
1053 1072
1054 1055
1054 1075
1055 1056
1055 1072
1057 1069
1057 1072
1057 1079
1057 1085
1058 1059
1058 1073
1060 1061
1060 1082
1061 1086
1062 1063
1063 1069
1063 1078
1064 1065
1065 1066
1067 1077
1067 1084
1067 1085
1068 1069
1068 1074
1070 1072
1071 1072
1071 1075
1072 1271
1072 1325
1074 1312
1076 1077
1076 1082
1076 1088
1078 1298
1078 1301
1079 1081
1080 1081
1081 1084
1081 1087
1082 1083
1082 1248
1086 1087
1086 1273
1086 1278
1087 1241
1089 1090
1089 1092
1090 1104
1091 1099
1091 1104
1092 1093
1092 1094
1092 1096
1092 1098
1092 1106
1092 1107
1092 1109
1095 1096
1095 1097
1095 1098
1097 1105
1099 1103
1100 1101
1100 1102
1100 1108
1101 1113
1102 1113
1103 1113
1104 1105
1104 1106
1104 1113
1105 1230
1108 1110
1109 1111
1111 1230
1112 1113
1112 1114
1113 1115
1113 1116
1113 1117
1118 1129
1118 1133
1119 1120
1119 1124
1119 1128
1119 1131
1119 1144
1120 1128
1121 1122
1121 1153
1122 1135
1122 1136
1122 1140
1122 1141
1123 1124
1124 1135
1125 1128
1126 1128
1127 1128
1127 1129
1128 1139
1130 1133
1130 1149
1132 1143
1132 1148
1134 1139
1134 1144
1135 1139
1136 1151
1137 1154
1138 1144
1138 1151
1142 1148
1143 1148
1144 1145
1144 1146
1144 1147
1148 1152
1148 1154
1149 1401
1150 1151
1150 1154
1152 1153
1153 1154
1155 1158
1156 1157
1157 1161
1157 1165
1158 1161
1158 1207
1159 1203
1159 1207
1159 1234
1160 1219
1160 1220
1161 1175
1161 1199
1161 1233
1162 1163
1163 1203
1163 1221
1163 1227
1164 1180
1164 1192
1164 1206
1165 1167
1165 1207
1165 1215
1166 1209
1166 1210
1166 1230
1166 1233
1167 1175
1167 1197
1167 1200
1168 1194
1168 1225
1168 1236
1169 1170
1170 1192
1170 1194
1171 1207
1171 1219
1171 1228
1172 1176
1172 1196
1172 1198
1173 1174
1173 1201
1173 1206
1174 1202
1174 1211
1175 1188
1175 1226
1176 1177
1178 1179
1178 1209
1178 1218
1178 1225
1178 1236
1181 1182
1181 1197
1182 1228
1182 1234
1183 1196
1183 1200
1184 1185
1185 1206
1186 1187
1187 1206
1188 1189
1188 1190
1191 1192
1193 1194
1195 1201
1196 1197
1196 1198
1196 1222
1197 1224
1199 1233
1200 1207
1200 1222
1201 1202
1202 1208
1202 1211
1202 1235
1203 1220
1203 1227
1203 1232
1204 1205
1205 1229
1207 1224
1207 1237
1208 1209
1208 1210
1209 1218
1209 1233
1209 1236
1210 1215
1210 1236
1210 1237
1211 1212
1211 1213
1214 1216
1214 1219
1214 1229
1215 1237
1216 1217
1219 1220
1219 1228
1219 1229
1219 1234
1221 1232
1222 1223
1224 1234
1225 1236
1226 1230
1226 1233
1230 1231
1234 1235
1238 1268
1238 1289
1239 1240
1239 1247
1239 1256
1239 1266
1240 1241
1240 1284
1240 1315
1241 1254
1242 1255
1242 1264
1242 1275
1242 1285
1242 1292
1243 1279
1243 1286
1244 1256
1244 1281
1245 1246
1245 1265
1246 1271
1247 1253
1247 1269
1247 1282
1248 1264
1248 1272
1249 1250
1249 1251
1250 1260
1251 1253
1251 1272
1251 1273
1252 1279
1252 1280
1253 1254
1253 1273
1255 1278
1256 1283
1257 1283
1258 1259
1258 1262
1258 1313
1259 1277
1260 1287
1261 1262
1261 1263
1263 1267
1265 1289
1266 1281
1267 1287
1269 1276
1270 1271
1270 1275
1272 1273
1274 1288
1274 1351
1276 1280
1280 1282
1281 1285
1283 1284
1284 1347
1286 1288
1289 1290
1289 1291
1289 1292
1293 1313
1293 1326
1293 1333
1294 1313
1294 1319
1295 1332
1295 1335
1296 1299
1296 1312
1296 1318
1297 1302
1297 1323
1298 1315
1299 1301
1299 1321
1300 1301
1301 1325
1301 1330
1302 1329
1303 1308
1303 1324
1304 1305
1305 1333
1306 1307
1306 1322
1307 1308
1307 1309
1307 1406
1308 1310
1311 1320
1311 1321
1313 1315
1314 1315
1315 1316
1315 1334
1317 1322
1317 1330
1319 1326
1319 1328
1320 1327
1321 1323
1327 1328
1329 1330
1331 1334
1333 1355
1334 1336
1335 1336
1337 1338
1338 1346
1339 1340
1339 1344
1341 1343
1341 1344
1342 1343
1342 1345
1345 1348
1346 1348
1349 1351
1350 1352
1351 1352
1353 1354
1354 1377
1355 1420
1356 1357
1356 1360
1356 1405
1356 1411
1356 1421
1357 1392
1357 1414
1358 1377
1358 1386
1359 1411
1359 1413
1360 1382
1361 1362
1361 1414
1362 1385
1362 1397
1362 1407
1362 1415
1363 1365
1364 1365
1365 1380
1365 1408
1365 1420
1366 1389
1366 1396
1367 1385
1367 1407
1368 1369
1368 1372
1368 1389
1368 1413
1369 1370
1369 1371
1369 1416
1373 1374
1373 1380
1373 1387
1375 1377
1376 1377
1376 1400
1376 1410
1377 1379
1377 1404
1377 1409
1378 1379
1378 1390
1378 1398
1378 1418
1380 1381
1380 1396
1380 1412
1382 1421
1383 1385
1384 1385
1385 1402
1387 1413
1388 1421
1389 1417
1391 1396
1391 1417
1392 1393
1392 1394
1392 1395
1392 1419
1396 1397
1397 1415
1398 1418
1399 1400
1400 1410
1401 1406
1403 1413
1403 1417
1404 1409
1405 1413
1406 1407
1408 1412
1413 1414
1413 1415
1413 1416
1413 1417
1418 1419
1418 1421
1422 1423
1422 1424
1423 1434
1424 1439
1425 1426
1425 1444
1425 1446
1425 1452
1427 1428
1428 1431
1428 1441
1430 1431
1430 1432
1433 1434
1433 1435
1436 1437
1437 1439
1437 1453
1438 1439
1440 1442
1441 1444
1442 1443
1444 1445
1444 1446
1446 1448
1447 1448
1447 1450
1448 1449
1450 1451
1450 1452
1452 1453
