1723 2394
0 1416
1 1174
2 1106
3 1083
4 598
5 1504
6 528
7 8
8 90
9 10
10 484
11 13
12 13
13 284
14 597
15 1641
16 1641
17 1648
18 20
19 20
20 596
21 1581
22 1581
23 1568
24 595
25 26
26 27
27 594
28 593
29 31
30 31
31 592
32 33
33 591
34 590
35 1173
36 1153
37 488
38 1410
39 521
40 1172
41 42
42 589
43 588
44 588
45 46
46 1121
47 587
48 1681
49 586
50 1650
51 1624
52 1521
53 585
54 584
55 58
56 1658
57 58
58 967
59 1722
60 1605
61 1605
62 1605
63 1605
64 507
65 1171
66 1491
67 1591
68 69
69 70
70 1508
71 72
72 486
73 1168
74 1097
75 1167
76 1459
77 583
78 1627
79 1627
80 1627
81 1166
82 1091
83 1091
84 85
85 1091
86 1143
87 88
88 89
89 90
90 706
91 1540
92 582
93 1642
94 1161
95 96
96 481
97 1642
98 1565
99 579
100 581
101 1455
102 1539
103 1165
104 578
105 1163
106 577
107 577
108 111
109 111
110 111
111 112
112 1376
113 188
114 1540
115 1128
116 1448
117 1448
118 1448
119 1448
120 1448
121 122
122 1448
123 1162
124 125
125 1584
126 576
127 575
128 572
129 571
130 748
131 748
132 237
133 570
134 569
135 569
136 569
137 1161
138 1533
139 1637
140 1637
141 1637
142 1637
143 1665
144 1665
145 1665
146 566
147 565
148 149
149 1397
150 151
151 548
152 1160
153 564
154 1652
155 1480
156 1480
157 1480
158 1480
159 1480
160 563
161 1159
162 1159
163 1159
164 1689
165 1689
166 1689
167 168
168 561
169 170
170 1158
171 172
172 173
173 1277
173 1308
173 1464
173 1620
173 1679
174 559
175 550
176 1439
177 1092
178 557
179 1540
180 553
181 553
182 769
183 556
184 556
185 1682
186 187
187 188
188 1574
189 190
190 1489
191 554
192 553
193 552
194 1697
195 551
196 1157
197 1157
198 549
199 200
200 547
201 203
202 203
203 546
204 463
205 1599
206 545
207 544
208 1638
209 543
210 542
211 1155
212 539
213 214
214 1619
215 538
216 463
217 218
218 219
219 352
220 1153
221 1154
222 1067
223 224
224 225
225 226
226 227
227 535
228 1085
229 230
230 534
231 533
232 233
233 530
234 1655
235 1655
236 237
237 748
238 526
239 525
240 1153
241 1095
242 1095
243 524
244 524
245 523
246 248
247 248
248 491
249 522
250 522
251 253
252 253
253 1453
254 520
255 257
256 257
257 1152
258 1447
259 1447
260 1105
261 560
262 560
263 264
264 519
265 266
266 518
267 268
268 1151
269 270
270 1151
271 516
272 515
273 514
274 1150
275 276
276 277
277 1495
278 512
279 1646
280 1646
281 511
282 284
283 284
284 285
285 1376
286 510
287 508
288 506
289 506
290 505
291 503
292 502
293 1510
294 501
295 1012
296 297
297 1012
298 499
299 300
300 301
301 302
302 498
303 1355
304 1355
305 496
306 495
307 494
308 493
309 1149
310 492
311 1700
312 1149
313 1107
314 1148
315 1147
316 1147
317 491
318 491
319 321
320 321
321 489
322 487
323 1146
324 486
325 485
326 484
327 1145
328 483
329 483
330 483
331 482
332 482
333 481
334 1099
335 1099
336 1099
337 1099
338 1099
339 1686
340 1144
341 342
342 1697
343 1659
344 1659
345 1659
346 347
347 1659
348 1702
349 480
350 1565
351 352
352 353
353 1143
354 1612
355 1612
356 1415
357 1415
358 1658
359 1458
360 479
361 1457
362 1142
363 1142
364 478
365 1384
366 368
367 368
368 369
369 477
370 1709
371 1709
372 476
373 476
374 497
375 475
376 1540
377 1425
378 1421
379 474
380 1141
381 1141
382 1141
383 1141
384 473
385 1595
386 1140
387 1140
388 1139
389 1567
390 1567
391 1138
392 393
393 472
394 395
395 1438
396 1170
397 398
398 1659
399 400
400 1659
401 1450
402 1137
403 471
404 406
405 406
406 433
407 470
408 470
409 469
410 527
411 412
412 1136
413 1135
414 468
415 1450
416 1090
417 467
418 513
419 1134
420 1688
421 1688
422 466
423 1093
424 465
425 465
426 1357
427 428
428 464
429 463
430 1133
431 728
432 433
433 1252
434 1540
435 462
436 437
437 1531
438 1495
439 1132
440 1132
441 1131
442 1534
443 1534
444 1130
445 1130
446 1129
447 448
448 1703
449 1593
450 1593
451 1128
452 1500
453 461
454 461
455 457
456 457
457 460
458 459
459 1124
459 1534
460 618
460 1633
461 1596
461 1598
462 612
462 1581
463 1129
463 1563
464 1132
464 1654
465 692
465 1529
466 478
466 1372
467 1332
467 1362
468 1536
468 1652
469 1512
469 1540
470 637
470 1117
471 1259
471 1524
472 581
472 1642
473 831
473 1663
474 552
474 1452
475 1251
475 1565
476 1569
476 1709
477 1411
477 1585
478 1282
479 1339
479 1674
480 561
480 562
481 508
481 509
482 1127
482 1580
483 524
483 641
484 1211
484 1642
485 523
485 525
486 667
486 1114
487 488
487 1452
488 1452
489 490
489 879
490 879
491 1447
491 1693
492 1466
492 1700
493 934
493 1687
494 495
494 1139
495 1531
496 497
496 1682
497 1126
497 1682
498 887
498 897
499 500
499 640
500 640
500 1448
501 1564
501 1696
502 851
502 1445
503 504
503 871
504 591
504 871
505 920
505 1472
506 507
506 537
507 537
508 1492
509 1461
509 1492
510 901
510 1408
511 1487
511 1489
512 513
512 1706
513 565
513 1244
513 1245
513 1253
513 1564
513 1707
514 515
514 1666
515 1183
516 517
516 1421
517 1125
517 1421
518 594
518 1341
519 805
519 1498
520 521
520 1252
521 1252
522 1320
522 1322
523 1667
524 1095
525 1473
526 527
526 528
527 528
527 1578
528 529
528 1578
529 1455
529 1578
530 531
530 871
531 532
531 871
532 870
532 871
533 856
533 1491
534 1124
534 1534
535 536
535 537
536 537
537 598
537 1487
538 1451
538 1577
539 540
539 541
540 541
540 1485
541 1481
542 1048
542 1379
543 643
543 1652
544 545
544 1599
545 1436
546 1629
546 1647
547 548
547 1348
548 1348
549 550
549 1123
550 1123
551 1342
551 1697
552 1033
553 1067
553 1451
554 555
554 1122
555 1122
556 1552
556 1585
557 558
557 1092
558 1092
559 560
559 1121
560 582
560 1121
561 1491
562 1093
562 1491
563 1446
563 1693
564 624
564 1047
565 1120
566 567
566 568
567 568
568 1699
569 1227
569 1588
570 755
570 1109
571 572
571 573
572 573
573 574
574 1137
574 1397
575 1119
575 1588
576 1584
576 1641
577 879
577 1101
578 1118
578 1489
579 580
579 581
580 581
580 1378
582 785
583 1221
583 1238
584 967
584 1239
585 967
585 1239
586 1111
586 1112
587 1129
587 1356
588 795
588 1200
589 829
589 1624
590 641
590 687
591 872
592 753
592 872
593 1237
593 1535
594 664
595 1237
595 1535
596 1397
596 1507
597 1402
597 1490
598 1054
599 602
599 922
600 1370
600 1538
601 602
601 1324
603 1496
603 1691
604 1511
604 1692
605 1176
605 1692
606 722
606 1686
607 1173
607 1524
608 1275
608 1613
609 1059
609 1610
610 1239
610 1664
611 815
611 1403
612 1258
613 614
613 1158
614 908
615 1452
615 1495
616 1412
616 1500
617 1457
617 1504
618 1256
619 906
619 1283
620 1483
620 1485
621 900
621 1037
622 1235
622 1236
623 821
623 1576
624 1490
625 626
625 1453
626 1616
627 1028
627 1074
628 1004
628 1063
629 917
629 1544
630 677
630 1648
631 990
631 1435
632 799
632 1183
633 1087
633 1266
634 1156
634 1367
635 1187
635 1206
636 759
636 912
637 1062
638 972
638 1284
639 640
639 1496
640 1496
642 1190
642 1509
643 1501
644 773
644 1210
645 646
645 1391
646 1632
647 694
647 709
648 1040
648 1532
649 1089
649 1443
650 1222
650 1515
651 1196
651 1704
652 1117
652 1445
653 654
653 1627
654 689
655 994
655 1656
656 1086
656 1252
657 1633
657 1638
658 965
658 1096
659 1096
659 1701
660 1548
660 1701
661 662
661 1699
662 1699
663 1115
663 1116
664 1646
665 1455
665 1576
666 667
666 1114
667 1508
668 1114
668 1397
669 674
669 1508
670 674
670 1508
671 674
671 1507
672 1507
672 1648
673 674
673 1507
675 1111
675 1112
676 1203
676 1648
677 1297
678 728
678 729
679 1142
679 1521
680 1104
680 1717
681 732
681 1106
682 1620
682 1677
683 1146
683 1412
684 1461
684 1721
685 944
685 1558
686 687
686 1095
687 1236
688 1162
688 1621
689 1226
690 1463
690 1722
691 759
691 1693
692 1624
693 910
693 1432
694 1024
695 1091
695 1388
696 1216
696 1368
697 1085
697 1488
698 1168
698 1557
699 700
699 1440
700 1440
701 1457
701 1654
702 1152
702 1627
703 1428
703 1619
704 1605
704 1661
705 706
705 1087
706 1087
706 1379
707 1093
707 1615
708 715
708 1237
709 887
710 881
710 1435
711 841
711 1697
712 1161
712 1561
713 1260
713 1565
714 715
714 1237
715 777
715 1237
716 1397
716 1509
717 788
717 1241
718 1089
718 1444
719 720
719 1048
720 1047
721 1398
721 1545
722 1106
723 891
723 1694
724 1130
724 1632
725 968
725 1534
726 727
726 728
727 728
727 729
728 729
729 1056
729 1347
730 782
730 1210
731 1082
731 1449
732 765
733 1385
733 1687
734 735
734 1186
735 1559
736 1031
736 1653
737 816
737 975
738 928
738 1680
739 1635
739 1663
740 1584
740 1674
741 1110
741 1590
742 1248
742 1582
743 1635
743 1663
744 877
744 1324
745 791
745 996
746 1139
746 1701
747 748
747 1691
748 1228
748 1691
749 798
749 1208
750 1447
750 1700
751 935
751 1639
752 995
752 1694
753 870
754 755
754 1109
755 1555
756 1038
756 1070
757 1216
757 1478
758 1086
758 1382
760 1108
760 1619
761 1107
761 1628
762 1255
762 1584
763 1148
763 1456
764 765
764 1106
765 1681
766 905
766 924
767 800
767 1199
768 769
768 1528
769 909
769 1528
770 1086
770 1382
771 1636
771 1715
772 1316
772 1460
773 1207
774 985
774 1695
775 986
775 1417
776 882
776 1266
777 1235
778 1576
778 1578
779 1463
779 1492
780 1089
780 1443
781 1388
781 1456
782 1632
783 895
783 903
784 1199
784 1635
785 1209
786 1188
786 1575
787 1591
787 1640
788 907
789 833
789 1091
790 1593
790 1644
791 1686
792 1105
792 1644
793 1077
793 1078
794 1018
794 1309
795 1493
796 854
796 1329
797 1001
797 1696
798 1209
799 1422
800 1366
801 834
801 1717
802 828
802 1666
803 1591
803 1609
804 1642
804 1643
805 1424
806 1498
806 1666
807 1659
807 1694
808 1315
808 1601
809 1078
809 1082
810 1372
810 1611
811 1102
811 1593
812 1465
812 1485
813 912
813 1343
814 1090
814 1550
815 1176
816 1283
817 818
817 819
818 819
818 1292
819 1587
820 1120
820 1669
821 1455
822 1304
822 1555
823 933
823 1571
824 825
824 1529
825 1007
825 1529
826 1278
826 1365
827 828
827 1638
829 1427
830 1182
830 1598
831 990
832 890
832 1621
833 998
834 1104
835 1289
835 1504
836 837
836 1072
837 1071
838 839
838 1454
839 845
840 980
840 1360
841 842
842 843
843 1244
844 1235
844 1238
845 846
846 1383
846 1454
847 1619
847 1665
848 862
848 1096
849 1505
849 1685
850 1154
850 1566
851 1444
852 884
852 1495
853 919
853 1661
854 1432
855 989
855 1154
856 1143
857 1219
857 1628
858 859
858 1307
859 1034
860 1103
860 1636
861 1060
861 1485
862 1549
863 1433
863 1581
864 866
864 1501
865 866
865 989
867 868
867 1085
868 1054
868 1085
869 1608
869 1683
871 1065
872 963
873 889
873 1697
874 875
874 1102
875 1042
875 1102
876 877
876 1323
877 1323
878 879
878 1101
879 1471
880 891
880 1359
881 1099
882 1488
883 1451
883 1495
884 1577
885 1335
885 1671
886 1100
886 1637
888 1099
888 1554
889 1659
890 1416
892 1554
892 1638
893 1197
893 1394
894 1113
894 1195
895 968
896 1360
896 1676
897 1540
898 1025
898 1540
899 1067
899 1451
900 1525
901 1158
902 903
902 1662
904 1302
904 1680
905 1194
906 1198
907 1695
908 940
909 1699
910 1692
911 1298
911 1471
913 1496
913 1691
914 1144
914 1542
915 1198
915 1394
916 946
916 1304
917 1503
918 1231
918 1507
919 920
921 1300
921 1327
922 1327
923 1554
923 1667
924 930
925 1178
925 1530
926 927
926 1506
927 937
928 1608
929 1016
929 1640
930 1692
931 1453
931 1697
932 1453
932 1697
933 1501
934 1525
935 1472
936 962
936 1212
937 1212
938 979
938 1394
939 940
939 1675
941 1300
941 1515
942 1300
942 1638
943 1032
943 1327
944 1167
945 1558
945 1634
946 1366
947 1006
947 1459
948 1160
948 1357
949 1418
949 1420
950 1222
950 1330
951 952
951 1459
952 1634
953 1315
953 1601
954 963
954 1484
955 1021
955 1637
956 1449
956 1550
957 1035
957 1382
958 1077
958 1078
959 961
959 1669
960 961
960 1098
961 1098
962 1390
964 1097
964 1577
965 1701
966 967
966 1095
967 1095
969 975
969 1394
970 1016
970 1504
971 1314
971 1315
972 1633
973 1422
973 1425
974 1120
974 1616
976 1094
976 1438
977 1043
977 1311
978 1093
978 1615
979 1504
980 1352
981 1516
981 1656
982 1516
982 1656
983 1088
983 1443
984 1496
984 1691
985 1390
986 991
987 1317
987 1318
988 1246
988 1384
991 1130
992 1092
992 1577
993 994
993 1516
994 1516
995 1372
996 1247
997 1640
997 1659
998 1388
999 1103
999 1366
1000 1090
1000 1496
1001 1611
1002 1084
1002 1449
1003 1144
1003 1653
1004 1330
1005 1460
1005 1642
1006 1631
1007 1591
1008 1009
1008 1549
1009 1545
1009 1549
1010 1523
1010 1573
1011 1012
1011 1088
1012 1088
1012 1444
1013 1246
1013 1676
1014 1115
1014 1430
1015 1331
1015 1356
1017 1635
1017 1636
1018 1135
1019 1410
1019 1651
1020 1051
1020 1284
1021 1109
1022 1333
1022 1549
1023 1024
1023 1025
1024 1025
1026 1087
1026 1488
1027 1294
1027 1618
1028 1336
1029 1247
1029 1688
1030 1301
1030 1505
1031 1403
1032 1637
1033 1495
1034 1699
1035 1086
1036 1249
1036 1699
1037 1689
1038 1506
1039 1124
1039 1535
1040 1124
1041 1316
1041 1516
1042 1614
1043 1463
1044 1262
1044 1615
1045 1046
1045 1047
1046 1048
1048 1379
1049 1157
1049 1684
1050 1223
1050 1225
1051 1635
1052 1481
1052 1483
1053 1430
1053 1482
1055 1056
1055 1348
1056 1348
1057 1084
1057 1496
1058 1406
1058 1476
1059 1525
1060 1337
1061 1118
1061 1379
1062 1687
1063 1631
1064 1600
1064 1687
1065 1116
1066 1067
1066 1451
1067 1580
1068 1346
1068 1699
1069 1256
1069 1619
1070 1613
1071 1083
1072 1083
1072 1364
1073 1504
1073 1654
1074 1382
1075 1480
1075 1586
1076 1077
1076 1078
1077 1082
1079 1177
1079 1560
1080 1081
1080 1584
1081 1177
1081 1584
1082 1450
1082 1550
1083 1175
1083 1362
1084 1448
1084 1496
1085 1486
1085 1487
1086 1251
1087 1488
1088 1089
1089 1441
1089 1444
1090 1450
1090 1496
1090 1550
1091 1493
1091 1716
1092 1439
1092 1440
1092 1577
1093 1402
1094 1438
1094 1481
1094 1482
1095 1236
1095 1237
1096 1548
1097 1437
1097 1577
1097 1579
1098 1436
1098 1671
1099 1554
1099 1666
1100 1325
1100 1326
1100 1637
1101 1551
1101 1596
1102 1528
1103 1555
1103 1636
1104 1434
1104 1685
1105 1433
1105 1563
1105 1644
1106 1432
1107 1218
1107 1219
1107 1628
1108 1607
1108 1619
1108 1636
1109 1431
1110 1536
1110 1590
1110 1651
1111 1113
1111 1297
1112 1195
1112 1297
1113 1295
1114 1137
1114 1397
1115 1116
1115 1485
1116 1485
1117 1429
1117 1445
1118 1214
1118 1489
1119 1164
1119 1588
1119 1604
1120 1672
1121 1210
1121 1556
1122 1319
1122 1428
1122 1639
1123 1427
1123 1557
1123 1658
1125 1418
1125 1419
1125 1421
1126 1620
1126 1621
1126 1682
1127 1451
1127 1579
1127 1580
1128 1526
1128 1613
1128 1700
1129 1357
1130 1534
1131 1416
1131 1533
1131 1620
1132 1599
1132 1657
1133 1511
1133 1569
1133 1710
1134 1143
1134 1401
1134 1490
1135 1308
1135 1677
1136 1415
1136 1645
1136 1702
1137 1172
1138 1414
1138 1567
1138 1621
1139 1574
1140 1492
1140 1595
1140 1674
1141 1142
1141 1660
1141 1663
1142 1660
1143 1401
1144 1686
1145 1249
1145 1413
1145 1593
1146 1586
1146 1587
1147 1223
1147 1224
1147 1226
1148 1559
1148 1627
1149 1506
1149 1661
1149 1700
1150 1513
1150 1540
1150 1570
1151 1411
1151 1666
1151 1667
1152 1551
1152 1598
1153 1171
1153 1531
1153 1691
1154 1410
1155 1156
1155 1603
1155 1604
1156 1603
1156 1604
1157 1409
1157 1502
1158 1600
1159 1466
1159 1498
1159 1664
1160 1358
1160 1359
1161 1640
1161 1694
1162 1407
1162 1553
1163 1164
1163 1588
1163 1604
1164 1227
1165 1406
1165 1478
1165 1539
1166 1509
1166 1579
1166 1580
1167 1532
1167 1630
1168 1169
1168 1170
1169 1170
1169 1557
1170 1622
1170 1656
1171 1405
1171 1691
1172 1397
1172 1649
1173 1404
1173 1623
1174 1523
1174 1575
1174 1690
1175 1364
1175 1608
1176 1720
1177 1562
1178 1615
1178 1674
1179 1650
1179 1678
1179 1680
1180 1401
1180 1402
1180 1719
1181 1400
1181 1596
1181 1625
1182 1625
1182 1626
1183 1340
1184 1527
1184 1641
1184 1657
1185 1568
1185 1650
1185 1677
1186 1399
1186 1606
1187 1398
1187 1503
1188 1496
1188 1690
1189 1248
1189 1582
1189 1584
1190 1397
1190 1507
1191 1529
1191 1609
1191 1622
1192 1396
1192 1513
1192 1617
1193 1528
1193 1594
1193 1689
1194 1403
1194 1610
1195 1296
1196 1367
1196 1517
1197 1198
1197 1371
1198 1371
1199 1284
1200 1606
1200 1665
1201 1392
1201 1393
1201 1684
1202 1355
1202 1544
1202 1545
1203 1297
1203 1386
1204 1230
1204 1231
1204 1232
1205 1419
1205 1420
1205 1425
1206 1503
1206 1543
1207 1209
1207 1391
1208 1210
1208 1391
1211 1527
1211 1595
1212 1661
1213 1375
1213 1377
1213 1420
1214 1489
1214 1491
1215 1462
1215 1463
1215 1492
1216 1290
1217 1389
1217 1560
1217 1583
1218 1219
1218 1473
1219 1473
1219 1625
1219 1628
1220 1461
1220 1462
1220 1601
1221 1239
1221 1630
1222 1630
1223 1226
1224 1225
1224 1388
1225 1388
1227 1526
1228 1387
1228 1690
1229 1404
1229 1518
1229 1624
1230 1232
1230 1386
1231 1232
1231 1386
1231 1507
1232 1386
1232 1698
1233 1354
1233 1471
1233 1596
1234 1470
1234 1538
1234 1539
1236 1238
1239 1535
1240 1612
1240 1645
1240 1679
1241 1385
1241 1645
1242 1414
1242 1567
1242 1568
1243 1566
1243 1571
1243 1703
1244 1245
1245 1359
1246 1383
1247 1525
1248 1641
1249 1593
1250 1589
1250 1651
1250 1652
1251 1252
1252 1565
1252 1690
1253 1358
1253 1564
1254 1381
1254 1571
1254 1703
1255 1380
1255 1582
1256 1638
1257 1258
1257 1543
1257 1581
1258 1546
1259 1537
1259 1591
1260 1523
1260 1574
1261 1293
1261 1367
1261 1517
1262 1652
1262 1671
1263 1517
1263 1522
1263 1603
1264 1442
1264 1443
1264 1446
1265 1321
1265 1323
1265 1326
1266 1489
1267 1378
1267 1582
1267 1583
1268 1519
1268 1589
1268 1672
1269 1645
1269 1695
1269 1702
1270 1437
1270 1494
1270 1576
1271 1410
1271 1566
1271 1570
1272 1374
1272 1376
1272 1420
1273 1371
1273 1395
1273 1611
1274 1599
1274 1655
1274 1697
1275 1521
1275 1605
1276 1601
1276 1656
1276 1721
1277 1408
1277 1676
1278 1363
1278 1608
1279 1373
1279 1520
1279 1592
1280 1390
1280 1661
1280 1702
1281 1520
1281 1675
1281 1683
1282 1283
1282 1371
1285 1638
1285 1664
1285 1665
1286 1456
1286 1493
1286 1559
1287 1519
1287 1590
1287 1651
1288 1514
1288 1539
1288 1586
1289 1395
1289 1654
1290 1369
1290 1478
1291 1518
1291 1537
1291 1622
1292 1470
1292 1662
1293 1367
1293 1603
1294 1513
1294 1540
1295 1297
1295 1508
1296 1297
1296 1508
1298 1354
1298 1649
1299 1499
1299 1688
1299 1699
1301 1542
1301 1685
1302 1567
1302 1568
1303 1419
1303 1421
1303 1423
1304 1633
1305 1332
1305 1361
1305 1365
1306 1348
1306 1596
1306 1649
1307 1572
1307 1617
1308 1309
1309 1408
1310 1423
1310 1424
1310 1666
1311 1670
1311 1722
1312 1360
1312 1695
1312 1702
1313 1314
1313 1315
1313 1516
1314 1516
1314 1601
1315 1316
1316 1601
1317 1319
1317 1634
1318 1319
1318 1634
1319 1634
1320 1321
1320 1326
1321 1323
1322 1323
1322 1324
1322 1326
1324 1325
1325 1327
1328 1541
1328 1617
1328 1703
1329 1610
1329 1686
1330 1515
1331 1358
1331 1564
1332 1365
1333 1334
1333 1547
1334 1355
1334 1549
1335 1618
1335 1709
1336 1565
1336 1578
1337 1486
1337 1673
1338 1609
1338 1655
1338 1659
1339 1590
1339 1615
1340 1424
1340 1666
1341 1612
1341 1679
1342 1453
1342 1562
1343 1547
1343 1581
1344 1375
1344 1376
1344 1425
1345 1514
1345 1538
1345 1602
1346 1594
1346 1703
1347 1354
1347 1596
1348 1354
1348 1649
1349 1512
1349 1570
1349 1572
1350 1597
1350 1598
1350 1668
1351 1511
1351 1541
1351 1617
1352 1676
1352 1704
1353 1510
1353 1644
1353 1696
1354 1647
1355 1547
1355 1549
1356 1357
1357 1564
1361 1363
1361 1364
1362 1363
1364 1684
1365 1682
1368 1369
1368 1370
1368 1480
1369 1370
1369 1477
1369 1480
1370 1477
1373 1675
1373 1680
1374 1375
1374 1377
1376 1420
1376 1422
1377 1422
1377 1423
1378 1643
1380 1562
1380 1583
1381 1540
1381 1618
1382 1565
1382 1701
1383 1682
1384 1454
1384 1682
1384 1704
1385 1600
1387 1561
1387 1611
1388 1456
1389 1616
1389 1641
1391 1556
1391 1619
1391 1660
1392 1505
1392 1608
1393 1505
1393 1681
1394 1395
1394 1504
1396 1512
1396 1572
1398 1548
1399 1626
1399 1629
1400 1597
1400 1628
1404 1518
1405 1531
1405 1573
1405 1576
1405 1691
1406 1480
1407 1620
1407 1679
1409 1681
1409 1686
1411 1552
1412 1588
1413 1499
1413 1594
1414 1677
1415 1612
1415 1646
1416 1677
1417 1532
1417 1558
1418 1423
1421 1424
1424 1425
1425 1426
1427 1623
1428 1556
1429 1446
1429 1447
1430 1483
1431 1631
1431 1634
1433 1497
1434 1592
1434 1675
1435 1639
1436 1672
1437 1494
1438 1484
1438 1486
1439 1468
1439 1579
1440 1468
1440 1550
1441 1442
1441 1446
1442 1444
1442 1446
1442 1614
1443 1445
1446 1447
1446 1614
1446 1693
1448 1449
1448 1550
1448 1576
1449 1450
1449 1576
1450 1576
1451 1495
1451 1577
1452 1455
1452 1494
1452 1576
1453 1560
1454 1553
1454 1682
1455 1494
1455 1578
1456 1627
1457 1504
1457 1640
1457 1697
1458 1595
1458 1656
1458 1657
1458 1674
1459 1558
1459 1630
1460 1516
1460 1658
1461 1601
1462 1721
1464 1676
1464 1682
1464 1702
1465 1481
1465 1482
1465 1483
1466 1552
1466 1664
1467 1543
1467 1544
1467 1547
1467 1581
1468 1575
1468 1579
1469 1483
1469 1484
1469 1489
1469 1670
1470 1538
1470 1587
1471 1551
1472 1693
1472 1705
1473 1606
1474 1625
1474 1626
1474 1627
1474 1628
1475 1530
1475 1536
1475 1590
1475 1615
1476 1477
1476 1480
1476 1539
1477 1478
1477 1539
1479 1646
1479 1678
1479 1681
1479 1685
1480 1514
1480 1538
1480 1539
1480 1714
1481 1483
1481 1485
1482 1483
1484 1487
1485 1670
1487 1670
1489 1670
1494 1495
1496 1691
1497 1563
1497 1564
1497 1696
1498 1552
1498 1648
1499 1688
1499 1696
1500 1588
1500 1603
1500 1604
1502 1612
1502 1678
1503 1546
1509 1648
1510 1594
1510 1614
1510 1688
1512 1513
1515 1631
1515 1636
1516 1601
1516 1643
1516 1658
1517 1605
1518 1524
1519 1669
1520 1650
1521 1662
1522 1602
1522 1604
1522 1605
1526 1602
1527 1656
1529 1659
1530 1536
1530 1589
1531 1573
1531 1691
1533 1621
1533 1650
1533 1684
1535 1662
1537 1609
1537 1654
1541 1569
1541 1618
1542 1681
1543 1546
1544 1546
1545 1548
1546 1549
1546 1718
1550 1576
1551 1597
1552 1585
1553 1682
1554 1637
1556 1607
1557 1658
1557 1674
1560 1583
1561 1655
1565 1573
1565 1578
1566 1572
1567 1568
1567 1683
1567 1708
1568 1683
1569 1618
1569 1692
1571 1652
1571 1671
1572 1703
1573 1578
1574 1578
1575 1576
1575 1579
1575 1690
1580 1647
1583 1584
1584 1641
1584 1659
1584 1674
1585 1629
1585 1647
1585 1648
1586 1587
1588 1602
1588 1613
1591 1659
1592 1678
1593 1594
1593 1644
1595 1721
1596 1597
1599 1657
1600 1646
1601 1642
1602 1700
1605 1700
1607 1633
1607 1635
1607 1639
1608 1684
1609 1657
1614 1689
1615 1652
1615 1674
1616 1641
1616 1697
1616 1706
1619 1636
1620 1677
1621 1650
1622 1623
1624 1697
1625 1629
1626 1627
1628 1629
1630 1660
1630 1665
1632 1634
1633 1638
1633 1639
1633 1664
1635 1636
1635 1639
1641 1643
1642 1643
1643 1674
1653 1717
1654 1655
1655 1657
1663 1700
1664 1665
1674 1711
1681 1686
1686 1712
1689 1713
1721 1722
