118 179
0 1
1 2
2 5
2 117
3 4
3 5
4 13
4 115
5 114
5 116
6 7
6 13
7 8
8 12
8 116
9 12
9 116
10 11
10 13
11 12
12 13
12 115
14 15
14 25
15 16
16 25
16 117
17 18
17 25
18 117
19 25
20 25
20 116
21 25
21 108
22 24
22 108
23 24
23 117
24 25
24 117
26 35
26 111
27 30
27 35
27 110
27 114
28 30
28 107
29 30
30 109
31 34
31 110
32 33
32 34
32 111
33 34
33 35
33 111
34 110
36 37
36 39
37 39
37 52
38 39
38 113
39 113
40 41
40 52
41 42
41 112
42 52
42 109
43 44
43 52
44 51
45 46
45 51
46 48
46 52
47 50
47 51
47 111
48 49
49 50
50 51
50 52
50 111
51 111
52 109
52 110
52 112
53 55
54 58
54 74
55 56
55 58
56 57
57 58
57 115
58 74
58 109
59 60
59 74
60 64
61 62
61 64
62 107
63 64
63 73
63 106
64 74
64 107
64 109
65 66
65 72
66 105
67 71
67 73
68 71
68 72
69 70
69 71
71 72
71 73
72 105
74 109
75 77
75 106
76 77
76 105
77 92
77 105
77 106
78 92
78 107
79 92
79 107
80 81
80 92
81 105
82 91
83 91
84 90
84 91
85 86
85 89
85 92
86 89
86 91
86 92
87 88
87 89
87 92
88 89
89 90
92 105
93 94
93 96
94 97
95 96
95 116
96 102
96 108
97 115
98 99
98 102
99 112
100 101
100 102
101 113
102 113
103 108
103 113
104 106
104 107
106 107
108 116
113 114
