112 264
0 3
0 4
0 7
1 2
1 5
1 6
2 5
2 6
3 4
3 7
4 7
4 8
4 11
5 6
5 9
5 10
6 9
6 10
7 8
7 11
8 11
8 12
8 15
9 10
9 13
9 14
10 13
10 14
11 12
11 15
12 16
12 19
13 17
13 18
14 17
14 18
15 16
15 19
16 20
16 23
17 21
17 22
18 21
18 22
19 20
19 23
20 24
20 27
21 25
21 26
22 25
22 26
23 24
23 27
24 27
24 28
24 31
25 26
25 29
25 30
26 29
26 30
27 28
27 31
28 31
28 32
28 35
29 30
29 33
29 34
30 33
30 34
31 32
31 35
32 35
32 36
32 39
33 34
33 37
33 38
34 37
34 38
35 36
35 39
36 39
36 40
36 43
37 38
37 41
37 42
38 41
38 42
39 40
39 43
40 43
40 44
40 47
41 42
41 45
41 46
42 45
42 46
43 44
43 47
44 47
44 48
44 51
45 46
45 49
45 50
46 49
46 50
47 48
47 51
48 51
48 52
48 55
49 50
49 53
49 54
50 53
50 54
51 52
51 55
52 55
52 56
52 59
53 54
53 57
53 58
54 57
54 58
55 56
55 59
56 59
56 60
56 63
57 58
57 61
57 62
58 61
58 62
59 60
59 63
60 63
60 64
60 67
61 62
61 65
61 66
62 65
62 66
63 64
63 67
64 67
64 68
64 71
65 66
65 69
65 70
66 69
66 70
67 68
67 71
68 72
68 75
69 73
69 74
70 73
70 74
71 72
71 75
72 75
72 76
72 79
73 74
73 77
73 78
74 77
74 78
75 76
75 79
76 79
76 80
76 83
77 78
77 81
77 82
78 81
78 82
79 80
79 83
80 83
80 84
80 87
81 82
81 85
81 86
82 85
82 86
83 84
83 87
84 87
84 88
84 91
85 86
85 89
85 90
86 89
86 90
87 88
87 91
88 91
88 92
88 95
89 90
89 93
89 94
90 93
90 94
91 92
91 95
92 95
92 96
92 99
93 94
93 97
93 98
94 97
94 98
95 96
95 99
96 99
96 100
96 103
97 98
97 101
97 102
98 101
98 102
99 100
99 103
100 103
100 104
100 107
101 102
101 105
101 106
102 105
102 106
103 104
103 107
104 107
104 108
104 111
105 106
105 109
105 110
106 109
106 110
107 108
107 111
108 111
109 110
