48 176
0 4
0 5
0 6
0 10
0 18
0 24
0 29
1 3
1 5
1 7
1 9
1 19
1 23
1 25
2 3
2 4
2 8
2 20
2 22
2 26
2 27
3 7
3 9
3 21
3 26
3 27
4 6
4 10
4 20
4 22
4 28
5 11
5 19
5 23
5 24
5 29
6 10
6 11
6 12
6 30
6 35
7 9
7 11
7 13
7 17
7 31
8 9
8 10
8 14
8 16
8 32
8 33
9 15
9 32
9 33
10 14
10 16
10 34
11 13
11 17
11 30
11 35
12 16
12 17
12 18
12 22
12 36
12 41
12 42
12 46
12 47
13 14
13 15
13 17
13 19
13 21
13 37
13 43
13 44
13 45
14 15
14 16
14 20
14 38
14 39
14 43
14 44
14 45
15 19
15 21
15 38
15 39
15 43
15 44
15 45
16 17
16 18
16 22
16 40
16 42
16 46
16 47
17 23
17 36
17 41
17 42
17 46
17 47
18 22
18 23
18 42
18 47
19 21
19 23
19 43
20 21
20 22
20 44
20 45
21 44
21 45
22 46
23 42
23 47
24 28
24 29
24 30
24 34
25 27
25 31
25 33
26 27
26 32
27 31
27 33
28 30
28 34
29 35
30 34
30 35
30 36
31 33
31 35
31 37
31 41
32 33
32 34
32 38
32 40
33 39
34 38
34 40
35 37
35 41
36 40
36 41
36 42
36 46
37 39
37 41
37 43
37 45
38 39
38 40
38 44
39 43
39 45
40 42
40 46
41 47
42 46
42 47
43 44
43 45
44 45
46 47
