138 279
0 2
0 4
1 3
2 4
3 4
3 5
3 40
4 6
4 40
5 7
5 115
5 116
6 8
7 9
8 10
9 10
9 11
9 66
9 67
9 68
10 12
10 66
10 67
10 68
11 12
11 16
12 13
12 14
12 16
13 14
15 42
16 17
16 43
16 44
17 43
17 44
18 63
19 20
19 23
19 24
19 64
19 65
20 24
20 64
20 65
21 22
21 24
22 24
23 24
23 25
24 26
25 27
25 87
25 88
25 89
26 28
27 29
28 30
29 31
29 136
29 137
30 32
31 32
31 34
31 37
32 33
32 35
32 37
33 35
36 111
37 38
37 112
37 113
38 112
38 113
39 90
40 41
40 91
40 92
41 91
41 92
42 45
43 44
43 46
43 47
43 67
44 46
44 47
44 68
45 48
46 49
46 50
46 70
47 49
47 50
47 71
48 51
49 50
49 52
49 53
49 73
50 52
50 53
50 74
51 54
52 53
52 55
52 56
52 76
53 55
53 56
53 77
54 57
55 56
55 58
55 59
55 79
56 58
56 59
56 80
57 60
58 59
58 61
58 62
58 82
59 61
59 62
59 83
60 63
61 62
61 64
61 65
61 85
62 64
62 65
62 86
64 65
64 88
65 89
66 67
66 68
66 69
67 68
67 70
67 71
68 70
68 71
69 72
70 71
70 73
70 74
71 73
71 74
72 75
73 74
73 76
73 77
74 76
74 77
75 78
76 77
76 79
76 80
77 79
77 80
78 81
79 80
79 82
79 83
80 82
80 83
81 84
82 83
82 85
82 86
83 85
83 86
84 87
85 86
85 88
85 89
86 88
86 89
87 88
87 89
88 89
90 93
91 92
91 94
91 95
91 115
92 94
92 95
93 96
94 97
94 98
94 118
95 97
95 98
96 99
97 98
97 100
97 101
97 121
98 100
98 101
99 102
100 101
100 103
100 104
100 124
101 103
101 104
102 105
103 104
103 106
103 107
103 127
104 106
104 107
105 108
106 107
106 109
106 110
106 130
107 109
107 110
108 111
109 110
109 112
109 113
109 133
110 112
110 113
112 113
112 136
114 117
115 116
115 118
115 119
116 118
116 119
117 120
118 119
118 121
118 122
119 121
119 122
120 123
121 122
121 124
121 125
122 124
122 125
123 126
124 125
124 127
124 128
125 127
125 128
126 129
127 128
127 130
127 131
128 130
128 131
129 132
130 131
130 133
130 134
131 133
131 134
132 135
133 134
133 136
133 137
134 136
134 137
136 137
