62 78
0 2
1 2
1 4
2 3
3 4
3 5
4 8
4 9
5 6
5 7
6 7
6 19
7 8
8 14
8 18
9 10
9 12
10 11
10 58
11 12
11 13
12 14
13 14
13 15
15 16
15 61
16 17
16 21
16 22
16 31
16 52
17 18
17 20
18 19
19 57
20 21
21 31
22 23
23 24
23 30
24 25
25 26
25 29
26 28
26 51
27 51
28 29
28 34
28 47
29 30
30 31
31 32
32 33
33 36
34 35
34 60
35 41
35 42
36 41
36 56
37 38
37 56
38 39
39 40
40 53
41 46
41 60
43 44
43 46
44 45
47 48
47 49
47 50
51 55
53 54
53 57
56 57
58 59
