87 227
0 1
0 2
0 3
0 31
0 33
0 59
1 3
1 23
1 27
1 29
1 32
1 34
1 59
1 64
2 3
2 4
2 33
2 56
2 65
3 4
3 5
3 27
3 35
3 47
3 53
3 64
4 5
4 6
4 7
4 20
4 21
4 22
4 60
4 65
5 7
5 47
5 60
5 64
5 66
5 68
6 7
6 8
6 65
6 67
6 69
7 8
7 9
7 68
8 9
8 10
8 11
8 22
8 61
8 69
9 11
9 36
9 48
9 54
9 61
9 68
9 70
9 72
10 11
10 12
10 69
10 71
10 73
11 12
11 13
11 48
11 72
12 13
12 14
12 15
12 22
12 62
12 73
13 15
13 62
13 72
13 74
13 76
14 15
14 16
14 73
14 77
15 16
15 17
15 76
16 17
16 18
16 19
16 63
16 77
17 19
17 37
17 49
17 55
17 63
17 78
17 80
18 19
18 77
18 79
19 49
19 80
20 21
21 22
23 24
23 27
23 29
24 25
24 26
24 28
25 26
25 28
25 30
26 27
26 28
27 29
27 64
28 29
29 34
29 64
33 34
33 56
33 59
33 85
34 56
34 59
34 64
34 86
35 38
35 47
35 53
36 39
36 48
36 54
37 40
37 49
37 55
38 41
38 44
38 50
39 42
39 45
39 51
40 43
40 46
40 52
41 44
41 50
41 84
42 45
42 51
42 57
43 46
43 52
43 58
44 47
44 50
45 48
45 51
46 49
46 52
47 53
47 66
48 54
48 72
49 55
49 80
50 53
51 54
52 55
53 64
53 66
54 70
55 78
55 80
56 64
56 65
56 66
60 65
60 66
61 69
61 70
62 73
62 74
63 77
63 78
64 66
65 66
65 67
66 67
66 68
66 81
66 82
66 83
67 68
67 69
67 70
68 70
69 70
69 71
70 71
70 72
70 83
71 72
71 73
71 74
72 74
73 74
73 75
74 75
74 76
74 83
75 76
75 77
75 78
76 78
77 78
77 79
78 79
78 80
79 80
81 82
82 83
