758 2618
0 1
0 3
0 4
1 2
1 3
1 4
1 5
2 4
2 5
3 4
3 6
3 7
4 5
4 6
4 7
4 8
5 7
5 8
6 7
6 9
6 10
7 8
7 9
7 10
7 11
8 10
8 11
9 10
9 12
9 13
10 11
10 12
10 13
10 14
11 13
11 14
12 13
12 57
12 58
13 14
13 57
13 58
13 59
14 58
14 59
15 16
15 69
15 70
16 17
16 69
16 70
16 71
17 18
17 70
17 71
17 72
18 19
18 71
18 72
18 73
19 20
19 72
19 73
19 74
20 21
20 73
20 74
20 75
21 22
21 74
21 75
21 76
22 23
22 75
22 76
22 77
23 24
23 76
23 77
23 78
24 25
24 77
24 78
24 79
25 26
25 78
25 79
25 80
26 27
26 79
26 80
26 81
27 28
27 80
27 81
27 82
28 29
28 81
28 82
28 83
29 30
29 82
29 83
29 84
30 31
30 83
30 84
30 85
31 32
31 84
31 85
31 86
32 33
32 85
32 86
32 87
33 34
33 86
33 87
33 88
34 35
34 87
34 88
34 89
35 36
35 88
35 89
35 90
36 37
36 89
36 90
36 91
37 38
37 90
37 91
37 92
38 39
38 91
38 92
38 93
39 40
39 92
39 93
39 94
40 41
40 93
40 94
40 95
41 42
41 94
41 95
41 96
42 43
42 95
42 96
42 97
43 44
43 96
43 97
43 98
44 45
44 97
44 98
44 99
45 46
45 98
45 99
45 100
46 47
46 99
46 100
46 101
47 48
47 100
47 101
47 102
48 49
48 101
48 102
48 103
49 50
49 102
49 103
49 104
50 51
50 103
50 104
50 105
51 52
51 104
51 105
51 106
52 53
52 105
52 106
52 107
53 54
53 106
53 107
53 108
54 55
54 107
54 108
54 109
55 56
55 108
55 109
55 110
56 57
56 109
56 110
56 111
57 58
57 110
57 111
57 112
58 59
58 111
58 112
58 113
59 60
59 112
59 113
59 114
60 61
60 113
60 114
60 115
61 62
61 114
61 115
61 116
62 63
62 115
62 116
62 117
63 64
63 116
63 117
63 118
64 65
64 117
64 118
64 119
65 66
65 118
65 119
65 120
66 67
66 119
66 120
66 121
67 68
67 120
67 121
67 122
68 121
68 122
69 70
69 123
69 124
70 71
70 123
70 124
70 125
71 72
71 124
71 125
71 126
72 73
72 125
72 126
72 127
73 74
73 126
73 127
73 128
74 75
74 127
74 128
74 129
75 76
75 128
75 129
75 130
76 77
76 129
76 130
76 131
77 78
77 130
77 131
77 132
78 79
78 131
78 132
78 133
79 80
79 132
79 133
79 134
80 81
80 133
80 134
80 135
81 82
81 134
81 135
81 136
82 83
82 135
82 136
82 137
83 84
83 136
83 137
83 138
84 85
84 137
84 138
84 139
85 86
85 138
85 139
85 140
86 87
86 139
86 140
86 141
87 88
87 140
87 141
87 142
88 89
88 141
88 142
88 143
89 90
89 142
89 143
89 144
90 91
90 143
90 144
90 145
91 92
91 144
91 145
91 146
92 93
92 145
92 146
92 147
93 94
93 146
93 147
93 148
94 95
94 147
94 148
94 149
95 96
95 148
95 149
95 150
96 97
96 149
96 150
96 151
97 98
97 150
97 151
97 152
98 99
98 151
98 152
98 153
99 100
99 152
99 153
99 154
100 101
100 153
100 154
100 155
101 102
101 154
101 155
101 156
102 103
102 155
102 156
102 157
103 104
103 156
103 157
103 158
104 105
104 157
104 158
104 159
105 106
105 158
105 159
105 160
106 107
106 159
106 160
106 161
107 108
107 160
107 161
107 162
108 109
108 161
108 162
108 163
109 110
109 162
109 163
109 164
110 111
110 163
110 164
110 165
111 112
111 164
111 165
111 166
112 113
112 165
112 166
112 167
113 114
113 166
113 167
113 168
114 115
114 167
114 168
114 169
115 116
115 168
115 169
115 170
116 117
116 169
116 170
116 171
117 118
117 170
117 171
117 172
118 119
118 171
118 172
118 173
119 120
119 172
119 173
119 174
120 121
120 173
120 174
120 175
121 122
121 174
121 175
121 176
122 175
122 176
123 124
123 177
123 178
124 125
124 177
124 178
124 179
125 126
125 178
125 179
125 180
126 127
126 179
126 180
126 181
127 128
127 180
127 181
127 182
128 129
128 181
128 182
128 183
129 130
129 182
129 183
129 184
130 131
130 183
130 184
130 185
131 132
131 184
131 185
131 186
132 133
132 185
132 186
132 187
133 134
133 186
133 187
133 188
134 135
134 187
134 188
134 189
135 136
135 188
135 189
135 190
136 137
136 189
136 190
136 191
137 138
137 190
137 191
137 192
138 139
138 191
138 192
138 193
139 140
139 192
139 193
139 194
140 141
140 193
140 194
140 195
141 142
141 194
141 195
141 196
142 143
142 195
142 196
142 197
143 144
143 196
143 197
143 198
144 145
144 197
144 198
144 199
145 146
145 198
145 199
145 200
146 147
146 199
146 200
146 201
147 148
147 200
147 201
147 202
148 149
148 201
148 202
148 203
149 150
149 202
149 203
149 204
150 151
150 203
150 204
150 205
151 152
151 204
151 205
151 206
152 153
152 205
152 206
152 207
153 154
153 206
153 207
153 208
154 155
154 207
154 208
154 209
155 156
155 208
155 209
155 210
156 157
156 209
156 210
156 211
157 158
157 210
157 211
157 212
158 159
158 211
158 212
158 213
159 160
159 212
159 213
159 214
160 161
160 213
160 214
160 215
161 162
161 214
161 215
161 216
162 163
162 215
162 216
162 217
163 164
163 216
163 217
163 218
164 165
164 217
164 218
164 219
165 166
165 218
165 219
165 220
166 167
166 219
166 220
166 221
167 168
167 220
167 221
167 222
168 169
168 221
168 222
168 223
169 170
169 222
169 223
169 224
170 171
170 223
170 224
170 225
171 172
171 225
171 226
171 227
172 173
172 226
172 227
172 228
173 174
173 227
173 228
173 229
174 175
174 228
174 229
174 230
175 176
175 229
175 230
175 231
176 230
176 231
177 178
177 232
177 233
178 179
178 232
178 233
178 234
179 180
179 233
179 234
179 235
180 181
180 234
180 235
180 236
181 182
181 235
181 236
181 237
182 183
182 236
182 237
182 238
183 184
183 237
183 238
183 239
184 185
184 238
184 239
184 240
185 186
185 239
185 240
185 241
186 187
186 240
186 241
186 242
187 188
187 241
187 242
187 243
188 189
188 242
188 243
188 244
189 190
189 243
189 244
189 245
190 191
190 244
190 245
190 246
191 192
191 245
191 246
191 247
192 193
192 246
192 247
192 248
193 194
193 247
193 248
193 249
194 195
194 248
194 249
194 250
195 196
195 249
195 250
195 251
196 197
196 250
196 251
196 252
197 198
197 251
197 252
197 253
198 199
198 252
198 253
198 254
199 200
199 253
199 254
199 255
200 201
200 254
200 255
200 256
201 202
201 255
201 256
201 257
202 203
202 256
202 257
202 258
203 204
203 257
203 258
203 259
204 205
204 258
204 259
204 260
205 206
205 259
205 260
205 261
206 207
206 260
206 261
206 262
207 208
207 261
207 262
207 263
208 209
208 262
208 263
208 264
209 210
209 263
209 264
209 265
210 211
210 264
210 265
210 266
211 212
211 265
211 266
211 267
212 213
212 266
212 267
212 268
213 214
213 267
213 268
213 269
214 215
214 268
214 269
214 270
215 216
215 269
215 270
215 271
216 217
216 270
216 271
216 272
217 218
217 271
217 272
217 273
218 219
218 272
218 273
218 274
219 220
219 273
219 274
219 275
220 221
220 274
220 275
220 276
221 222
221 275
221 276
221 277
222 223
222 276
222 277
222 278
223 224
223 277
223 278
223 279
224 225
224 278
224 279
224 280
225 226
225 279
225 280
225 281
226 227
226 280
226 281
226 282
227 228
227 281
227 282
227 283
228 229
228 282
228 283
228 284
229 230
229 283
229 284
229 285
230 231
230 284
230 285
230 286
231 285
231 286
232 233
233 234
234 235
235 236
236 237
237 238
238 239
239 240
240 241
241 242
242 243
243 244
244 245
245 246
246 247
247 248
248 249
249 250
250 251
251 252
252 253
253 254
254 255
255 256
255 287
256 257
256 287
257 258
257 287
257 288
257 289
258 259
258 289
259 260
259 289
259 290
259 315
260 261
260 315
260 316
261 262
261 315
261 316
261 317
262 263
262 316
262 317
262 318
263 264
263 317
263 318
263 319
264 265
264 318
264 319
264 320
265 266
265 319
265 320
265 321
266 267
266 320
266 321
266 322
267 268
267 321
267 322
267 323
268 269
268 322
268 323
268 324
269 270
269 323
269 324
269 325
270 271
270 324
270 325
270 326
271 272
271 325
271 326
271 327
272 273
272 326
272 327
272 328
273 274
273 327
273 328
273 329
274 275
274 328
274 329
274 330
275 276
275 329
275 330
275 331
276 277
276 330
276 331
276 332
277 278
277 331
277 332
277 333
278 279
278 332
278 333
278 334
279 280
279 333
279 334
279 335
280 281
280 334
280 335
280 336
281 282
281 335
281 336
281 337
282 283
282 336
282 337
282 338
283 284
283 337
283 338
283 339
284 285
284 338
284 339
284 340
285 286
285 339
285 340
285 341
286 340
286 341
287 288
288 289
289 290
290 291
290 315
291 292
291 315
291 316
292 316
292 348
293 294
293 295
293 382
293 400
294 295
294 296
294 358
294 359
294 382
294 383
294 401
295 296
296 297
296 401
296 402
297 298
297 402
297 416
298 299
298 416
298 417
299 300
299 301
299 417
300 301
300 417
300 418
300 419
300 429
300 439
301 302
301 429
301 439
302 303
302 439
302 440
302 449
303 304
303 449
303 450
303 458
304 305
304 458
304 459
304 466
305 306
305 307
305 466
305 473
306 307
306 308
306 309
306 473
307 308
307 309
307 473
307 474
307 479
307 484
308 309
308 310
309 310
309 479
309 484
309 489
310 311
310 489
310 494
311 312
311 489
311 494
311 499
312 313
312 494
312 499
312 504
313 314
313 499
313 504
313 509
314 342
314 504
314 509
314 514
315 316
316 317
316 348
317 318
317 348
317 349
318 319
318 348
318 349
318 350
319 320
319 349
319 350
319 351
320 321
320 350
320 351
320 352
321 322
321 351
321 352
321 353
322 323
322 352
322 353
322 354
323 324
323 353
323 354
323 355
324 325
324 354
324 355
324 356
325 326
325 355
325 356
325 357
326 327
326 356
326 357
326 358
327 328
327 357
327 358
327 359
328 329
328 358
328 359
328 360
329 330
329 359
329 360
329 361
330 331
330 360
330 361
330 362
331 332
331 361
331 362
331 363
332 333
332 362
332 363
332 364
333 334
333 363
333 364
333 365
334 335
334 364
334 365
334 366
335 336
335 365
335 366
335 367
336 337
336 366
336 367
336 368
337 338
337 367
337 368
337 369
338 339
338 368
338 369
338 370
339 340
339 369
339 370
339 371
340 341
340 370
340 371
340 372
341 371
341 372
342 343
342 509
342 514
342 519
343 344
343 514
343 519
343 524
344 345
344 519
344 524
345 346
345 524
345 529
345 533
346 347
346 529
346 533
346 537
347 533
347 537
347 541
347 542
348 349
348 373
349 350
349 373
349 374
350 351
350 374
350 375
351 352
351 375
351 376
351 377
352 353
352 377
352 378
353 354
353 377
353 378
353 379
354 355
354 378
354 379
354 380
355 356
355 379
355 380
355 381
356 357
356 380
356 381
356 382
357 358
357 381
357 382
357 383
358 359
358 382
358 383
358 384
358 401
359 360
359 383
359 384
359 385
359 401
360 361
360 384
360 385
360 386
361 362
361 385
361 386
361 387
362 363
362 386
362 387
362 388
363 364
363 387
363 388
363 389
364 365
364 388
364 389
364 390
365 366
365 389
365 390
365 391
366 367
366 390
366 391
366 392
367 368
367 391
367 392
367 393
368 369
368 392
368 393
368 394
369 370
369 393
369 394
369 395
370 371
370 394
370 395
370 396
371 372
371 395
371 396
371 397
372 396
372 397
373 374
374 375
375 376
376 377
377 378
377 398
378 379
378 398
379 380
379 398
379 399
380 381
380 399
380 400
381 382
381 400
382 383
382 400
383 384
384 385
384 401
384 402
385 386
385 401
385 402
385 403
386 387
386 402
386 403
386 404
387 388
387 403
387 404
387 405
388 389
388 404
388 405
388 406
389 390
389 405
389 406
389 407
390 391
390 406
390 407
390 408
391 392
391 408
391 409
392 393
392 409
392 410
392 411
393 394
393 410
393 411
393 412
394 395
394 411
394 412
394 413
395 396
395 412
395 413
395 414
396 397
396 413
396 414
396 415
397 414
397 415
398 399
399 400
401 402
402 403
402 416
403 404
403 416
403 417
404 405
404 416
404 417
404 418
405 406
405 417
405 418
405 419
406 407
406 418
406 419
406 420
407 408
407 419
407 420
407 421
408 409
408 420
408 421
408 422
409 410
409 421
409 422
409 423
410 411
410 422
410 423
410 424
411 412
411 423
411 424
411 425
412 413
412 424
412 425
412 426
413 414
413 425
413 426
413 427
414 415
414 426
414 427
414 428
415 427
415 428
416 417
417 418
418 419
418 429
419 420
419 429
419 430
420 421
420 429
420 430
420 431
421 422
421 430
421 431
421 432
422 423
422 431
422 432
422 433
423 424
423 432
423 433
423 434
424 425
424 433
424 434
424 435
425 426
425 434
425 435
425 436
426 427
426 435
426 436
426 437
427 428
427 436
427 437
427 438
428 437
428 438
429 430
429 439
429 440
430 431
430 439
430 440
430 441
431 432
431 440
431 441
431 442
432 433
432 441
432 442
432 443
433 434
433 442
433 443
433 444
434 435
434 443
434 444
434 445
435 436
435 444
435 445
435 446
436 437
436 445
436 446
436 447
437 438
437 446
437 447
437 448
438 447
438 448
439 440
439 449
440 441
440 449
440 450
441 442
441 449
441 450
441 451
442 443
442 450
442 451
442 452
443 444
443 451
443 452
443 453
444 445
444 452
444 453
444 454
445 446
445 453
445 454
445 455
446 447
446 454
446 455
446 456
447 448
447 455
447 456
447 457
448 456
448 457
449 450
449 458
450 451
450 458
450 459
451 452
451 458
451 459
451 460
452 453
452 459
452 460
452 461
453 454
453 460
453 461
453 462
454 455
454 461
454 462
454 463
455 456
455 462
455 463
455 464
456 457
456 463
456 464
456 465
457 464
457 465
458 459
458 466
459 460
459 466
459 467
460 461
460 466
460 467
460 468
461 462
461 467
461 468
461 469
462 463
462 468
462 469
462 470
463 464
463 469
463 470
463 471
464 465
464 470
464 471
464 472
465 471
465 472
466 467
466 473
467 468
467 473
467 474
468 469
468 473
468 474
468 475
469 470
469 474
469 475
469 476
470 471
470 475
470 476
470 477
471 472
471 476
471 477
471 478
472 477
472 478
473 474
473 479
474 475
474 479
474 480
475 476
475 479
475 480
475 481
476 477
476 480
476 481
476 482
477 478
477 481
477 482
477 483
478 482
478 483
479 480
479 484
479 485
480 481
480 484
480 485
480 486
481 482
481 485
481 486
481 487
482 483
482 486
482 487
482 488
483 487
483 488
484 485
484 489
484 490
485 486
485 489
485 490
485 491
486 487
486 490
486 491
486 492
487 488
487 491
487 492
487 493
488 492
488 493
489 490
489 494
489 495
490 491
490 494
490 495
490 496
491 492
491 495
491 496
491 497
492 493
492 496
492 497
492 498
493 497
493 498
494 495
494 499
494 500
495 496
495 499
495 500
495 501
496 497
496 500
496 501
496 502
497 498
497 501
497 502
497 503
498 502
498 503
499 500
499 504
499 505
500 501
500 504
500 505
500 506
501 502
501 505
501 506
501 507
502 503
502 506
502 507
502 508
503 507
503 508
504 505
504 509
504 510
505 506
505 509
505 510
505 511
506 507
506 510
506 511
506 512
507 508
507 511
507 512
507 513
508 512
508 513
509 510
509 514
509 515
510 511
510 514
510 515
510 516
511 512
511 515
511 516
511 517
512 513
512 516
512 517
512 518
513 517
513 518
514 515
514 519
514 520
515 516
515 519
515 520
515 521
516 517
516 520
516 521
516 522
517 518
517 521
517 522
517 523
518 522
518 523
519 520
519 524
519 525
520 521
520 524
520 525
520 526
521 522
521 525
521 526
521 527
522 523
522 526
522 527
522 528
523 527
523 528
524 525
524 529
525 526
525 529
525 530
526 527
526 529
526 530
526 531
527 528
527 530
527 531
527 532
528 531
528 532
529 530
529 533
529 534
530 531
530 533
530 534
530 535
531 532
531 534
531 535
531 536
532 535
532 536
533 534
533 537
533 538
534 535
534 537
534 538
534 539
535 536
535 538
535 539
535 540
536 539
536 540
537 538
537 541
537 542
537 543
538 539
538 542
538 543
538 544
539 540
539 543
539 544
539 545
540 544
540 545
541 542
541 546
541 547
542 543
542 546
542 547
542 548
543 544
543 547
543 548
543 549
544 545
544 548
544 549
544 550
545 549
545 550
546 547
546 551
546 552
547 548
547 551
547 552
547 553
548 549
548 552
548 553
548 554
549 550
549 553
549 554
549 555
550 554
550 555
551 552
551 556
551 557
552 553
552 556
552 557
552 558
553 554
553 557
553 558
553 559
554 555
554 558
554 559
554 560
555 559
555 560
556 557
556 561
556 562
557 558
557 561
557 562
557 563
558 559
558 562
558 563
558 564
559 560
559 563
559 564
559 565
560 564
560 565
561 562
561 566
561 567
562 563
562 566
562 567
562 568
563 564
563 567
563 568
563 569
564 565
564 568
564 569
564 570
565 569
565 570
566 567
566 571
566 572
567 568
567 571
567 572
567 573
568 569
568 572
568 573
568 574
569 570
569 573
569 574
569 575
570 574
570 575
571 572
571 576
571 577
572 573
572 576
572 577
572 578
573 574
573 577
573 578
573 579
574 575
574 578
574 579
574 580
575 579
575 580
576 577
576 581
576 582
577 578
577 581
577 582
577 583
578 579
578 582
578 583
578 584
579 580
579 583
579 584
579 585
580 584
580 585
581 582
581 586
581 587
582 583
582 586
582 587
582 588
583 584
583 587
583 588
583 589
584 585
584 588
584 589
584 590
585 589
585 590
586 587
586 591
586 592
587 588
587 591
587 592
587 593
588 589
588 592
588 593
588 594
589 590
589 593
589 594
589 595
590 594
590 595
591 592
591 596
591 597
592 593
592 596
592 597
592 598
593 594
593 597
593 598
593 599
594 595
594 598
594 599
594 600
595 599
595 600
596 597
596 601
596 602
597 598
597 601
597 602
597 603
598 599
598 602
598 603
598 604
599 600
599 603
599 604
599 605
600 604
600 605
601 602
601 606
601 607
602 603
602 606
602 607
602 608
603 604
603 607
603 608
603 609
604 605
604 608
604 609
604 610
605 609
605 610
606 607
606 611
606 612
607 608
607 611
607 612
607 613
608 609
608 612
608 613
608 614
609 610
609 613
609 614
609 615
610 614
610 615
611 612
611 616
611 617
612 613
612 616
612 617
612 618
613 614
613 617
613 618
613 619
614 615
614 618
614 619
614 620
615 619
615 620
616 617
616 621
616 622
617 618
617 621
617 622
617 623
618 619
618 622
618 623
618 624
619 620
619 623
619 624
619 625
620 624
620 625
621 622
621 626
621 627
622 623
622 626
622 627
622 628
623 624
623 627
623 628
623 629
624 625
624 628
624 629
624 630
625 629
625 630
626 627
626 631
626 632
627 628
627 631
627 632
627 633
628 629
628 632
628 633
628 634
629 630
629 633
629 634
629 635
630 634
630 635
631 632
631 636
631 637
632 633
632 636
632 637
632 638
633 634
633 637
633 638
633 639
634 635
634 638
634 639
634 640
635 639
635 640
636 637
636 641
636 642
637 638
637 641
637 642
637 643
638 639
638 642
638 643
638 644
639 640
639 643
639 644
639 645
640 644
640 645
641 642
641 646
641 647
642 643
642 646
642 647
642 648
643 644
643 647
643 648
643 649
644 645
644 648
644 649
644 650
645 649
645 650
646 647
646 651
646 652
647 648
647 651
647 652
647 653
648 649
648 652
648 653
648 654
649 650
649 653
649 654
649 655
650 654
650 655
651 652
651 656
651 657
652 653
652 656
652 657
652 658
653 654
653 657
653 658
653 659
654 655
654 658
654 659
654 660
655 659
655 660
656 657
656 661
656 662
657 658
657 661
657 662
657 663
658 659
658 662
658 663
658 664
659 660
659 663
659 664
659 665
660 664
660 665
661 662
661 666
661 667
662 663
662 666
662 667
662 668
663 664
663 667
663 668
663 669
664 665
664 668
664 669
664 670
665 669
665 670
666 667
666 671
666 672
667 668
667 671
667 672
667 673
668 669
668 672
668 673
668 674
669 670
669 673
669 674
669 675
670 674
670 675
670 676
671 672
671 677
671 678
672 673
672 677
672 678
672 679
673 674
673 678
673 679
673 680
674 675
674 679
674 680
674 681
675 676
675 680
675 681
675 682
676 681
676 682
677 678
677 683
677 684
678 679
678 683
678 684
678 685
679 680
679 684
679 685
679 686
680 681
680 685
680 686
680 687
681 682
681 686
681 687
681 688
682 687
682 688
682 689
683 684
683 690
683 691
684 685
684 690
684 691
684 692
685 686
685 691
685 692
685 693
686 687
686 692
686 693
686 694
687 688
687 693
687 694
687 695
688 689
688 694
688 695
688 696
689 695
689 696
690 691
690 697
690 698
691 692
691 697
691 698
691 699
692 693
692 698
692 699
692 700
693 694
693 699
693 700
693 701
694 695
694 700
694 701
694 702
695 696
695 701
695 702
695 703
696 702
696 703
697 698
697 704
697 705
698 699
698 704
698 705
698 706
699 700
699 705
699 706
699 707
700 701
700 706
700 707
700 708
701 702
701 707
701 708
701 709
702 703
702 708
702 709
702 710
703 709
703 710
703 711
704 705
704 712
704 713
705 706
705 712
705 713
705 714
706 707
706 713
706 714
706 715
707 708
707 714
707 715
707 716
708 709
708 715
708 716
708 717
709 710
709 716
709 717
709 718
710 711
710 717
710 718
710 719
711 718
711 719
712 713
712 720
712 721
713 714
713 720
713 721
713 722
714 715
714 721
714 722
714 723
715 716
715 722
715 723
715 724
716 717
716 723
716 724
716 725
717 718
717 724
717 725
717 726
718 719
718 725
718 726
718 727
719 726
719 727
720 721
721 722
722 723
723 724
724 725
725 726
725 728
725 729
726 727
726 728
726 729
726 730
727 729
727 730
728 729
728 731
728 732
729 730
729 731
729 732
729 733
730 732
730 733
731 732
731 734
731 735
732 733
732 734
732 735
732 736
733 735
733 736
734 735
734 737
734 738
735 736
735 737
735 738
735 739
736 738
736 739
737 738
737 740
737 741
738 739
738 740
738 741
738 742
739 741
739 742
740 741
740 743
740 744
741 742
741 743
741 744
741 745
742 744
742 745
743 744
743 746
743 747
744 745
744 746
744 747
744 748
745 747
745 748
746 747
746 749
746 750
747 748
747 749
747 750
747 751
748 750
748 751
749 750
749 752
749 753
750 751
750 752
750 753
750 754
751 753
751 754
752 753
752 755
752 756
753 754
753 755
753 756
753 757
754 756
754 757
755 756
756 757
