1180 3285
0 1
0 26
0 71
1 2
1 26
1 27
2 3
2 27
2 28
3 4
3 28
3 29
4 5
4 29
4 30
5 6
5 30
5 31
6 7
6 31
6 32
7 8
7 32
7 33
8 9
8 10
8 33
9 10
10 11
10 33
11 12
11 33
11 39
12 13
12 39
12 44
13 14
13 44
13 48
14 15
14 48
14 51
15 16
15 51
15 53
16 17
16 53
16 54
17 18
17 19
17 54
18 19
18 55
18 100
19 20
19 54
19 55
19 78
20 21
20 52
20 54
20 77
20 78
21 22
21 49
21 52
21 76
21 77
22 23
22 45
22 49
22 75
22 76
23 24
23 40
23 45
23 74
23 75
24 25
24 34
24 40
24 73
24 74
25 26
25 27
25 34
25 72
25 73
26 27
26 71
26 72
27 28
27 34
28 29
28 34
28 35
29 30
29 35
29 36
30 31
30 36
30 37
31 32
31 37
31 38
32 33
32 38
32 39
33 39
34 35
34 40
35 36
35 40
35 41
36 37
36 41
36 42
37 38
37 42
37 43
38 39
38 43
38 44
39 44
40 41
40 45
41 42
41 45
41 46
42 43
42 46
42 47
43 44
43 47
43 48
44 48
45 46
45 49
46 47
46 49
46 50
47 48
47 50
47 51
48 51
49 50
49 52
50 51
50 52
50 53
51 53
52 53
52 54
53 54
55 56
55 78
55 100
55 123
56 57
56 78
56 84
56 122
56 123
57 58
57 84
57 89
57 121
57 122
58 59
58 89
58 93
58 120
58 121
59 60
59 93
59 96
59 119
59 120
60 61
60 96
60 98
60 118
60 119
61 62
61 98
61 99
61 117
61 118
62 63
62 64
62 99
62 116
62 117
63 64
63 116
63 161
64 65
64 99
65 66
65 97
65 99
66 67
66 94
66 97
67 68
67 90
67 94
68 69
68 85
68 90
69 70
69 79
69 85
70 71
70 72
70 79
71 72
72 73
72 79
73 74
73 79
73 80
74 75
74 80
74 81
75 76
75 81
75 82
76 77
76 82
76 83
77 78
77 83
77 84
78 84
79 80
79 85
80 81
80 85
80 86
81 82
81 86
81 87
82 83
82 87
82 88
83 84
83 88
83 89
84 89
85 86
85 90
86 87
86 90
86 91
87 88
87 91
87 92
88 89
88 92
88 93
89 93
90 91
90 94
91 92
91 94
91 95
92 93
92 95
92 96
93 96
94 95
94 97
95 96
95 97
95 98
96 98
97 98
97 99
98 99
100 101
100 123
101 102
101 123
101 129
102 103
102 129
102 134
103 104
103 134
103 138
104 105
104 138
104 141
105 106
105 141
105 143
106 107
106 143
106 144
107 108
107 109
107 144
108 109
108 145
108 190
109 110
109 144
109 145
109 168
110 111
110 142
110 144
110 167
110 168
111 112
111 139
111 142
111 166
111 167
112 113
112 135
112 139
112 165
112 166
113 114
113 130
113 135
113 164
113 165
114 115
114 124
114 130
114 163
114 164
115 116
115 117
115 124
115 162
115 163
116 117
116 161
116 162
117 118
117 124
118 119
118 124
118 125
119 120
119 125
119 126
120 121
120 126
120 127
121 122
121 127
121 128
122 123
122 128
122 129
123 129
124 125
124 130
125 126
125 130
125 131
126 127
126 131
126 132
127 128
127 132
127 133
128 129
128 133
128 134
129 134
130 131
130 135
131 132
131 135
131 136
132 133
132 136
132 137
133 134
133 137
133 138
134 138
135 136
135 139
136 137
136 139
136 140
137 138
137 140
137 141
138 141
139 140
139 142
140 141
140 142
140 143
141 143
142 143
142 144
143 144
145 146
145 168
145 190
145 213
146 147
146 168
146 174
146 212
146 213
147 148
147 174
147 179
147 211
147 212
148 149
148 179
148 183
148 210
148 211
149 150
149 183
149 186
149 209
149 210
150 151
150 186
150 188
150 208
150 209
151 152
151 188
151 189
151 207
151 208
152 153
152 154
152 189
152 206
152 207
153 154
153 206
153 251
154 155
154 189
155 156
155 187
155 189
156 157
156 184
156 187
157 158
157 180
157 184
158 159
158 175
158 180
159 160
159 169
159 175
160 161
160 162
160 169
161 162
162 163
162 169
163 164
163 169
163 170
164 165
164 170
164 171
165 166
165 171
165 172
166 167
166 172
166 173
167 168
167 173
167 174
168 174
169 170
169 175
170 171
170 175
170 176
171 172
171 176
171 177
172 173
172 177
172 178
173 174
173 178
173 179
174 179
175 176
175 180
176 177
176 180
176 181
177 178
177 181
177 182
178 179
178 182
178 183
179 183
180 181
180 184
181 182
181 184
181 185
182 183
182 185
182 186
183 186
184 185
184 187
185 186
185 187
185 188
186 188
187 188
187 189
188 189
190 191
190 213
191 192
191 213
191 219
192 193
192 219
192 224
193 194
193 224
193 228
194 195
194 228
194 231
195 196
195 231
195 233
196 197
196 233
196 234
197 198
197 199
197 234
198 199
198 235
198 280
198 910
198 955
199 200
199 234
199 235
199 258
200 201
200 232
200 234
200 257
200 258
201 202
201 229
201 232
201 256
201 257
202 203
202 225
202 229
202 255
202 256
203 204
203 220
203 225
203 254
203 255
204 205
204 214
204 220
204 253
204 254
205 206
205 207
205 214
205 252
205 253
206 207
206 251
206 252
207 208
207 214
208 209
208 214
208 215
209 210
209 215
209 216
210 211
210 216
210 217
211 212
211 217
211 218
212 213
212 218
212 219
213 219
214 215
214 220
215 216
215 220
215 221
216 217
216 221
216 222
217 218
217 222
217 223
218 219
218 223
218 224
219 224
220 221
220 225
221 222
221 225
221 226
222 223
222 226
222 227
223 224
223 227
223 228
224 228
225 226
225 229
226 227
226 229
226 230
227 228
227 230
227 231
228 231
229 230
229 232
230 231
230 232
230 233
231 233
232 233
232 234
233 234
235 236
235 258
235 280
235 303
236 237
236 258
236 264
236 302
236 303
237 238
237 264
237 269
237 301
237 302
238 239
238 269
238 273
238 300
238 301
239 240
239 273
239 276
239 299
239 300
240 241
240 276
240 278
240 298
240 299
241 242
241 278
241 279
241 297
241 298
242 243
242 244
242 279
242 296
242 297
243 244
243 296
243 341
243 881
244 245
244 279
245 246
245 277
245 279
246 247
246 274
246 277
247 248
247 270
247 274
248 249
248 265
248 270
249 250
249 259
249 265
250 251
250 252
250 259
251 252
252 253
252 259
253 254
253 259
253 260
254 255
254 260
254 261
255 256
255 261
255 262
256 257
256 262
256 263
257 258
257 263
257 264
258 264
259 260
259 265
260 261
260 265
260 266
261 262
261 266
261 267
262 263
262 267
262 268
263 264
263 268
263 269
264 269
265 266
265 270
266 267
266 270
266 271
267 268
267 271
267 272
268 269
268 272
268 273
269 273
270 271
270 274
271 272
271 274
271 275
272 273
272 275
272 276
273 276
274 275
274 277
275 276
275 277
275 278
276 278
277 278
277 279
278 279
280 281
280 303
280 910
280 927
281 282
281 303
281 309
281 927
281 934
282 283
282 309
282 314
282 934
282 940
283 284
283 314
283 318
283 940
283 945
284 285
284 318
284 321
284 945
284 949
285 286
285 321
285 323
285 949
285 952
286 287
286 323
286 324
286 952
286 954
287 288
287 289
287 324
287 926
287 954
288 289
288 325
288 370
288 926
289 290
289 324
289 325
289 348
290 291
290 322
290 324
290 347
290 348
291 292
291 319
291 322
291 346
291 347
292 293
292 315
292 319
292 345
292 346
293 294
293 310
293 315
293 344
293 345
294 295
294 304
294 310
294 343
294 344
295 296
295 297
295 304
295 342
295 343
296 297
296 341
296 342
297 298
297 304
298 299
298 304
298 305
299 300
299 305
299 306
300 301
300 306
300 307
301 302
301 307
301 308
302 303
302 308
302 309
303 309
304 305
304 310
305 306
305 310
305 311
306 307
306 311
306 312
307 308
307 312
307 313
308 309
308 313
308 314
309 314
310 311
310 315
311 312
311 315
311 316
312 313
312 316
312 317
313 314
313 317
313 318
314 318
315 316
315 319
316 317
316 319
316 320
317 318
317 320
317 321
318 321
319 320
319 322
320 321
320 322
320 323
321 323
322 323
322 324
323 324
325 326
325 348
325 370
325 393
326 327
326 348
326 354
326 392
326 393
327 328
327 354
327 359
327 391
327 392
328 329
328 359
328 363
328 390
328 391
329 330
329 363
329 366
329 389
329 390
330 331
330 366
330 368
330 388
330 389
331 332
331 368
331 369
331 387
331 388
332 333
332 334
332 369
332 386
332 387
333 334
333 386
333 431
333 837
333 838
334 335
334 369
334 837
334 909
335 336
335 367
335 369
335 908
335 909
336 337
336 364
336 367
336 906
336 908
337 338
337 360
337 364
337 903
337 906
338 339
338 355
338 360
338 899
338 903
339 340
339 349
339 355
339 894
339 899
340 341
340 342
340 349
340 888
340 894
341 342
341 881
341 888
342 343
342 349
343 344
343 349
343 350
344 345
344 350
344 351
345 346
345 351
345 352
346 347
346 352
346 353
347 348
347 353
347 354
348 354
349 350
349 355
350 351
350 355
350 356
351 352
351 356
351 357
352 353
352 357
352 358
353 354
353 358
353 359
354 359
355 356
355 360
356 357
356 360
356 361
357 358
357 361
357 362
358 359
358 362
358 363
359 363
360 361
360 364
361 362
361 364
361 365
362 363
362 365
362 366
363 366
364 365
364 367
365 366
365 367
365 368
366 368
367 368
367 369
368 369
370 371
370 393
371 372
371 393
371 399
372 373
372 399
372 404
373 374
373 404
373 408
374 375
374 408
374 411
375 376
375 411
375 413
376 377
376 413
376 414
377 378
377 379
377 414
378 379
378 415
378 460
379 380
379 414
379 415
379 438
380 381
380 412
380 414
380 437
380 438
381 382
381 409
381 412
381 436
381 437
382 383
382 405
382 409
382 435
382 436
383 384
383 400
383 405
383 434
383 435
384 385
384 394
384 400
384 433
384 434
385 386
385 387
385 394
385 432
385 433
386 387
386 431
386 432
387 388
387 394
388 389
388 394
388 395
389 390
389 395
389 396
390 391
390 396
390 397
391 392
391 397
391 398
392 393
392 398
392 399
393 399
394 395
394 400
395 396
395 400
395 401
396 397
396 401
396 402
397 398
397 402
397 403
398 399
398 403
398 404
399 404
400 401
400 405
401 402
401 405
401 406
402 403
402 406
402 407
403 404
403 407
403 408
404 408
405 406
405 409
406 407
406 409
406 410
407 408
407 410
407 411
408 411
409 410
409 412
410 411
410 412
410 413
411 413
412 413
412 414
413 414
415 416
415 438
415 460
415 483
416 417
416 438
416 444
416 482
416 483
417 418
417 444
417 449
417 481
417 482
418 419
418 449
418 453
418 480
418 481
419 420
419 453
419 456
419 479
419 480
420 421
420 456
420 458
420 478
420 479
421 422
421 458
421 459
421 477
421 478
422 423
422 424
422 459
422 476
422 477
423 424
423 476
423 521
424 425
424 459
425 426
425 457
425 459
426 427
426 454
426 457
427 428
427 450
427 454
428 429
428 445
428 450
429 430
429 439
429 445
430 431
430 432
430 439
431 432
432 433
432 439
433 434
433 439
433 440
434 435
434 440
434 441
435 436
435 441
435 442
436 437
436 442
436 443
437 438
437 443
437 444
438 444
439 440
439 445
440 441
440 445
440 446
441 442
441 446
441 447
442 443
442 447
442 448
443 444
443 448
443 449
444 449
445 446
445 450
446 447
446 450
446 451
447 448
447 451
447 452
448 449
448 452
448 453
449 453
450 451
450 454
451 452
451 454
451 455
452 453
452 455
452 456
453 456
454 455
454 457
455 456
455 457
455 458
456 458
457 458
457 459
458 459
460 461
460 483
461 462
461 483
461 489
462 463
462 489
462 494
463 464
463 494
463 498
464 465
464 498
464 501
465 466
465 501
465 503
466 467
466 503
466 504
467 468
467 469
467 504
468 469
468 505
468 550
469 470
469 504
469 505
469 528
470 471
470 502
470 504
470 527
470 528
471 472
471 499
471 502
471 526
471 527
472 473
472 495
472 499
472 525
472 526
473 474
473 490
473 495
473 524
473 525
474 475
474 484
474 490
474 523
474 524
475 476
475 477
475 484
475 522
475 523
476 477
476 521
476 522
477 478
477 484
478 479
478 484
478 485
479 480
479 485
479 486
480 481
480 486
480 487
481 482
481 487
481 488
482 483
482 488
482 489
483 489
484 485
484 490
485 486
485 490
485 491
486 487
486 491
486 492
487 488
487 492
487 493
488 489
488 493
488 494
489 494
490 491
490 495
491 492
491 495
491 496
492 493
492 496
492 497
493 494
493 497
493 498
494 498
495 496
495 499
496 497
496 499
496 500
497 498
497 500
497 501
498 501
499 500
499 502
500 501
500 502
500 503
501 503
502 503
502 504
503 504
505 506
505 528
505 550
505 573
506 507
506 528
506 534
506 572
506 573
507 508
507 534
507 539
507 571
507 572
508 509
508 539
508 543
508 570
508 571
509 510
509 543
509 546
509 569
509 570
510 511
510 546
510 548
510 568
510 569
511 512
511 548
511 549
511 567
511 568
512 513
512 514
512 549
512 566
512 567
513 514
513 566
513 611
514 515
514 549
515 516
515 547
515 549
516 517
516 544
516 547
517 518
517 540
517 544
518 519
518 535
518 540
519 520
519 529
519 535
520 521
520 522
520 529
521 522
522 523
522 529
523 524
523 529
523 530
524 525
524 530
524 531
525 526
525 531
525 532
526 527
526 532
526 533
527 528
527 533
527 534
528 534
529 530
529 535
530 531
530 535
530 536
531 532
531 536
531 537
532 533
532 537
532 538
533 534
533 538
533 539
534 539
535 536
535 540
536 537
536 540
536 541
537 538
537 541
537 542
538 539
538 542
538 543
539 543
540 541
540 544
541 542
541 544
541 545
542 543
542 545
542 546
543 546
544 545
544 547
545 546
545 547
545 548
546 548
547 548
547 549
548 549
550 551
550 573
551 552
551 573
551 579
552 553
552 579
552 584
553 554
553 584
553 588
554 555
554 588
554 591
555 556
555 591
555 593
556 557
556 593
556 594
557 558
557 559
557 594
558 559
558 595
559 560
559 594
559 595
559 618
560 561
560 592
560 594
560 617
560 618
561 562
561 589
561 592
561 616
561 617
562 563
562 585
562 589
562 615
562 616
563 564
563 580
563 585
563 614
563 615
564 565
564 574
564 580
564 613
564 614
565 566
565 567
565 574
565 612
565 613
566 567
566 611
566 612
567 568
567 574
568 569
568 574
568 575
569 570
569 575
569 576
570 571
570 576
570 577
571 572
571 577
571 578
572 573
572 578
572 579
573 579
574 575
574 580
575 576
575 580
575 581
576 577
576 581
576 582
577 578
577 582
577 583
578 579
578 583
578 584
579 584
580 581
580 585
581 582
581 585
581 586
582 583
582 586
582 587
583 584
583 587
583 588
584 588
585 586
585 589
586 587
586 589
586 590
587 588
587 590
587 591
588 591
589 590
589 592
590 591
590 592
590 593
591 593
592 593
592 594
593 594
595 596
595 618
596 597
596 618
596 624
597 598
597 624
597 629
598 599
598 629
598 633
599 600
599 633
599 636
600 601
600 636
600 638
601 602
601 638
601 639
602 603
602 604
602 639
603 604
604 605
604 639
605 606
605 637
605 639
606 607
606 634
606 637
607 608
607 630
607 634
608 609
608 625
608 630
609 610
609 619
609 625
610 611
610 612
610 619
611 612
612 613
612 619
613 614
613 619
613 620
614 615
614 620
614 621
615 616
615 621
615 622
616 617
616 622
616 623
617 618
617 623
617 624
618 624
619 620
619 625
620 621
620 625
620 626
621 622
621 626
621 627
622 623
622 627
622 628
623 624
623 628
623 629
624 629
625 626
625 630
626 627
626 630
626 631
627 628
627 631
627 632
628 629
628 632
628 633
629 633
630 631
630 634
631 632
631 634
631 635
632 633
632 635
632 636
633 636
634 635
634 637
635 636
635 637
635 638
636 638
637 638
637 639
638 639
640 641
640 666
640 695
641 642
641 666
641 667
641 695
641 712
642 643
642 667
642 668
642 712
642 719
643 644
643 668
643 669
643 719
643 725
644 645
644 669
644 670
644 725
644 730
645 646
645 670
645 671
645 730
645 734
646 647
646 671
646 672
646 734
646 737
647 648
647 672
647 673
647 737
647 739
648 649
648 650
648 673
648 711
648 739
649 650
649 711
649 756
650 651
650 673
651 652
651 673
651 679
652 653
652 679
652 684
653 654
653 684
653 688
654 655
654 688
654 691
655 656
655 691
655 693
656 657
656 693
656 694
657 658
657 659
657 694
658 659
659 660
659 694
660 661
660 692
660 694
661 662
661 689
661 692
662 663
662 685
662 689
663 664
663 680
663 685
664 665
664 674
664 680
665 666
665 667
665 674
666 667
667 668
667 674
668 669
668 674
668 675
669 670
669 675
669 676
670 671
670 676
670 677
671 672
671 677
671 678
672 673
672 678
672 679
673 679
674 675
674 680
675 676
675 680
675 681
676 677
676 681
676 682
677 678
677 682
677 683
678 679
678 683
678 684
679 684
680 681
680 685
681 682
681 685
681 686
682 683
682 686
682 687
683 684
683 687
683 688
684 688
685 686
685 689
686 687
686 689
686 690
687 688
687 690
687 691
688 691
689 690
689 692
690 691
690 692
690 693
691 693
692 693
692 694
693 694
695 696
695 712
696 697
696 712
696 713
697 698
697 713
697 714
698 699
698 714
698 715
699 700
699 715
699 716
700 701
700 716
700 717
701 702
701 717
701 718
702 703
702 704
702 718
703 704
703 740
703 785
704 705
704 718
704 740
704 757
705 706
705 718
705 724
705 757
705 764
706 707
706 724
706 729
706 764
706 770
707 708
707 729
707 733
707 770
707 775
708 709
708 733
708 736
708 775
708 779
709 710
709 736
709 738
709 779
709 782
710 711
710 738
710 739
710 782
710 784
711 739
711 756
711 784
712 713
712 719
713 714
713 719
713 720
714 715
714 720
714 721
715 716
715 721
715 722
716 717
716 722
716 723
717 718
717 723
717 724
718 724
719 720
719 725
720 721
720 725
720 726
721 722
721 726
721 727
722 723
722 727
722 728
723 724
723 728
723 729
724 729
725 726
725 730
726 727
726 730
726 731
727 728
727 731
727 732
728 729
728 732
728 733
729 733
730 731
730 734
731 732
731 734
731 735
732 733
732 735
732 736
733 736
734 735
734 737
735 736
735 737
735 738
736 738
737 738
737 739
738 739
740 741
740 757
740 785
740 802
741 742
741 757
741 758
741 802
741 809
742 743
742 758
742 759
742 809
742 815
743 744
743 759
743 760
743 815
743 820
744 745
744 760
744 761
744 820
744 824
745 746
745 761
745 762
745 824
745 827
746 747
746 762
746 763
746 827
746 829
747 748
747 749
747 763
747 801
747 829
748 749
748 801
748 845
749 750
749 763
750 751
750 763
750 769
751 752
751 769
751 774
752 753
752 774
752 778
753 754
753 778
753 781
754 755
754 781
754 783
755 756
755 783
755 784
756 784
757 758
757 764
758 759
758 764
758 765
759 760
759 765
759 766
760 761
760 766
760 767
761 762
761 767
761 768
762 763
762 768
762 769
763 769
764 765
764 770
765 766
765 770
765 771
766 767
766 771
766 772
767 768
767 772
767 773
768 769
768 773
768 774
769 774
770 771
770 775
771 772
771 775
771 776
772 773
772 776
772 777
773 774
773 777
773 778
774 778
775 776
775 779
776 777
776 779
776 780
777 778
777 780
777 781
778 781
779 780
779 782
780 781
780 782
780 783
781 783
782 783
782 784
783 784
785 786
785 802
786 787
786 802
786 803
787 788
787 803
787 804
788 789
788 804
788 805
789 790
789 805
789 806
790 791
790 806
790 807
791 792
791 807
791 808
792 793
792 794
792 808
793 794
793 830
793 874
794 795
794 808
794 830
794 846
795 796
795 808
795 814
795 846
795 853
796 797
796 814
796 819
796 853
796 859
797 798
797 819
797 823
797 859
797 864
798 799
798 823
798 826
798 864
798 868
799 800
799 826
799 828
799 868
799 871
800 801
800 828
800 829
800 871
800 873
801 829
801 845
801 873
802 803
802 809
803 804
803 809
803 810
804 805
804 810
804 811
805 806
805 811
805 812
806 807
806 812
806 813
807 808
807 813
807 814
808 814
809 810
809 815
810 811
810 815
810 816
811 812
811 816
811 817
812 813
812 817
812 818
813 814
813 818
813 819
814 819
815 816
815 820
816 817
816 820
816 821
817 818
817 821
817 822
818 819
818 822
818 823
819 823
820 821
820 824
821 822
821 824
821 825
822 823
822 825
822 826
823 826
824 825
824 827
825 826
825 827
825 828
826 828
827 828
827 829
828 829
830 831
830 846
830 874
830 882
831 832
831 846
831 847
831 882
831 889
832 833
832 847
832 848
832 889
832 895
833 834
833 848
833 849
833 895
833 900
834 835
834 849
834 850
834 900
834 904
835 836
835 850
835 851
835 904
835 907
836 837
836 851
836 852
836 907
836 909
837 838
837 852
837 909
838 839
838 852
839 840
839 852
839 858
840 841
840 858
840 863
841 842
841 863
841 867
842 843
842 867
842 870
843 844
843 870
843 872
844 845
844 872
844 873
845 873
846 847
846 853
847 848
847 853
847 854
848 849
848 854
848 855
849 850
849 855
849 856
850 851
850 856
850 857
851 852
851 857
851 858
852 858
853 854
853 859
854 855
854 859
854 860
855 856
855 860
855 861
856 857
856 861
856 862
857 858
857 862
857 863
858 863
859 860
859 864
860 861
860 864
860 865
861 862
861 865
861 866
862 863
862 866
862 867
863 867
864 865
864 868
865 866
865 868
865 869
866 867
866 869
866 870
867 870
868 869
868 871
869 870
869 871
869 872
870 872
871 872
871 873
872 873
874 875
874 882
875 876
875 882
875 883
876 877
876 883
876 884
877 878
877 884
877 885
878 879
878 885
878 886
879 880
879 886
879 887
880 881
880 887
880 888
881 888
882 883
882 889
883 884
883 889
883 890
884 885
884 890
884 891
885 886
885 891
885 892
886 887
886 892
886 893
887 888
887 893
887 894
888 894
889 890
889 895
890 891
890 895
890 896
891 892
891 896
891 897
892 893
892 897
892 898
893 894
893 898
893 899
894 899
895 896
895 900
896 897
896 900
896 901
897 898
897 901
897 902
898 899
898 902
898 903
899 903
900 901
900 904
901 902
901 904
901 905
902 903
902 905
902 906
903 906
904 905
904 907
905 906
905 907
905 908
906 908
907 908
907 909
908 909
910 911
910 927
910 955
910 972
911 912
911 927
911 928
911 972
911 979
912 913
912 928
912 929
912 979
912 985
913 914
913 929
913 930
913 985
913 990
914 915
914 930
914 931
914 990
914 994
915 916
915 931
915 932
915 994
915 997
916 917
916 932
916 933
916 997
916 999
917 918
917 919
917 933
917 971
917 999
918 919
918 971
918 1016
919 920
919 933
920 921
920 933
920 939
921 922
921 939
921 944
922 923
922 944
922 948
923 924
923 948
923 951
924 925
924 951
924 953
925 926
925 953
925 954
926 954
927 928
927 934
928 929
928 934
928 935
929 930
929 935
929 936
930 931
930 936
930 937
931 932
931 937
931 938
932 933
932 938
932 939
933 939
934 935
934 940
935 936
935 940
935 941
936 937
936 941
936 942
937 938
937 942
937 943
938 939
938 943
938 944
939 944
940 941
940 945
941 942
941 945
941 946
942 943
942 946
942 947
943 944
943 947
943 948
944 948
945 946
945 949
946 947
946 949
946 950
947 948
947 950
947 951
948 951
949 950
949 952
950 951
950 952
950 953
951 953
952 953
952 954
953 954
955 956
955 972
956 957
956 972
956 973
957 958
957 973
957 974
958 959
958 974
958 975
959 960
959 975
959 976
960 961
960 976
960 977
961 962
961 977
961 978
962 963
962 964
962 978
963 964
963 1000
963 1045
964 965
964 978
964 1000
964 1017
965 966
965 978
965 984
965 1017
965 1024
966 967
966 984
966 989
966 1024
966 1030
967 968
967 989
967 993
967 1030
967 1035
968 969
968 993
968 996
968 1035
968 1039
969 970
969 996
969 998
969 1039
969 1042
970 971
970 998
970 999
970 1042
970 1044
971 999
971 1016
971 1044
972 973
972 979
973 974
973 979
973 980
974 975
974 980
974 981
975 976
975 981
975 982
976 977
976 982
976 983
977 978
977 983
977 984
978 984
979 980
979 985
980 981
980 985
980 986
981 982
981 986
981 987
982 983
982 987
982 988
983 984
983 988
983 989
984 989
985 986
985 990
986 987
986 990
986 991
987 988
987 991
987 992
988 989
988 992
988 993
989 993
990 991
990 994
991 992
991 994
991 995
992 993
992 995
992 996
993 996
994 995
994 997
995 996
995 997
995 998
996 998
997 998
997 999
998 999
1000 1001
1000 1017
1000 1045
1000 1062
1001 1002
1001 1017
1001 1018
1001 1062
1001 1069
1002 1003
1002 1018
1002 1019
1002 1069
1002 1075
1003 1004
1003 1019
1003 1020
1003 1075
1003 1080
1004 1005
1004 1020
1004 1021
1004 1080
1004 1084
1005 1006
1005 1021
1005 1022
1005 1084
1005 1087
1006 1007
1006 1022
1006 1023
1006 1087
1006 1089
1007 1008
1007 1009
1007 1023
1007 1061
1007 1089
1008 1009
1008 1061
1008 1106
1009 1010
1009 1023
1010 1011
1010 1023
1010 1029
1011 1012
1011 1029
1011 1034
1012 1013
1012 1034
1012 1038
1013 1014
1013 1038
1013 1041
1014 1015
1014 1041
1014 1043
1015 1016
1015 1043
1015 1044
1016 1044
1017 1018
1017 1024
1018 1019
1018 1024
1018 1025
1019 1020
1019 1025
1019 1026
1020 1021
1020 1026
1020 1027
1021 1022
1021 1027
1021 1028
1022 1023
1022 1028
1022 1029
1023 1029
1024 1025
1024 1030
1025 1026
1025 1030
1025 1031
1026 1027
1026 1031
1026 1032
1027 1028
1027 1032
1027 1033
1028 1029
1028 1033
1028 1034
1029 1034
1030 1031
1030 1035
1031 1032
1031 1035
1031 1036
1032 1033
1032 1036
1032 1037
1033 1034
1033 1037
1033 1038
1034 1038
1035 1036
1035 1039
1036 1037
1036 1039
1036 1040
1037 1038
1037 1040
1037 1041
1038 1041
1039 1040
1039 1042
1040 1041
1040 1042
1040 1043
1041 1043
1042 1043
1042 1044
1043 1044
1045 1046
1045 1062
1046 1047
1046 1062
1046 1063
1047 1048
1047 1063
1047 1064
1048 1049
1048 1064
1048 1065
1049 1050
1049 1065
1049 1066
1050 1051
1050 1066
1050 1067
1051 1052
1051 1067
1051 1068
1052 1053
1052 1054
1052 1068
1053 1054
1053 1090
1053 1135
1054 1055
1054 1068
1054 1090
1054 1107
1055 1056
1055 1068
1055 1074
1055 1107
1055 1114
1056 1057
1056 1074
1056 1079
1056 1114
1056 1120
1057 1058
1057 1079
1057 1083
1057 1120
1057 1125
1058 1059
1058 1083
1058 1086
1058 1125
1058 1129
1059 1060
1059 1086
1059 1088
1059 1129
1059 1132
1060 1061
1060 1088
1060 1089
1060 1132
1060 1134
1061 1089
1061 1106
1061 1134
1062 1063
1062 1069
1063 1064
1063 1069
1063 1070
1064 1065
1064 1070
1064 1071
1065 1066
1065 1071
1065 1072
1066 1067
1066 1072
1066 1073
1067 1068
1067 1073
1067 1074
1068 1074
1069 1070
1069 1075
1070 1071
1070 1075
1070 1076
1071 1072
1071 1076
1071 1077
1072 1073
1072 1077
1072 1078
1073 1074
1073 1078
1073 1079
1074 1079
1075 1076
1075 1080
1076 1077
1076 1080
1076 1081
1077 1078
1077 1081
1077 1082
1078 1079
1078 1082
1078 1083
1079 1083
1080 1081
1080 1084
1081 1082
1081 1084
1081 1085
1082 1083
1082 1085
1082 1086
1083 1086
1084 1085
1084 1087
1085 1086
1085 1087
1085 1088
1086 1088
1087 1088
1087 1089
1088 1089
1090 1091
1090 1107
1090 1135
1090 1152
1091 1092
1091 1107
1091 1108
1091 1152
1091 1159
1092 1093
1092 1108
1092 1109
1092 1159
1092 1165
1093 1094
1093 1109
1093 1110
1093 1165
1093 1170
1094 1095
1094 1110
1094 1111
1094 1170
1094 1174
1095 1096
1095 1111
1095 1112
1095 1174
1095 1177
1096 1097
1096 1112
1096 1113
1096 1177
1096 1179
1097 1098
1097 1099
1097 1113
1097 1151
1097 1179
1098 1099
1098 1151
1099 1100
1099 1113
1100 1101
1100 1113
1100 1119
1101 1102
1101 1119
1101 1124
1102 1103
1102 1124
1102 1128
1103 1104
1103 1128
1103 1131
1104 1105
1104 1131
1104 1133
1105 1106
1105 1133
1105 1134
1106 1134
1107 1108
1107 1114
1108 1109
1108 1114
1108 1115
1109 1110
1109 1115
1109 1116
1110 1111
1110 1116
1110 1117
1111 1112
1111 1117
1111 1118
1112 1113
1112 1118
1112 1119
1113 1119
1114 1115
1114 1120
1115 1116
1115 1120
1115 1121
1116 1117
1116 1121
1116 1122
1117 1118
1117 1122
1117 1123
1118 1119
1118 1123
1118 1124
1119 1124
1120 1121
1120 1125
1121 1122
1121 1125
1121 1126
1122 1123
1122 1126
1122 1127
1123 1124
1123 1127
1123 1128
1124 1128
1125 1126
1125 1129
1126 1127
1126 1129
1126 1130
1127 1128
1127 1130
1127 1131
1128 1131
1129 1130
1129 1132
1130 1131
1130 1132
1130 1133
1131 1133
1132 1133
1132 1134
1133 1134
1135 1136
1135 1152
1136 1137
1136 1152
1136 1153
1137 1138
1137 1153
1137 1154
1138 1139
1138 1154
1138 1155
1139 1140
1139 1155
1139 1156
1140 1141
1140 1156
1140 1157
1141 1142
1141 1157
1141 1158
1142 1143
1142 1144
1142 1158
1143 1144
1144 1145
1144 1158
1145 1146
1145 1158
1145 1164
1146 1147
1146 1164
1146 1169
1147 1148
1147 1169
1147 1173
1148 1149
1148 1173
1148 1176
1149 1150
1149 1176
1149 1178
1150 1151
1150 1178
1150 1179
1151 1179
1152 1153
1152 1159
1153 1154
1153 1159
1153 1160
1154 1155
1154 1160
1154 1161
1155 1156
1155 1161
1155 1162
1156 1157
1156 1162
1156 1163
1157 1158
1157 1163
1157 1164
1158 1164
1159 1160
1159 1165
1160 1161
1160 1165
1160 1166
1161 1162
1161 1166
1161 1167
1162 1163
1162 1167
1162 1168
1163 1164
1163 1168
1163 1169
1164 1169
1165 1166
1165 1170
1166 1167
1166 1170
1166 1171
1167 1168
1167 1171
1167 1172
1168 1169
1168 1172
1168 1173
1169 1173
1170 1171
1170 1174
1171 1172
1171 1174
1171 1175
1172 1173
1172 1175
1172 1176
1173 1176
1174 1175
1174 1177
1175 1176
1175 1177
1175 1178
1176 1178
1177 1178
1177 1179
1178 1179
