265 744
0 1
0 11
0 234
0 235
0 241
0 249
1 2
1 11
1 12
1 249
1 256
2 3
2 12
2 13
2 256
2 258
3 4
3 5
3 13
3 255
3 258
4 5
4 255
5 6
5 13
6 7
6 13
6 14
7 8
7 9
7 14
8 9
8 259
9 10
9 14
9 259
9 264
10 11
10 12
10 14
10 263
10 264
11 12
11 241
11 263
12 13
12 14
13 14
15 16
15 26
15 154
16 17
16 26
16 27
17 18
17 27
17 28
18 19
18 20
18 28
19 20
19 30
19 40
19 50
20 21
20 28
20 30
20 37
21 22
21 28
21 29
21 37
21 39
22 23
22 24
22 29
22 36
22 39
23 24
23 36
23 134
23 144
23 148
24 25
24 29
24 148
24 156
25 26
25 27
25 29
25 155
25 156
26 27
26 154
26 155
27 28
27 29
28 29
30 31
30 37
30 40
30 47
31 32
31 37
31 38
31 47
31 49
32 33
32 34
32 38
32 46
32 49
33 34
33 46
33 92
33 118
33 128
34 35
34 38
34 128
34 136
35 36
35 38
35 39
35 135
35 136
36 39
36 134
36 135
37 38
37 39
38 39
40 41
40 47
40 50
40 57
41 42
41 47
41 48
41 57
41 59
42 43
42 44
42 48
42 56
42 59
43 44
43 56
43 66
43 76
43 86
44 45
44 48
44 86
44 93
45 46
45 48
45 49
45 93
45 95
46 49
46 92
46 95
47 48
47 49
48 49
50 51
50 57
51 52
51 57
51 58
52 53
52 54
52 58
53 54
53 60
54 55
54 58
54 60
54 67
55 56
55 58
55 59
55 67
55 69
56 59
56 66
56 69
57 58
57 59
58 59
60 61
60 67
61 62
61 67
61 68
62 63
62 64
62 68
63 64
63 70
64 65
64 68
64 70
64 78
65 66
65 68
65 69
65 77
65 78
66 69
66 76
66 77
67 68
67 69
68 69
70 71
70 78
71 72
71 78
71 79
72 73
72 74
72 79
73 74
73 80
73 96
74 75
74 79
74 80
74 88
75 76
75 77
75 79
75 87
75 88
76 77
76 86
76 87
77 78
77 79
78 79
80 81
80 88
80 96
80 104
81 82
81 88
81 89
81 103
81 104
82 83
82 84
82 89
82 102
82 103
83 84
83 90
83 102
83 112
84 85
84 89
84 90
84 94
85 86
85 87
85 89
85 93
85 94
86 87
86 93
87 88
87 89
88 89
90 91
90 94
90 112
90 120
91 92
91 94
91 95
91 119
91 120
92 95
92 118
92 119
93 94
93 95
94 95
96 97
96 104
97 98
97 104
97 105
98 99
98 100
98 105
99 100
99 106
99 190
100 101
100 105
100 106
100 114
101 102
101 103
101 105
101 113
101 114
102 103
102 112
102 113
103 104
103 105
104 105
106 107
106 114
106 190
106 194
107 108
107 114
107 115
107 193
107 194
108 109
108 110
108 115
108 180
108 193
109 110
109 116
109 122
109 174
109 180
110 111
110 115
110 116
110 121
111 112
111 113
111 115
111 120
111 121
112 113
112 120
113 114
113 115
114 115
116 117
116 121
116 122
116 130
117 118
117 119
117 121
117 129
117 130
118 119
118 128
118 129
119 120
119 121
120 121
122 123
122 130
122 174
122 178
123 124
123 130
123 131
123 177
123 178
124 125
124 126
124 131
124 164
124 177
125 126
125 132
125 138
125 164
126 127
126 131
126 132
126 137
127 128
127 129
127 131
127 136
127 137
128 129
128 136
129 130
129 131
130 131
132 133
132 137
132 138
132 146
133 134
133 135
133 137
133 145
133 146
134 135
134 144
134 145
135 136
135 137
136 137
138 139
138 146
138 164
138 171
139 140
139 146
139 147
139 171
139 173
140 141
140 142
140 147
140 170
140 173
141 142
141 158
141 170
141 218
141 237
142 143
142 147
142 158
142 162
143 144
143 145
143 147
143 161
143 162
144 145
144 148
144 161
145 146
145 147
146 147
148 149
148 156
148 161
149 150
149 156
149 157
149 161
149 163
150 151
150 152
150 157
150 160
150 163
151 152
151 160
151 243
151 261
152 153
152 157
153 154
153 155
153 157
154 155
155 156
155 157
156 157
158 159
158 162
158 237
158 245
159 160
159 162
159 163
159 244
159 245
160 163
160 243
160 244
161 162
161 163
162 163
164 165
164 171
164 177
165 166
165 171
165 172
165 177
165 179
166 167
166 168
166 172
166 176
166 179
167 168
167 176
167 186
167 202
167 212
168 169
168 172
168 212
168 220
169 170
169 172
169 173
169 219
169 220
170 173
170 218
170 219
171 172
171 173
172 173
174 175
174 178
174 180
174 187
175 176
175 178
175 179
175 187
175 189
176 179
176 186
176 189
177 178
177 179
178 179
180 181
180 187
180 193
181 182
181 187
181 188
181 193
181 195
182 183
182 184
182 188
182 192
182 195
183 184
183 192
183 196
184 185
184 188
184 196
184 204
185 186
185 188
185 189
185 203
185 204
186 189
186 202
186 203
187 188
187 189
188 189
190 191
190 194
191 192
191 194
191 195
192 195
193 194
193 195
194 195
196 197
196 204
197 198
197 204
197 205
198 199
198 200
198 205
199 200
199 206
199 222
200 201
200 205
200 206
200 214
201 202
201 203
201 205
201 213
201 214
202 203
202 212
202 213
203 204
203 205
204 205
206 207
206 214
206 222
206 230
207 208
207 214
207 215
207 229
207 230
208 209
208 210
208 215
208 228
208 229
209 210
209 216
209 228
209 232
210 211
210 215
210 216
210 221
211 212
211 213
211 215
211 220
211 221
212 213
212 220
213 214
213 215
214 215
216 217
216 221
216 232
216 239
217 218
217 219
217 221
217 238
217 239
218 219
218 237
218 238
219 220
219 221
220 221
222 223
222 230
223 224
223 230
223 231
224 225
224 226
224 231
225 226
225 247
225 253
226 227
226 231
226 247
226 251
227 228
227 229
227 231
227 250
227 251
228 229
228 232
228 250
229 230
229 231
230 231
232 233
232 239
232 250
233 234
233 239
233 240
233 250
233 252
234 235
234 240
234 249
234 252
235 236
235 240
235 241
235 246
236 237
236 238
236 240
236 245
236 246
237 238
237 245
238 239
238 240
239 240
241 242
241 246
241 263
242 243
242 244
242 246
242 262
242 263
243 244
243 261
243 262
244 245
244 246
245 246
247 248
247 251
247 253
247 257
248 249
248 251
248 252
248 256
248 257
249 252
249 256
250 251
250 252
251 252
253 254
253 257
254 255
254 257
254 258
255 258
256 257
256 258
257 258
259 260
259 264
260 261
260 262
260 264
261 262
262 263
262 264
263 264
