1270 3699
0 1
0 26
0 1089
0 1090
0 1126
0 1169
1 2
1 26
1 27
1 1169
1 1206
2 3
2 27
2 28
2 1206
2 1213
3 4
3 28
3 29
3 1213
3 1219
4 5
4 29
4 30
4 1219
4 1224
5 6
5 30
5 31
5 1224
5 1228
6 7
6 31
6 32
6 1228
6 1231
7 8
7 32
7 33
7 1231
7 1233
8 9
8 10
8 33
8 1205
8 1233
9 10
9 1205
10 11
10 33
11 12
11 33
11 39
12 13
12 39
12 44
13 14
13 44
13 48
14 15
14 48
14 51
15 16
15 51
15 53
16 17
16 53
16 54
17 18
17 19
17 54
18 19
18 1234
19 20
19 54
19 1234
19 1269
20 21
20 52
20 54
20 1268
20 1269
21 22
21 49
21 52
21 1266
21 1268
22 23
22 45
22 49
22 1263
22 1266
23 24
23 40
23 45
23 1259
23 1263
24 25
24 34
24 40
24 1254
24 1259
25 26
25 27
25 34
25 1248
25 1254
26 27
26 1126
26 1248
27 28
27 34
28 29
28 34
28 35
29 30
29 35
29 36
30 31
30 36
30 37
31 32
31 37
31 38
32 33
32 38
32 39
33 39
34 35
34 40
35 36
35 40
35 41
36 37
36 41
36 42
37 38
37 42
37 43
38 39
38 43
38 44
39 44
40 41
40 45
41 42
41 45
41 46
42 43
42 46
42 47
43 44
43 47
43 48
44 48
45 46
45 49
46 47
46 49
46 50
47 48
47 50
47 51
48 51
49 50
49 52
50 51
50 52
50 53
51 53
52 53
52 54
53 54
55 56
55 81
55 684
56 57
56 81
56 82
57 58
57 82
57 83
58 59
58 83
58 84
59 60
59 84
59 85
60 61
60 85
60 86
61 62
61 86
61 87
62 63
62 87
62 88
63 64
63 65
63 88
64 65
64 110
64 155
64 200
65 66
65 88
65 110
65 127
66 67
66 88
66 94
66 127
66 134
67 68
67 94
67 99
67 134
67 140
68 69
68 99
68 103
68 140
68 145
69 70
69 103
69 106
69 145
69 149
70 71
70 106
70 108
70 149
70 152
71 72
71 108
71 109
71 152
71 154
72 73
72 74
72 109
72 126
72 154
73 74
73 126
73 594
73 639
73 668
74 75
74 109
74 668
74 691
75 76
75 107
75 109
75 690
75 691
76 77
76 104
76 107
76 689
76 690
77 78
77 100
77 104
77 688
77 689
78 79
78 95
78 100
78 687
78 688
79 80
79 89
79 95
79 686
79 687
80 81
80 82
80 89
80 685
80 686
81 82
81 684
81 685
82 83
82 89
83 84
83 89
83 90
84 85
84 90
84 91
85 86
85 91
85 92
86 87
86 92
86 93
87 88
87 93
87 94
88 94
89 90
89 95
90 91
90 95
90 96
91 92
91 96
91 97
92 93
92 97
92 98
93 94
93 98
93 99
94 99
95 96
95 100
96 97
96 100
96 101
97 98
97 101
97 102
98 99
98 102
98 103
99 103
100 101
100 104
101 102
101 104
101 105
102 103
102 105
102 106
103 106
104 105
104 107
105 106
105 107
105 108
106 108
107 108
107 109
108 109
110 111
110 127
110 155
110 172
111 112
111 127
111 128
111 172
111 179
112 113
112 128
112 129
112 179
112 185
113 114
113 129
113 130
113 185
113 190
114 115
114 130
114 131
114 190
114 194
115 116
115 131
115 132
115 194
115 197
116 117
116 132
116 133
116 197
116 199
117 118
117 119
117 133
117 171
117 199
118 119
118 171
118 387
118 513
118 558
119 120
119 133
119 558
119 601
120 121
120 133
120 139
120 600
120 601
121 122
121 139
121 144
121 599
121 600
122 123
122 144
122 148
122 598
122 599
123 124
123 148
123 151
123 597
123 598
124 125
124 151
124 153
124 596
124 597
125 126
125 153
125 154
125 595
125 596
126 154
126 594
126 595
127 128
127 134
128 129
128 134
128 135
129 130
129 135
129 136
130 131
130 136
130 137
131 132
131 137
131 138
132 133
132 138
132 139
133 139
134 135
134 140
135 136
135 140
135 141
136 137
136 141
136 142
137 138
137 142
137 143
138 139
138 143
138 144
139 144
140 141
140 145
141 142
141 145
141 146
142 143
142 146
142 147
143 144
143 147
143 148
144 148
145 146
145 149
146 147
146 149
146 150
147 148
147 150
147 151
148 151
149 150
149 152
150 151
150 152
150 153
151 153
152 153
152 154
153 154
155 156
155 172
155 200
155 217
156 157
156 172
156 173
156 217
156 224
157 158
157 173
157 174
157 224
157 230
158 159
158 174
158 175
158 230
158 235
159 160
159 175
159 176
159 235
159 239
160 161
160 176
160 177
160 239
160 242
161 162
161 177
161 178
161 242
161 244
162 163
162 164
162 178
162 216
162 244
163 164
163 216
163 261
163 306
163 351
164 165
164 178
164 351
164 388
165 166
165 178
165 184
165 388
165 395
166 167
166 184
166 189
166 395
166 401
167 168
167 189
167 193
167 401
167 406
168 169
168 193
168 196
168 406
168 410
169 170
169 196
169 198
169 410
169 413
170 171
170 198
170 199
170 413
170 415
171 199
171 387
171 415
172 173
172 179
173 174
173 179
173 180
174 175
174 180
174 181
175 176
175 181
175 182
176 177
176 182
176 183
177 178
177 183
177 184
178 184
179 180
179 185
180 181
180 185
180 186
181 182
181 186
181 187
182 183
182 187
182 188
183 184
183 188
183 189
184 189
185 186
185 190
186 187
186 190
186 191
187 188
187 191
187 192
188 189
188 192
188 193
189 193
190 191
190 194
191 192
191 194
191 195
192 193
192 195
192 196
193 196
194 195
194 197
195 196
195 197
195 198
196 198
197 198
197 199
198 199
200 201
200 217
201 202
201 217
201 218
202 203
202 218
202 219
203 204
203 219
203 220
204 205
204 220
204 221
205 206
205 221
205 222
206 207
206 222
206 223
207 208
207 209
207 223
208 209
208 245
209 210
209 223
209 245
209 262
210 211
210 223
210 229
210 262
210 269
211 212
211 229
211 234
211 269
211 275
212 213
212 234
212 238
212 275
212 280
213 214
213 238
213 241
213 280
213 284
214 215
214 241
214 243
214 284
214 287
215 216
215 243
215 244
215 287
215 289
216 244
216 261
216 289
217 218
217 224
218 219
218 224
218 225
219 220
219 225
219 226
220 221
220 226
220 227
221 222
221 227
221 228
222 223
222 228
222 229
223 229
224 225
224 230
225 226
225 230
225 231
226 227
226 231
226 232
227 228
227 232
227 233
228 229
228 233
228 234
229 234
230 231
230 235
231 232
231 235
231 236
232 233
232 236
232 237
233 234
233 237
233 238
234 238
235 236
235 239
236 237
236 239
236 240
237 238
237 240
237 241
238 241
239 240
239 242
240 241
240 242
240 243
241 243
242 243
242 244
243 244
245 246
245 262
246 247
246 262
246 263
247 248
247 263
247 264
248 249
248 264
248 265
249 250
249 265
249 266
250 251
250 266
250 267
251 252
251 267
251 268
252 253
252 254
252 268
253 254
253 290
254 255
254 268
254 290
254 313
255 256
255 268
255 274
255 312
255 313
256 257
256 274
256 279
256 311
256 312
257 258
257 279
257 283
257 310
257 311
258 259
258 283
258 286
258 309
258 310
259 260
259 286
259 288
259 308
259 309
260 261
260 288
260 289
260 307
260 308
261 289
261 306
261 307
262 263
262 269
263 264
263 269
263 270
264 265
264 270
264 271
265 266
265 271
265 272
266 267
266 272
266 273
267 268
267 273
267 274
268 274
269 270
269 275
270 271
270 275
270 276
271 272
271 276
271 277
272 273
272 277
272 278
273 274
273 278
273 279
274 279
275 276
275 280
276 277
276 280
276 281
277 278
277 281
277 282
278 279
278 282
278 283
279 283
280 281
280 284
281 282
281 284
281 285
282 283
282 285
282 286
283 286
284 285
284 287
285 286
285 287
285 288
286 288
287 288
287 289
288 289
290 291
290 313
291 292
291 313
291 319
292 293
292 319
292 324
293 294
293 324
293 328
294 295
294 328
294 331
295 296
295 331
295 333
296 297
296 333
296 334
297 298
297 299
297 334
298 299
298 335
298 416
299 300
299 334
299 335
299 358
300 301
300 332
300 334
300 357
300 358
301 302
301 329
301 332
301 356
301 357
302 303
302 325
302 329
302 355
302 356
303 304
303 320
303 325
303 354
303 355
304 305
304 314
304 320
304 353
304 354
305 306
305 307
305 314
305 352
305 353
306 307
306 351
306 352
307 308
307 314
308 309
308 314
308 315
309 310
309 315
309 316
310 311
310 316
310 317
311 312
311 317
311 318
312 313
312 318
312 319
313 319
314 315
314 320
315 316
315 320
315 321
316 317
316 321
316 322
317 318
317 322
317 323
318 319
318 323
318 324
319 324
320 321
320 325
321 322
321 325
321 326
322 323
322 326
322 327
323 324
323 327
323 328
324 328
325 326
325 329
326 327
326 329
326 330
327 328
327 330
327 331
328 331
329 330
329 332
330 331
330 332
330 333
331 333
332 333
332 334
333 334
335 336
335 358
335 416
335 439
336 337
336 358
336 364
336 438
336 439
337 338
337 364
337 369
337 437
337 438
338 339
338 369
338 373
338 436
338 437
339 340
339 373
339 376
339 435
339 436
340 341
340 376
340 378
340 434
340 435
341 342
341 378
341 379
341 433
341 434
342 343
342 344
342 379
342 432
342 433
343 344
343 380
343 432
343 477
344 345
344 379
344 380
344 394
345 346
345 377
345 379
345 393
345 394
346 347
346 374
346 377
346 392
346 393
347 348
347 370
347 374
347 391
347 392
348 349
348 365
348 370
348 390
348 391
349 350
349 359
349 365
349 389
349 390
350 351
350 352
350 359
350 388
350 389
351 352
351 388
352 353
352 359
353 354
353 359
353 360
354 355
354 360
354 361
355 356
355 361
355 362
356 357
356 362
356 363
357 358
357 363
357 364
358 364
359 360
359 365
360 361
360 365
360 366
361 362
361 366
361 367
362 363
362 367
362 368
363 364
363 368
363 369
364 369
365 366
365 370
366 367
366 370
366 371
367 368
367 371
367 372
368 369
368 372
368 373
369 373
370 371
370 374
371 372
371 374
371 375
372 373
372 375
372 376
373 376
374 375
374 377
375 376
375 377
375 378
376 378
377 378
377 379
378 379
380 381
380 394
380 477
380 520
381 382
381 394
381 400
381 519
381 520
382 383
382 400
382 405
382 518
382 519
383 384
383 405
383 409
383 517
383 518
384 385
384 409
384 412
384 516
384 517
385 386
385 412
385 414
385 515
385 516
386 387
386 414
386 415
386 514
386 515
387 415
387 513
387 514
388 389
388 395
389 390
389 395
389 396
390 391
390 396
390 397
391 392
391 397
391 398
392 393
392 398
392 399
393 394
393 399
393 400
394 400
395 396
395 401
396 397
396 401
396 402
397 398
397 402
397 403
398 399
398 403
398 404
399 400
399 404
399 405
400 405
401 402
401 406
402 403
402 406
402 407
403 404
403 407
403 408
404 405
404 408
404 409
405 409
406 407
406 410
407 408
407 410
407 411
408 409
408 411
408 412
409 412
410 411
410 413
411 412
411 413
411 414
412 414
413 414
413 415
414 415
416 417
416 439
417 418
417 439
417 445
418 419
418 445
418 450
419 420
419 450
419 454
420 421
420 454
420 457
421 422
421 457
421 459
422 423
422 459
422 460
423 424
423 425
423 460
424 425
424 461
424 875
425 426
425 460
425 461
425 484
426 427
426 458
426 460
426 483
426 484
427 428
427 455
427 458
427 482
427 483
428 429
428 451
428 455
428 481
428 482
429 430
429 446
429 451
429 480
429 481
430 431
430 440
430 446
430 479
430 480
431 432
431 433
431 440
431 478
431 479
432 433
432 477
432 478
433 434
433 440
434 435
434 440
434 441
435 436
435 441
435 442
436 437
436 442
436 443
437 438
437 443
437 444
438 439
438 444
438 445
439 445
440 441
440 446
441 442
441 446
441 447
442 443
442 447
442 448
443 444
443 448
443 449
444 445
444 449
444 450
445 450
446 447
446 451
447 448
447 451
447 452
448 449
448 452
448 453
449 450
449 453
449 454
450 454
451 452
451 455
452 453
452 455
452 456
453 454
453 456
453 457
454 457
455 456
455 458
456 457
456 458
456 459
457 459
458 459
458 460
459 460
461 462
461 484
461 875
461 889
462 463
462 484
462 490
462 888
462 889
463 464
463 490
463 495
463 887
463 888
464 465
464 495
464 499
464 886
464 887
465 466
465 499
465 502
465 885
465 886
466 467
466 502
466 504
466 884
466 885
467 468
467 504
467 505
467 883
467 884
468 469
468 470
468 505
468 830
468 883
469 470
469 506
469 542
469 794
469 830
470 471
470 505
470 506
470 541
471 472
471 503
471 505
471 540
471 541
472 473
472 500
472 503
472 538
472 540
473 474
473 496
473 500
473 535
473 538
474 475
474 491
474 496
474 531
474 535
475 476
475 485
475 491
475 526
475 531
476 477
476 478
476 485
476 520
476 526
477 478
477 520
478 479
478 485
479 480
479 485
479 486
480 481
480 486
480 487
481 482
481 487
481 488
482 483
482 488
482 489
483 484
483 489
483 490
484 490
485 486
485 491
486 487
486 491
486 492
487 488
487 492
487 493
488 489
488 493
488 494
489 490
489 494
489 495
490 495
491 492
491 496
492 493
492 496
492 497
493 494
493 497
493 498
494 495
494 498
494 499
495 499
496 497
496 500
497 498
497 500
497 501
498 499
498 501
498 502
499 502
500 501
500 503
501 502
501 503
501 504
502 504
503 504
503 505
504 505
506 507
506 541
506 542
506 565
507 508
507 539
507 541
507 564
507 565
508 509
508 536
508 539
508 563
508 564
509 510
509 532
509 536
509 562
509 563
510 511
510 527
510 532
510 561
510 562
511 512
511 521
511 527
511 560
511 561
512 513
512 514
512 521
512 559
512 560
513 514
513 558
513 559
514 515
514 521
515 516
515 521
515 522
516 517
516 522
516 523
517 518
517 523
517 524
518 519
518 524
518 525
519 520
519 525
519 526
520 526
521 522
521 527
522 523
522 527
522 528
523 524
523 528
523 529
524 525
524 529
524 530
525 526
525 530
525 531
526 531
527 528
527 532
528 529
528 532
528 533
529 530
529 533
529 534
530 531
530 534
530 535
531 535
532 533
532 536
533 534
533 536
533 537
534 535
534 537
534 538
535 538
536 537
536 539
537 538
537 539
537 540
538 540
539 540
539 541
540 541
542 543
542 565
542 794
542 808
543 544
543 565
543 571
543 807
543 808
544 545
544 571
544 576
544 806
544 807
545 546
545 576
545 580
545 805
545 806
546 547
546 580
546 583
546 804
546 805
547 548
547 583
547 585
547 803
547 804
548 549
548 585
548 586
548 802
548 803
549 550
549 551
549 586
549 749
549 802
550 551
550 587
550 623
550 749
551 552
551 586
551 587
551 622
552 553
552 584
552 586
552 621
552 622
553 554
553 581
553 584
553 619
553 621
554 555
554 577
554 581
554 616
554 619
555 556
555 572
555 577
555 612
555 616
556 557
556 566
556 572
556 607
556 612
557 558
557 559
557 566
557 601
557 607
558 559
558 601
559 560
559 566
560 561
560 566
560 567
561 562
561 567
561 568
562 563
562 568
562 569
563 564
563 569
563 570
564 565
564 570
564 571
565 571
566 567
566 572
567 568
567 572
567 573
568 569
568 573
568 574
569 570
569 574
569 575
570 571
570 575
570 576
571 576
572 573
572 577
573 574
573 577
573 578
574 575
574 578
574 579
575 576
575 579
575 580
576 580
577 578
577 581
578 579
578 581
578 582
579 580
579 582
579 583
580 583
581 582
581 584
582 583
582 584
582 585
583 585
584 585
584 586
585 586
587 588
587 622
587 623
587 646
588 589
588 620
588 622
588 645
588 646
589 590
589 617
589 620
589 644
589 645
590 591
590 613
590 617
590 643
590 644
591 592
591 608
591 613
591 642
591 643
592 593
592 602
592 608
592 641
592 642
593 594
593 595
593 602
593 640
593 641
594 595
594 639
594 640
595 596
595 602
596 597
596 602
596 603
597 598
597 603
597 604
598 599
598 604
598 605
599 600
599 605
599 606
600 601
600 606
600 607
601 607
602 603
602 608
603 604
603 608
603 609
604 605
604 609
604 610
605 606
605 610
605 611
606 607
606 611
606 612
607 612
608 609
608 613
609 610
609 613
609 614
610 611
610 614
610 615
611 612
611 615
611 616
612 616
613 614
613 617
614 615
614 617
614 618
615 616
615 618
615 619
616 619
617 618
617 620
618 619
618 620
618 621
619 621
620 621
620 622
621 622
623 624
623 646
623 749
623 766
624 625
624 646
624 652
624 766
624 773
625 626
625 652
625 657
625 773
625 779
626 627
626 657
626 661
626 779
626 784
627 628
627 661
627 664
627 784
627 788
628 629
628 664
628 666
628 788
628 791
629 630
629 666
629 667
629 791
629 793
630 631
630 632
630 667
630 765
630 793
631 632
631 713
631 765
631 1008
631 1097
632 633
632 667
632 713
632 727
633 634
633 665
633 667
633 726
633 727
634 635
634 662
634 665
634 725
634 726
635 636
635 658
635 662
635 724
635 725
636 637
636 653
636 658
636 723
636 724
637 638
637 647
637 653
637 722
637 723
638 639
638 640
638 647
638 721
638 722
639 640
639 668
639 721
640 641
640 647
641 642
641 647
641 648
642 643
642 648
642 649
643 644
643 649
643 650
644 645
644 650
644 651
645 646
645 651
645 652
646 652
647 648
647 653
648 649
648 653
648 654
649 650
649 654
649 655
650 651
650 655
650 656
651 652
651 656
651 657
652 657
653 654
653 658
654 655
654 658
654 659
655 656
655 659
655 660
656 657
656 660
656 661
657 661
658 659
658 662
659 660
659 662
659 663
660 661
660 663
660 664
661 664
662 663
662 665
663 664
663 665
663 666
664 666
665 666
665 667
666 667
668 669
668 691
668 721
669 670
669 691
669 697
669 721
669 728
670 671
670 697
670 702
670 728
670 734
671 672
671 702
671 706
671 734
671 739
672 673
672 706
672 709
672 739
672 743
673 674
673 709
673 711
673 743
673 746
674 675
674 711
674 712
674 746
674 748
675 676
675 677
675 712
675 720
675 748
676 677
676 720
676 1133
676 1241
677 678
677 712
678 679
678 710
678 712
679 680
679 707
679 710
680 681
680 703
680 707
681 682
681 698
681 703
682 683
682 692
682 698
683 684
683 685
683 692
684 685
685 686
685 692
686 687
686 692
686 693
687 688
687 693
687 694
688 689
688 694
688 695
689 690
689 695
689 696
690 691
690 696
690 697
691 697
692 693
692 698
693 694
693 698
693 699
694 695
694 699
694 700
695 696
695 700
695 701
696 697
696 701
696 702
697 702
698 699
698 703
699 700
699 703
699 704
700 701
700 704
700 705
701 702
701 705
701 706
702 706
703 704
703 707
704 705
704 707
704 708
705 706
705 708
705 709
706 709
707 708
707 710
708 709
708 710
708 711
709 711
710 711
710 712
711 712
713 714
713 727
713 1097
713 1140
714 715
714 727
714 733
714 1139
714 1140
715 716
715 733
715 738
715 1138
715 1139
716 717
716 738
716 742
716 1137
716 1138
717 718
717 742
717 745
717 1136
717 1137
718 719
718 745
718 747
718 1135
718 1136
719 720
719 747
719 748
719 1134
719 1135
720 748
720 1133
720 1134
721 722
721 728
722 723
722 728
722 729
723 724
723 729
723 730
724 725
724 730
724 731
725 726
725 731
725 732
726 727
726 732
726 733
727 733
728 729
728 734
729 730
729 734
729 735
730 731
730 735
730 736
731 732
731 736
731 737
732 733
732 737
732 738
733 738
734 735
734 739
735 736
735 739
735 740
736 737
736 740
736 741
737 738
737 741
737 742
738 742
739 740
739 743
740 741
740 743
740 744
741 742
741 744
741 745
742 745
743 744
743 746
744 745
744 746
744 747
745 747
746 747
746 748
747 748
749 750
749 766
749 802
750 751
750 766
750 767
750 802
750 809
751 752
751 767
751 768
751 809
751 815
752 753
752 768
752 769
752 815
752 820
753 754
753 769
753 770
753 820
753 824
754 755
754 770
754 771
754 824
754 827
755 756
755 771
755 772
755 827
755 829
756 757
756 758
756 772
756 801
756 829
757 758
757 801
757 846
757 927
757 972
758 759
758 772
758 972
758 1015
759 760
759 772
759 778
759 1014
759 1015
760 761
760 778
760 783
760 1013
760 1014
761 762
761 783
761 787
761 1012
761 1013
762 763
762 787
762 790
762 1011
762 1012
763 764
763 790
763 792
763 1010
763 1011
764 765
764 792
764 793
764 1009
764 1010
765 793
765 1008
765 1009
766 767
766 773
767 768
767 773
767 774
768 769
768 774
768 775
769 770
769 775
769 776
770 771
770 776
770 777
771 772
771 777
771 778
772 778
773 774
773 779
774 775
774 779
774 780
775 776
775 780
775 781
776 777
776 781
776 782
777 778
777 782
777 783
778 783
779 780
779 784
780 781
780 784
780 785
781 782
781 785
781 786
782 783
782 786
782 787
783 787
784 785
784 788
785 786
785 788
785 789
786 787
786 789
786 790
787 790
788 789
788 791
789 790
789 791
789 792
790 792
791 792
791 793
792 793
794 795
794 808
794 830
794 847
795 796
795 808
795 814
795 847
795 854
796 797
796 814
796 819
796 854
796 860
797 798
797 819
797 823
797 860
797 865
798 799
798 823
798 826
798 865
798 869
799 800
799 826
799 828
799 869
799 872
800 801
800 828
800 829
800 872
800 874
801 829
801 846
801 874
802 803
802 809
803 804
803 809
803 810
804 805
804 810
804 811
805 806
805 811
805 812
806 807
806 812
806 813
807 808
807 813
807 814
808 814
809 810
809 815
810 811
810 815
810 816
811 812
811 816
811 817
812 813
812 817
812 818
813 814
813 818
813 819
814 819
815 816
815 820
816 817
816 820
816 821
817 818
817 821
817 822
818 819
818 822
818 823
819 823
820 821
820 824
821 822
821 824
821 825
822 823
822 825
822 826
823 826
824 825
824 827
825 826
825 827
825 828
826 828
827 828
827 829
828 829
830 831
830 847
830 883
831 832
831 847
831 848
831 883
831 890
832 833
832 848
832 849
832 890
832 896
833 834
833 849
833 850
833 896
833 901
834 835
834 850
834 851
834 901
834 905
835 836
835 851
835 852
835 905
835 908
836 837
836 852
836 853
836 908
836 910
837 838
837 839
837 853
837 882
837 910
838 839
838 882
838 911
839 840
839 853
839 911
839 934
840 841
840 853
840 859
840 933
840 934
841 842
841 859
841 864
841 932
841 933
842 843
842 864
842 868
842 931
842 932
843 844
843 868
843 871
843 930
843 931
844 845
844 871
844 873
844 929
844 930
845 846
845 873
845 874
845 928
845 929
846 874
846 927
846 928
847 848
847 854
848 849
848 854
848 855
849 850
849 855
849 856
850 851
850 856
850 857
851 852
851 857
851 858
852 853
852 858
852 859
853 859
854 855
854 860
855 856
855 860
855 861
856 857
856 861
856 862
857 858
857 862
857 863
858 859
858 863
858 864
859 864
860 861
860 865
861 862
861 865
861 866
862 863
862 866
862 867
863 864
863 867
863 868
864 868
865 866
865 869
866 867
866 869
866 870
867 868
867 870
867 871
868 871
869 870
869 872
870 871
870 872
870 873
871 873
872 873
872 874
873 874
875 876
875 889
876 877
876 889
876 895
877 878
877 895
877 900
878 879
878 900
878 904
879 880
879 904
879 907
880 881
880 907
880 909
881 882
881 909
881 910
882 910
883 884
883 890
884 885
884 890
884 891
885 886
885 891
885 892
886 887
886 892
886 893
887 888
887 893
887 894
888 889
888 894
888 895
889 895
890 891
890 896
891 892
891 896
891 897
892 893
892 897
892 898
893 894
893 898
893 899
894 895
894 899
894 900
895 900
896 897
896 901
897 898
897 901
897 902
898 899
898 902
898 903
899 900
899 903
899 904
900 904
901 902
901 905
902 903
902 905
902 906
903 904
903 906
903 907
904 907
905 906
905 908
906 907
906 908
906 909
907 909
908 909
908 910
909 910
911 912
911 934
912 913
912 934
912 940
913 914
913 940
913 945
914 915
914 945
914 949
915 916
915 949
915 952
916 917
916 952
916 954
917 918
917 954
917 955
918 919
918 920
918 955
919 920
919 956
919 1037
920 921
920 955
920 956
920 979
921 922
921 953
921 955
921 978
921 979
922 923
922 950
922 953
922 977
922 978
923 924
923 946
923 950
923 976
923 977
924 925
924 941
924 946
924 975
924 976
925 926
925 935
925 941
925 974
925 975
926 927
926 928
926 935
926 973
926 974
927 928
927 972
927 973
928 929
928 935
929 930
929 935
929 936
930 931
930 936
930 937
931 932
931 937
931 938
932 933
932 938
932 939
933 934
933 939
933 940
934 940
935 936
935 941
936 937
936 941
936 942
937 938
937 942
937 943
938 939
938 943
938 944
939 940
939 944
939 945
940 945
941 942
941 946
942 943
942 946
942 947
943 944
943 947
943 948
944 945
944 948
944 949
945 949
946 947
946 950
947 948
947 950
947 951
948 949
948 951
948 952
949 952
950 951
950 953
951 952
951 953
951 954
952 954
953 954
953 955
954 955
956 957
956 979
956 1037
956 1060
957 958
957 979
957 985
957 1059
957 1060
958 959
958 985
958 990
958 1058
958 1059
959 960
959 990
959 994
959 1057
959 1058
960 961
960 994
960 997
960 1056
960 1057
961 962
961 997
961 999
961 1055
961 1056
962 963
962 999
962 1000
962 1054
962 1055
963 964
963 965
963 1000
963 1053
963 1054
964 965
964 1001
964 1053
964 1082
965 966
965 1000
965 1001
965 1036
966 967
966 998
966 1000
966 1035
966 1036
967 968
967 995
967 998
967 1033
967 1035
968 969
968 991
968 995
968 1030
968 1033
969 970
969 986
969 991
969 1026
969 1030
970 971
970 980
970 986
970 1021
970 1026
971 972
971 973
971 980
971 1015
971 1021
972 973
972 1015
973 974
973 980
974 975
974 980
974 981
975 976
975 981
975 982
976 977
976 982
976 983
977 978
977 983
977 984
978 979
978 984
978 985
979 985
980 981
980 986
981 982
981 986
981 987
982 983
982 987
982 988
983 984
983 988
983 989
984 985
984 989
984 990
985 990
986 987
986 991
987 988
987 991
987 992
988 989
988 992
988 993
989 990
989 993
989 994
990 994
991 992
991 995
992 993
992 995
992 996
993 994
993 996
993 997
994 997
995 996
995 998
996 997
996 998
996 999
997 999
998 999
998 1000
999 1000
1001 1002
1001 1036
1001 1082
1001 1104
1002 1003
1002 1034
1002 1036
1002 1103
1002 1104
1003 1004
1003 1031
1003 1034
1003 1102
1003 1103
1004 1005
1004 1027
1004 1031
1004 1101
1004 1102
1005 1006
1005 1022
1005 1027
1005 1100
1005 1101
1006 1007
1006 1016
1006 1022
1006 1099
1006 1100
1007 1008
1007 1009
1007 1016
1007 1098
1007 1099
1008 1009
1008 1097
1008 1098
1009 1010
1009 1016
1010 1011
1010 1016
1010 1017
1011 1012
1011 1017
1011 1018
1012 1013
1012 1018
1012 1019
1013 1014
1013 1019
1013 1020
1014 1015
1014 1020
1014 1021
1015 1021
1016 1017
1016 1022
1017 1018
1017 1022
1017 1023
1018 1019
1018 1023
1018 1024
1019 1020
1019 1024
1019 1025
1020 1021
1020 1025
1020 1026
1021 1026
1022 1023
1022 1027
1023 1024
1023 1027
1023 1028
1024 1025
1024 1028
1024 1029
1025 1026
1025 1029
1025 1030
1026 1030
1027 1028
1027 1031
1028 1029
1028 1031
1028 1032
1029 1030
1029 1032
1029 1033
1030 1033
1031 1032
1031 1034
1032 1033
1032 1034
1032 1035
1033 1035
1034 1035
1034 1036
1035 1036
1037 1038
1037 1060
1038 1039
1038 1060
1038 1066
1039 1040
1039 1066
1039 1071
1040 1041
1040 1071
1040 1075
1041 1042
1041 1075
1041 1078
1042 1043
1042 1078
1042 1080
1043 1044
1043 1080
1043 1081
1044 1045
1044 1046
1044 1081
1045 1046
1045 1162
1045 1198
1046 1047
1046 1081
1046 1162
1046 1176
1047 1048
1047 1079
1047 1081
1047 1175
1047 1176
1048 1049
1048 1076
1048 1079
1048 1174
1048 1175
1049 1050
1049 1072
1049 1076
1049 1173
1049 1174
1050 1051
1050 1067
1050 1072
1050 1172
1050 1173
1051 1052
1051 1061
1051 1067
1051 1171
1051 1172
1052 1053
1052 1054
1052 1061
1052 1170
1052 1171
1053 1054
1053 1082
1053 1170
1054 1055
1054 1061
1055 1056
1055 1061
1055 1062
1056 1057
1056 1062
1056 1063
1057 1058
1057 1063
1057 1064
1058 1059
1058 1064
1058 1065
1059 1060
1059 1065
1059 1066
1060 1066
1061 1062
1061 1067
1062 1063
1062 1067
1062 1068
1063 1064
1063 1068
1063 1069
1064 1065
1064 1069
1064 1070
1065 1066
1065 1070
1065 1071
1066 1071
1067 1068
1067 1072
1068 1069
1068 1072
1068 1073
1069 1070
1069 1073
1069 1074
1070 1071
1070 1074
1070 1075
1071 1075
1072 1073
1072 1076
1073 1074
1073 1076
1073 1077
1074 1075
1074 1077
1074 1078
1075 1078
1076 1077
1076 1079
1077 1078
1077 1079
1077 1080
1078 1080
1079 1080
1079 1081
1080 1081
1082 1083
1082 1104
1082 1170
1083 1084
1083 1104
1083 1110
1083 1170
1083 1177
1084 1085
1084 1110
1084 1115
1084 1177
1084 1183
1085 1086
1085 1115
1085 1119
1085 1183
1085 1188
1086 1087
1086 1119
1086 1122
1086 1188
1086 1192
1087 1088
1087 1122
1087 1124
1087 1192
1087 1195
1088 1089
1088 1124
1088 1125
1088 1195
1088 1197
1089 1090
1089 1125
1089 1169
1089 1197
1090 1091
1090 1125
1090 1126
1090 1161
1091 1092
1091 1123
1091 1125
1091 1160
1091 1161
1092 1093
1092 1120
1092 1123
1092 1158
1092 1160
1093 1094
1093 1116
1093 1120
1093 1155
1093 1158
1094 1095
1094 1111
1094 1116
1094 1151
1094 1155
1095 1096
1095 1105
1095 1111
1095 1146
1095 1151
1096 1097
1096 1098
1096 1105
1096 1140
1096 1146
1097 1098
1097 1140
1098 1099
1098 1105
1099 1100
1099 1105
1099 1106
1100 1101
1100 1106
1100 1107
1101 1102
1101 1107
1101 1108
1102 1103
1102 1108
1102 1109
1103 1104
1103 1109
1103 1110
1104 1110
1105 1106
1105 1111
1106 1107
1106 1111
1106 1112
1107 1108
1107 1112
1107 1113
1108 1109
1108 1113
1108 1114
1109 1110
1109 1114
1109 1115
1110 1115
1111 1112
1111 1116
1112 1113
1112 1116
1112 1117
1113 1114
1113 1117
1113 1118
1114 1115
1114 1118
1114 1119
1115 1119
1116 1117
1116 1120
1117 1118
1117 1120
1117 1121
1118 1119
1118 1121
1118 1122
1119 1122
1120 1121
1120 1123
1121 1122
1121 1123
1121 1124
1122 1124
1123 1124
1123 1125
1124 1125
1126 1127
1126 1161
1126 1248
1127 1128
1127 1159
1127 1161
1127 1247
1127 1248
1128 1129
1128 1156
1128 1159
1128 1246
1128 1247
1129 1130
1129 1152
1129 1156
1129 1245
1129 1246
1130 1131
1130 1147
1130 1152
1130 1244
1130 1245
1131 1132
1131 1141
1131 1147
1131 1243
1131 1244
1132 1133
1132 1134
1132 1141
1132 1242
1132 1243
1133 1134
1133 1241
1133 1242
1134 1135
1134 1141
1135 1136
1135 1141
1135 1142
1136 1137
1136 1142
1136 1143
1137 1138
1137 1143
1137 1144
1138 1139
1138 1144
1138 1145
1139 1140
1139 1145
1139 1146
1140 1146
1141 1142
1141 1147
1142 1143
1142 1147
1142 1148
1143 1144
1143 1148
1143 1149
1144 1145
1144 1149
1144 1150
1145 1146
1145 1150
1145 1151
1146 1151
1147 1148
1147 1152
1148 1149
1148 1152
1148 1153
1149 1150
1149 1153
1149 1154
1150 1151
1150 1154
1150 1155
1151 1155
1152 1153
1152 1156
1153 1154
1153 1156
1153 1157
1154 1155
1154 1157
1154 1158
1155 1158
1156 1157
1156 1159
1157 1158
1157 1159
1157 1160
1158 1160
1159 1160
1159 1161
1160 1161
1162 1163
1162 1176
1162 1198
1162 1212
1163 1164
1163 1176
1163 1182
1163 1211
1163 1212
1164 1165
1164 1182
1164 1187
1164 1210
1164 1211
1165 1166
1165 1187
1165 1191
1165 1209
1165 1210
1166 1167
1166 1191
1166 1194
1166 1208
1166 1209
1167 1168
1167 1194
1167 1196
1167 1207
1167 1208
1168 1169
1168 1196
1168 1197
1168 1206
1168 1207
1169 1197
1169 1206
1170 1171
1170 1177
1171 1172
1171 1177
1171 1178
1172 1173
1172 1178
1172 1179
1173 1174
1173 1179
1173 1180
1174 1175
1174 1180
1174 1181
1175 1176
1175 1181
1175 1182
1176 1182
1177 1178
1177 1183
1178 1179
1178 1183
1178 1184
1179 1180
1179 1184
1179 1185
1180 1181
1180 1185
1180 1186
1181 1182
1181 1186
1181 1187
1182 1187
1183 1184
1183 1188
1184 1185
1184 1188
1184 1189
1185 1186
1185 1189
1185 1190
1186 1187
1186 1190
1186 1191
1187 1191
1188 1189
1188 1192
1189 1190
1189 1192
1189 1193
1190 1191
1190 1193
1190 1194
1191 1194
1192 1193
1192 1195
1193 1194
1193 1195
1193 1196
1194 1196
1195 1196
1195 1197
1196 1197
1198 1199
1198 1212
1199 1200
1199 1212
1199 1218
1200 1201
1200 1218
1200 1223
1201 1202
1201 1223
1201 1227
1202 1203
1202 1227
1202 1230
1203 1204
1203 1230
1203 1232
1204 1205
1204 1232
1204 1233
1205 1233
1206 1207
1206 1213
1207 1208
1207 1213
1207 1214
1208 1209
1208 1214
1208 1215
1209 1210
1209 1215
1209 1216
1210 1211
1210 1216
1210 1217
1211 1212
1211 1217
1211 1218
1212 1218
1213 1214
1213 1219
1214 1215
1214 1219
1214 1220
1215 1216
1215 1220
1215 1221
1216 1217
1216 1221
1216 1222
1217 1218
1217 1222
1217 1223
1218 1223
1219 1220
1219 1224
1220 1221
1220 1224
1220 1225
1221 1222
1221 1225
1221 1226
1222 1223
1222 1226
1222 1227
1223 1227
1224 1225
1224 1228
1225 1226
1225 1228
1225 1229
1226 1227
1226 1229
1226 1230
1227 1230
1228 1229
1228 1231
1229 1230
1229 1231
1229 1232
1230 1232
1231 1232
1231 1233
1232 1233
1234 1235
1234 1269
1235 1236
1235 1267
1235 1269
1236 1237
1236 1264
1236 1267
1237 1238
1237 1260
1237 1264
1238 1239
1238 1255
1238 1260
1239 1240
1239 1249
1239 1255
1240 1241
1240 1242
1240 1249
1241 1242
1242 1243
1242 1249
1243 1244
1243 1249
1243 1250
1244 1245
1244 1250
1244 1251
1245 1246
1245 1251
1245 1252
1246 1247
1246 1252
1246 1253
1247 1248
1247 1253
1247 1254
1248 1254
1249 1250
1249 1255
1250 1251
1250 1255
1250 1256
1251 1252
1251 1256
1251 1257
1252 1253
1252 1257
1252 1258
1253 1254
1253 1258
1253 1259
1254 1259
1255 1256
1255 1260
1256 1257
1256 1260
1256 1261
1257 1258
1257 1261
1257 1262
1258 1259
1258 1262
1258 1263
1259 1263
1260 1261
1260 1264
1261 1262
1261 1264
1261 1265
1262 1263
1262 1265
1262 1266
1263 1266
1264 1265
1264 1267
1265 1266
1265 1267
1265 1268
1266 1268
1267 1268
1267 1269
1268 1269
