778 2247
0 1
0 20
0 672
0 673
0 694
0 720
1 2
1 20
1 21
1 720
1 742
2 3
2 21
2 22
2 742
2 747
3 4
3 22
3 23
3 747
3 751
4 5
4 23
4 24
4 751
4 754
5 6
5 24
5 25
5 754
5 756
6 7
6 8
6 25
6 741
6 756
7 8
7 741
8 9
8 25
9 10
9 25
9 29
10 11
10 29
10 32
11 12
11 32
11 34
12 13
12 34
12 35
13 14
13 15
13 35
14 15
14 757
15 16
15 35
15 757
15 777
16 17
16 33
16 35
16 776
16 777
17 18
17 30
17 33
17 774
17 776
18 19
18 26
18 30
18 771
18 774
19 20
19 21
19 26
19 767
19 771
20 21
20 694
20 767
21 22
21 26
22 23
22 26
22 27
23 24
23 27
23 28
24 25
24 28
24 29
25 29
26 27
26 30
27 28
27 30
27 31
28 29
28 31
28 32
29 32
30 31
30 33
31 32
31 33
31 34
32 34
33 34
33 35
34 35
36 37
36 56
36 427
37 38
37 56
37 57
38 39
38 57
38 58
39 40
39 58
39 59
40 41
40 59
40 60
41 42
41 60
41 61
42 43
42 44
42 61
43 44
43 72
43 100
43 128
44 45
44 61
44 72
44 85
45 46
45 61
45 65
45 85
45 90
46 47
46 65
46 68
46 90
46 94
47 48
47 68
47 70
47 94
47 97
48 49
48 70
48 71
48 97
48 99
49 50
49 51
49 71
49 84
49 99
50 51
50 84
50 371
50 399
50 415
51 52
51 71
51 415
51 432
52 53
52 69
52 71
52 431
52 432
53 54
53 66
53 69
53 430
53 431
54 55
54 62
54 66
54 429
54 430
55 56
55 57
55 62
55 428
55 429
56 57
56 427
56 428
57 58
57 62
58 59
58 62
58 63
59 60
59 63
59 64
60 61
60 64
60 65
61 65
62 63
62 66
63 64
63 66
63 67
64 65
64 67
64 68
65 68
66 67
66 69
67 68
67 69
67 70
68 70
69 70
69 71
70 71
72 73
72 85
72 100
72 113
73 74
73 85
73 86
73 113
73 118
74 75
74 86
74 87
74 118
74 122
75 76
75 87
75 88
75 122
75 125
76 77
76 88
76 89
76 125
76 127
77 78
77 79
77 89
77 112
77 127
78 79
78 112
78 245
78 322
78 350
79 80
79 89
79 350
79 376
80 81
80 89
80 93
80 375
80 376
81 82
81 93
81 96
81 374
81 375
82 83
82 96
82 98
82 373
82 374
83 84
83 98
83 99
83 372
83 373
84 99
84 371
84 372
85 86
85 90
86 87
86 90
86 91
87 88
87 91
87 92
88 89
88 92
88 93
89 93
90 91
90 94
91 92
91 94
91 95
92 93
92 95
92 96
93 96
94 95
94 97
95 96
95 97
95 98
96 98
97 98
97 99
98 99
100 101
100 113
100 128
100 141
101 102
101 113
101 114
101 141
101 146
102 103
102 114
102 115
102 146
102 150
103 104
103 115
103 116
103 150
103 153
104 105
104 116
104 117
104 153
104 155
105 106
105 107
105 117
105 140
105 155
106 107
106 140
106 168
106 196
106 224
107 108
107 117
107 224
107 246
108 109
108 117
108 121
108 246
108 251
109 110
109 121
109 124
109 251
109 255
110 111
110 124
110 126
110 255
110 258
111 112
111 126
111 127
111 258
111 260
112 127
112 245
112 260
113 114
113 118
114 115
114 118
114 119
115 116
115 119
115 120
116 117
116 120
116 121
117 121
118 119
118 122
119 120
119 122
119 123
120 121
120 123
120 124
121 124
122 123
122 125
123 124
123 125
123 126
124 126
125 126
125 127
126 127
128 129
128 141
129 130
129 141
129 142
130 131
130 142
130 143
131 132
131 143
131 144
132 133
132 144
132 145
133 134
133 135
133 145
134 135
134 156
135 136
135 145
135 156
135 169
136 137
136 145
136 149
136 169
136 174
137 138
137 149
137 152
137 174
137 178
138 139
138 152
138 154
138 178
138 181
139 140
139 154
139 155
139 181
139 183
140 155
140 168
140 183
141 142
141 146
142 143
142 146
142 147
143 144
143 147
143 148
144 145
144 148
144 149
145 149
146 147
146 150
147 148
147 150
147 151
148 149
148 151
148 152
149 152
150 151
150 153
151 152
151 153
151 154
152 154
153 154
153 155
154 155
156 157
156 169
157 158
157 169
157 170
158 159
158 170
158 171
159 160
159 171
159 172
160 161
160 172
160 173
161 162
161 163
161 173
162 163
162 184
163 164
163 173
163 184
163 201
164 165
164 173
164 177
164 200
164 201
165 166
165 177
165 180
165 199
165 200
166 167
166 180
166 182
166 198
166 199
167 168
167 182
167 183
167 197
167 198
168 183
168 196
168 197
169 170
169 174
170 171
170 174
170 175
171 172
171 175
171 176
172 173
172 176
172 177
173 177
174 175
174 178
175 176
175 178
175 179
176 177
176 179
176 180
177 180
178 179
178 181
179 180
179 181
179 182
180 182
181 182
181 183
182 183
184 185
184 201
185 186
185 201
185 205
186 187
186 205
186 208
187 188
187 208
187 210
188 189
188 210
188 211
189 190
189 191
189 211
190 191
190 212
190 261
191 192
191 211
191 212
191 229
192 193
192 209
192 211
192 228
192 229
193 194
193 206
193 209
193 227
193 228
194 195
194 202
194 206
194 226
194 227
195 196
195 197
195 202
195 225
195 226
196 197
196 224
196 225
197 198
197 202
198 199
198 202
198 203
199 200
199 203
199 204
200 201
200 204
200 205
201 205
202 203
202 206
203 204
203 206
203 207
204 205
204 207
204 208
205 208
206 207
206 209
207 208
207 209
207 210
208 210
209 210
209 211
210 211
212 213
212 229
212 261
212 278
213 214
213 229
213 233
213 277
213 278
214 215
214 233
214 236
214 276
214 277
215 216
215 236
215 238
215 275
215 276
216 217
216 238
216 239
216 274
216 275
217 218
217 219
217 239
217 273
217 274
218 219
218 240
218 273
218 301
219 220
219 239
219 240
219 250
220 221
220 237
220 239
220 249
220 250
221 222
221 234
221 237
221 248
221 249
222 223
222 230
222 234
222 247
222 248
223 224
223 225
223 230
223 246
223 247
224 225
224 246
225 226
225 230
226 227
226 230
226 231
227 228
227 231
227 232
228 229
228 232
228 233
229 233
230 231
230 234
231 232
231 234
231 235
232 233
232 235
232 236
233 236
234 235
234 237
235 236
235 237
235 238
236 238
237 238
237 239
238 239
240 241
240 250
240 301
240 327
241 242
241 250
241 254
241 326
241 327
242 243
242 254
242 257
242 325
242 326
243 244
243 257
243 259
243 324
243 325
244 245
244 259
244 260
244 323
244 324
245 260
245 322
245 323
246 247
246 251
247 248
247 251
247 252
248 249
248 252
248 253
249 250
249 253
249 254
250 254
251 252
251 255
252 253
252 255
252 256
253 254
253 256
253 257
254 257
255 256
255 258
256 257
256 258
256 259
257 259
258 259
258 260
259 260
261 262
261 278
262 263
262 278
262 282
263 264
263 282
263 285
264 265
264 285
264 287
265 266
265 287
265 288
266 267
266 268
266 288
267 268
267 289
267 541
268 269
268 288
268 289
268 306
269 270
269 286
269 288
269 305
269 306
270 271
270 283
270 286
270 304
270 305
271 272
271 279
271 283
271 303
271 304
272 273
272 274
272 279
272 302
272 303
273 274
273 301
273 302
274 275
274 279
275 276
275 279
275 280
276 277
276 280
276 281
277 278
277 281
277 282
278 282
279 280
279 283
280 281
280 283
280 284
281 282
281 284
281 285
282 285
283 284
283 286
284 285
284 286
284 287
285 287
286 287
286 288
287 288
289 290
289 306
289 541
289 551
290 291
290 306
290 310
290 550
290 551
291 292
291 310
291 313
291 549
291 550
292 293
292 313
292 315
292 548
292 549
293 294
293 315
293 316
293 547
293 548
294 295
294 296
294 316
294 513
294 547
295 296
295 317
295 338
295 492
295 513
296 297
296 316
296 317
296 337
297 298
297 314
297 316
297 336
297 337
298 299
298 311
298 314
298 334
298 336
299 300
299 307
299 311
299 331
299 334
300 301
300 302
300 307
300 327
300 331
301 302
301 327
302 303
302 307
303 304
303 307
303 308
304 305
304 308
304 309
305 306
305 309
305 310
306 310
307 308
307 311
308 309
308 311
308 312
309 310
309 312
309 313
310 313
311 312
311 314
312 313
312 314
312 315
313 315
314 315
314 316
315 316
317 318
317 337
317 338
317 355
318 319
318 335
318 337
318 354
318 355
319 320
319 332
319 335
319 353
319 354
320 321
320 328
320 332
320 352
320 353
321 322
321 323
321 328
321 351
321 352
322 323
322 350
322 351
323 324
323 328
324 325
324 328
324 329
325 326
325 329
325 330
326 327
326 330
326 331
327 331
328 329
328 332
329 330
329 332
329 333
330 331
330 333
330 334
331 334
332 333
332 335
333 334
333 335
333 336
334 336
335 336
335 337
336 337
338 339
338 355
338 492
338 502
339 340
339 355
339 359
339 501
339 502
340 341
340 359
340 362
340 500
340 501
341 342
341 362
341 364
341 499
341 500
342 343
342 364
342 365
342 498
342 499
343 344
343 345
343 365
343 464
343 498
344 345
344 366
344 387
344 464
345 346
345 365
345 366
345 386
346 347
346 363
346 365
346 385
346 386
347 348
347 360
347 363
347 383
347 385
348 349
348 356
348 360
348 380
348 383
349 350
349 351
349 356
349 376
349 380
350 351
350 376
351 352
351 356
352 353
352 356
352 357
353 354
353 357
353 358
354 355
354 358
354 359
355 359
356 357
356 360
357 358
357 360
357 361
358 359
358 361
358 362
359 362
360 361
360 363
361 362
361 363
361 364
362 364
363 364
363 365
364 365
366 367
366 386
366 387
366 404
367 368
367 384
367 386
367 403
367 404
368 369
368 381
368 384
368 402
368 403
369 370
369 377
369 381
369 401
369 402
370 371
370 372
370 377
370 400
370 401
371 372
371 399
371 400
372 373
372 377
373 374
373 377
373 378
374 375
374 378
374 379
375 376
375 379
375 380
376 380
377 378
377 381
378 379
378 381
378 382
379 380
379 382
379 383
380 383
381 382
381 384
382 383
382 384
382 385
383 385
384 385
384 386
385 386
387 388
387 404
387 464
387 477
388 389
388 404
388 408
388 477
388 482
389 390
389 408
389 411
389 482
389 486
390 391
390 411
390 413
390 486
390 489
391 392
391 413
391 414
391 489
391 491
392 393
392 394
392 414
392 476
392 491
393 394
393 443
393 476
393 623
393 678
394 395
394 414
394 443
394 453
395 396
395 412
395 414
395 452
395 453
396 397
396 409
396 412
396 451
396 452
397 398
397 405
397 409
397 450
397 451
398 399
398 400
398 405
398 449
398 450
399 400
399 415
399 449
400 401
400 405
401 402
401 405
401 406
402 403
402 406
402 407
403 404
403 407
403 408
404 408
405 406
405 409
406 407
406 409
406 410
407 408
407 410
407 411
408 411
409 410
409 412
410 411
410 412
410 413
411 413
412 413
412 414
413 414
415 416
415 432
415 449
416 417
416 432
416 436
416 449
416 454
417 418
417 436
417 439
417 454
417 458
418 419
418 439
418 441
418 458
418 461
419 420
419 441
419 442
419 461
419 463
420 421
420 422
420 442
420 448
420 463
421 422
421 448
421 699
421 762
422 423
422 442
423 424
423 440
423 442
424 425
424 437
424 440
425 426
425 433
425 437
426 427
426 428
426 433
427 428
428 429
428 433
429 430
429 433
429 434
430 431
430 434
430 435
431 432
431 435
431 436
432 436
433 434
433 437
434 435
434 437
434 438
435 436
435 438
435 439
436 439
437 438
437 440
438 439
438 440
438 441
439 441
440 441
440 442
441 442
443 444
443 453
443 678
443 704
444 445
444 453
444 457
444 703
444 704
445 446
445 457
445 460
445 702
445 703
446 447
446 460
446 462
446 701
446 702
447 448
447 462
447 463
447 700
447 701
448 463
448 699
448 700
449 450
449 454
450 451
450 454
450 455
451 452
451 455
451 456
452 453
452 456
452 457
453 457
454 455
454 458
455 456
455 458
455 459
456 457
456 459
456 460
457 460
458 459
458 461
459 460
459 461
459 462
460 462
461 462
461 463
462 463
464 465
464 477
464 498
465 466
465 477
465 478
465 498
465 503
466 467
466 478
466 479
466 503
466 507
467 468
467 479
467 480
467 507
467 510
468 469
468 480
468 481
468 510
468 512
469 470
469 471
469 481
469 497
469 512
470 471
470 497
470 525
470 574
470 602
471 472
471 481
471 602
471 628
472 473
472 481
472 485
472 627
472 628
473 474
473 485
473 488
473 626
473 627
474 475
474 488
474 490
474 625
474 626
475 476
475 490
475 491
475 624
475 625
476 491
476 623
476 624
477 478
477 482
478 479
478 482
478 483
479 480
479 483
479 484
480 481
480 484
480 485
481 485
482 483
482 486
483 484
483 486
483 487
484 485
484 487
484 488
485 488
486 487
486 489
487 488
487 489
487 490
488 490
489 490
489 491
490 491
492 493
492 502
492 513
492 526
493 494
493 502
493 506
493 526
493 531
494 495
494 506
494 509
494 531
494 535
495 496
495 509
495 511
495 535
495 538
496 497
496 511
496 512
496 538
496 540
497 512
497 525
497 540
498 499
498 503
499 500
499 503
499 504
500 501
500 504
500 505
501 502
501 505
501 506
502 506
503 504
503 507
504 505
504 507
504 508
505 506
505 508
505 509
506 509
507 508
507 510
508 509
508 510
508 511
509 511
510 511
510 512
511 512
513 514
513 526
513 547
514 515
514 526
514 527
514 547
514 552
515 516
515 527
515 528
515 552
515 556
516 517
516 528
516 529
516 556
516 559
517 518
517 529
517 530
517 559
517 561
518 519
518 520
518 530
518 546
518 561
519 520
519 546
519 562
520 521
520 530
520 562
520 579
521 522
521 530
521 534
521 578
521 579
522 523
522 534
522 537
522 577
522 578
523 524
523 537
523 539
523 576
523 577
524 525
524 539
524 540
524 575
524 576
525 540
525 574
525 575
526 527
526 531
527 528
527 531
527 532
528 529
528 532
528 533
529 530
529 533
529 534
530 534
531 532
531 535
532 533
532 535
532 536
533 534
533 536
533 537
534 537
535 536
535 538
536 537
536 538
536 539
537 539
538 539
538 540
539 540
541 542
541 551
542 543
542 551
542 555
543 544
543 555
543 558
544 545
544 558
544 560
545 546
545 560
545 561
546 561
547 548
547 552
548 549
548 552
548 553
549 550
549 553
549 554
550 551
550 554
550 555
551 555
552 553
552 556
553 554
553 556
553 557
554 555
554 557
554 558
555 558
556 557
556 559
557 558
557 559
557 560
558 560
559 560
559 561
560 561
562 563
562 579
563 564
563 579
563 583
564 565
564 583
564 586
565 566
565 586
565 588
566 567
566 588
566 589
567 568
567 569
567 589
568 569
568 590
568 639
569 570
569 589
569 590
569 607
570 571
570 587
570 589
570 606
570 607
571 572
571 584
571 587
571 605
571 606
572 573
572 580
572 584
572 604
572 605
573 574
573 575
573 580
573 603
573 604
574 575
574 602
574 603
575 576
575 580
576 577
576 580
576 581
577 578
577 581
577 582
578 579
578 582
578 583
579 583
580 581
580 584
581 582
581 584
581 585
582 583
582 585
582 586
583 586
584 585
584 587
585 586
585 587
585 588
586 588
587 588
587 589
588 589
590 591
590 607
590 639
590 656
591 592
591 607
591 611
591 655
591 656
592 593
592 611
592 614
592 654
592 655
593 594
593 614
593 616
593 653
593 654
594 595
594 616
594 617
594 652
594 653
595 596
595 597
595 617
595 651
595 652
596 597
596 618
596 651
596 667
597 598
597 617
597 618
597 638
598 599
598 615
598 617
598 637
598 638
599 600
599 612
599 615
599 635
599 637
600 601
600 608
600 612
600 632
600 635
601 602
601 603
601 608
601 628
601 632
602 603
602 628
603 604
603 608
604 605
604 608
604 609
605 606
605 609
605 610
606 607
606 610
606 611
607 611
608 609
608 612
609 610
609 612
609 613
610 611
610 613
610 614
611 614
612 613
612 615
613 614
613 615
613 616
614 616
615 616
615 617
616 617
618 619
618 638
618 667
618 683
619 620
619 636
619 638
619 682
619 683
620 621
620 633
620 636
620 681
620 682
621 622
621 629
621 633
621 680
621 681
622 623
622 624
622 629
622 679
622 680
623 624
623 678
623 679
624 625
624 629
625 626
625 629
625 630
626 627
626 630
626 631
627 628
627 631
627 632
628 632
629 630
629 633
630 631
630 633
630 634
631 632
631 634
631 635
632 635
633 634
633 636
634 635
634 636
634 637
635 637
636 637
636 638
637 638
639 640
639 656
640 641
640 656
640 660
641 642
641 660
641 663
642 643
642 663
642 665
643 644
643 665
643 666
644 645
644 646
644 666
645 646
645 715
645 736
646 647
646 666
646 715
646 725
647 648
647 664
647 666
647 724
647 725
648 649
648 661
648 664
648 723
648 724
649 650
649 657
649 661
649 722
649 723
650 651
650 652
650 657
650 721
650 722
651 652
651 667
651 721
652 653
652 657
653 654
653 657
653 658
654 655
654 658
654 659
655 656
655 659
655 660
656 660
657 658
657 661
658 659
658 661
658 662
659 660
659 662
659 663
660 663
661 662
661 664
662 663
662 664
662 665
663 665
664 665
664 666
665 666
667 668
667 683
667 721
668 669
668 683
668 687
668 721
668 726
669 670
669 687
669 690
669 726
669 730
670 671
670 690
670 692
670 730
670 733
671 672
671 692
671 693
671 733
671 735
672 673
672 693
672 720
672 735
673 674
673 693
673 694
673 714
674 675
674 691
674 693
674 713
674 714
675 676
675 688
675 691
675 711
675 713
676 677
676 684
676 688
676 708
676 711
677 678
677 679
677 684
677 704
677 708
678 679
678 704
679 680
679 684
680 681
680 684
680 685
681 682
681 685
681 686
682 683
682 686
682 687
683 687
684 685
684 688
685 686
685 688
685 689
686 687
686 689
686 690
687 690
688 689
688 691
689 690
689 691
689 692
690 692
691 692
691 693
692 693
694 695
694 714
694 767
695 696
695 712
695 714
695 766
695 767
696 697
696 709
696 712
696 765
696 766
697 698
697 705
697 709
697 764
697 765
698 699
698 700
698 705
698 763
698 764
699 700
699 762
699 763
700 701
700 705
701 702
701 705
701 706
702 703
702 706
702 707
703 704
703 707
703 708
704 708
705 706
705 709
706 707
706 709
706 710
707 708
707 710
707 711
708 711
709 710
709 712
710 711
710 712
710 713
711 713
712 713
712 714
713 714
715 716
715 725
715 736
715 746
716 717
716 725
716 729
716 745
716 746
717 718
717 729
717 732
717 744
717 745
718 719
718 732
718 734
718 743
718 744
719 720
719 734
719 735
719 742
719 743
720 735
720 742
721 722
721 726
722 723
722 726
722 727
723 724
723 727
723 728
724 725
724 728
724 729
725 729
726 727
726 730
727 728
727 730
727 731
728 729
728 731
728 732
729 732
730 731
730 733
731 732
731 733
731 734
732 734
733 734
733 735
734 735
736 737
736 746
737 738
737 746
737 750
738 739
738 750
738 753
739 740
739 753
739 755
740 741
740 755
740 756
741 756
742 743
742 747
743 744
743 747
743 748
744 745
744 748
744 749
745 746
745 749
745 750
746 750
747 748
747 751
748 749
748 751
748 752
749 750
749 752
749 753
750 753
751 752
751 754
752 753
752 754
752 755
753 755
754 755
754 756
755 756
757 758
757 777
758 759
758 775
758 777
759 760
759 772
759 775
760 761
760 768
760 772
761 762
761 763
761 768
762 763
763 764
763 768
764 765
764 768
764 769
765 766
765 769
765 770
766 767
766 770
766 771
767 771
768 769
768 772
769 770
769 772
769 773
770 771
770 773
770 774
771 774
772 773
772 775
773 774
773 775
773 776
774 776
775 776
775 777
776 777
