57 127
0 1
0 7
0 8
0 42
0 44
0 10
0 11
0 13
0 43
1 10
1 13
1 7
1 8
1 11
1 42
1 43
1 44
2 3
2 13
4 5
4 11
4 10
4 45
5 6
5 10
5 11
5 45
7 8
7 14
9 10
9 43
9 11
10 11
10 12
10 43
11 12
11 45
12 45
15 17
15 29
16 29
17 42
17 43
18 19
18 20
18 21
18 28
18 30
18 29
19 20
19 21
19 28
19 29
19 30
20 21
20 28
20 22
21 22
21 28
22 23
22 28
23 24
23 28
24 25
24 28
25 26
25 28
26 27
26 28
27 28
29 30
31 32
31 33
31 34
31 41
31 43
31 42
32 33
32 34
32 41
32 42
32 43
33 34
33 41
33 35
34 35
34 41
35 36
35 41
36 37
36 41
37 38
37 41
38 39
38 41
39 40
39 41
40 41
42 43
44 45
44 46
44 47
45 46
45 47
46 47
46 48
46 49
46 56
47 48
47 49
47 56
48 49
48 56
48 50
49 50
49 56
50 51
50 56
51 52
51 56
52 53
52 56
53 54
53 56
54 55
54 56
55 56
